Timestamp WorkflowId PeakValueRss1 PeakValueRss2 PeakValueRss3 PeakValueRss4 PeakValueRss5 PeakValueRss6 PeakValueRss7 PeakValueRss8 PeakValueRss9 PeakValueVsize1 PeakValueVsize2 PeakValueVsize3 PeakValueVsize4 PeakValueVsize5 PeakValueVsize6 PeakValueVsize7 PeakValueVsize8 PeakValueVsize9 TotalJobCPU1 TotalJobCPU2 TotalJobCPU3 TotalJobCPU4 TotalJobCPU5 TotalJobCPU6 TotalJobCPU7 TotalJobCPU8 TotalJobCPU9 TotalJobTime1 TotalJobTime2 TotalJobTime3 TotalJobTime4 TotalJobTime5 TotalJobTime6 TotalJobTime7 TotalJobTime8 TotalJobTime9 
1760824800.0 1.0 143 167 243 NA NA NA NA NA NA 267 240 396 NA NA NA NA NA NA 782 182 465 NA NA NA NA NA NA 590 163 562 NA NA NA NA NA NA 
1760824800.0 10.0 NA 198 372 0 NA NA NA NA NA NA 298 595 0 NA NA NA NA NA NA 716 1379 280 NA NA NA NA NA NA 326 964 307 NA NA NA NA NA 
1760824800.0 1000.0 NA 320 209 0 108 NA NA NA NA NA 500 330 0 175 NA NA NA NA NA 1138 338 141 113 NA NA NA NA NA 766 351 165 126 NA NA NA NA 
1760824800.0 10001.0 NA 274 442 0 143 159 NA NA NA NA 375 651 0 207 250 NA NA NA NA 813 700 209 155 225 NA NA NA NA 363 710 236 229 265 NA NA NA 
1760824800.0 10002.0 NA 277 437 0 143 156 NA NA NA NA 368 658 0 205 241 NA NA NA NA 823 715 220 153 232 NA NA NA NA 354 799 251 195 281 NA NA NA 
1760824800.0 10003.0 NA 278 445 0 142 155 NA NA NA NA 378 672 0 207 242 NA NA NA NA 832 715 218 154 235 NA NA NA NA 360 724 240 205 295 NA NA NA 
1760824800.0 10004.0 NA 272 443 0 145 152 NA NA NA NA 379 645 0 216 247 NA NA NA NA 835 681 188 152 232 NA NA NA NA 359 717 211 200 282 NA NA NA 
1760824800.0 10005.0 NA 275 442 0 144 157 NA NA NA NA 379 645 0 211 244 NA NA NA NA 817 711 193 156 238 NA NA NA NA 361 760 217 225 324 NA NA NA 
1760824800.0 10006.0 NA 271 440 0 140 151 NA NA NA NA 372 659 0 209 239 NA NA NA NA 818 687 212 151 212 NA NA NA NA 359 723 234 192 238 NA NA NA 
1760824800.0 10007.0 NA 272 443 0 169 153 NA NA NA NA 377 647 0 286 252 NA NA NA NA 839 717 280 160 231 NA NA NA NA 449 725 297 200 311 NA NA NA 
1760824800.0 10008.0 NA 279 406 0 169 162 NA NA NA NA 367 668 0 289 243 NA NA NA NA 834 736 281 155 219 NA NA NA NA 368 842 306 186 244 NA NA NA 
1760824800.0 10009.0 NA 284 447 0 170 152 NA NA NA NA 379 664 0 287 249 NA NA NA NA 828 720 291 160 231 NA NA NA NA 379 755 311 199 262 NA NA NA 
1760824800.0 1001.0 NA 311 177 0 0 0 0 0 0 NA 455 262 0 0 0 0 0 0 NA 991 190 42 31 47 88 51 87 NA 787 229 57 46 60 117 67 103 
1760824800.0 1001.2 NA 531 229 0 0 0 0 NA NA NA 753 347 0 0 0 0 NA NA NA 5994 432 64 81 66 76 NA NA NA 2234 332 99 142 90 93 NA NA 
1760824800.0 1001.3 NA 499 213 0 NA NA NA NA NA NA 717 342 0 NA NA NA NA NA NA 3656 362 112 NA NA NA NA NA NA 1377 327 146 NA NA NA NA NA 
1760824800.0 1002.0 NA 364 134 NA NA NA NA NA NA NA 529 175 NA NA NA NA NA NA NA 1144 90 NA NA NA NA NA NA NA 854 81 NA NA NA NA NA NA 
1760824800.0 1002.3 NA 498 219 0 NA NA NA NA NA NA 698 329 0 NA NA NA NA NA NA 3350 383 133 NA NA NA NA NA NA 1541 333 185 NA NA NA NA NA 
1760824800.0 1002.4 NA 496 0 NA NA NA NA NA NA NA 742 0 NA NA NA NA NA NA NA 4346 188 NA NA NA NA NA NA NA 1620 212 NA NA NA NA NA NA 
1760824800.0 10023.0 NA 271 442 0 144 152 NA NA NA NA 377 665 0 209 242 NA NA NA NA 828 695 264 149 216 NA NA NA NA 391 806 309 186 273 NA NA NA 
1760824800.0 10024.0 NA 286 465 0 173 160 NA NA NA NA 389 673 0 291 253 NA NA NA NA 851 813 297 161 233 NA NA NA NA 355 787 340 227 270 NA NA NA 
1760824800.0 10024.1 NA 300 280 0 NA NA NA NA NA NA 389 413 0 NA NA NA NA NA NA 1075 413 702 NA NA NA NA NA NA 477 510 760 NA NA NA NA NA 
1760824800.0 10024.2 NA 286 464 0 NA NA NA NA NA NA 392 708 0 NA NA NA NA NA NA 844 812 300 NA NA NA NA NA NA 368 743 337 NA NA NA NA NA 
1760824800.0 10024.3 NA 297 266 0 NA NA NA NA NA NA 389 392 0 NA NA NA NA NA NA 897 424 564 NA NA NA NA NA NA 377 619 599 NA NA NA NA NA 
1760824800.0 10024.4 NA 302 469 0 NA NA NA NA NA NA 394 680 0 NA NA NA NA NA NA 987 1007 377 NA NA NA NA NA NA 480 978 418 NA NA NA NA NA 
1760824800.0 10025.0 NA 293 417 0 146 157 NA NA NA NA 381 658 0 210 253 NA NA NA NA 816 733 289 150 241 NA NA NA NA 358 750 311 186 339 NA NA NA 
1760824800.0 10026.0 NA 281 468 0 148 155 NA NA NA NA 395 717 0 213 247 NA NA NA NA 851 889 289 154 245 NA NA NA NA 495 890 319 189 314 NA NA NA 
1760824800.0 1003.0 NA 382 0 NA NA NA NA NA NA NA 632 0 NA NA NA NA NA NA NA 1209 126 NA NA NA NA NA NA NA 733 155 NA NA NA NA NA NA 
1760824800.0 1004.0 NA 265 148 0 0 0 0 NA NA NA 383 211 0 0 0 0 NA NA NA 406 109 31 43 84 83 NA NA NA 565 148 48 59 107 101 NA NA 
1760824800.0 10042.0 NA 276 463 0 171 157 NA NA NA NA 384 669 0 287 254 NA NA NA NA 837 742 383 160 225 NA NA NA NA 371 916 405 197 244 NA NA NA 
1760824800.0 1005.0 NA 211 157 0 0 NA NA NA NA NA 361 248 0 0 NA NA NA NA NA 208 95 42 60 NA NA NA NA NA 308 179 57 123 NA NA NA NA 
1760824800.0 10059.0 NA 293 463 0 145 160 NA NA NA NA 383 720 0 210 251 NA NA NA NA 861 1050 306 158 234 NA NA NA NA 363 966 341 212 262 NA NA NA 
1760824800.0 10071.0 NA 295 458 0 143 158 NA NA NA NA 401 678 0 209 244 NA NA NA NA 819 784 307 152 230 NA NA NA NA 374 823 339 183 239 NA NA NA 
1760824800.0 101.0 165 NA NA NA NA NA NA NA NA 287 NA NA NA NA NA NA NA NA 394 NA NA NA NA NA NA NA NA 362 NA NA NA NA NA NA NA NA 
1760824800.0 1010.0 NA 84 102 0 NA NA NA NA NA NA 148 164 0 NA NA NA NA NA NA 60 77 65 NA NA NA NA NA NA 109 98 86 NA NA NA NA NA 
1760824800.0 102.0 170 NA NA NA NA NA NA NA NA 279 NA NA NA NA NA NA NA NA 427 NA NA NA NA NA NA NA NA 368 NA NA NA NA NA NA NA NA 
1760824800.0 1020.0 NA 91 79 0 89 NA NA NA NA NA 162 148 0 158 NA NA NA NA NA 76 51 29 75 NA NA NA NA NA 150 64 53 126 NA NA NA NA 
1760824800.0 10224.0 NA 473 710 0 168 NA NA NA NA NA 632 1044 0 254 NA NA NA NA NA 2024 1915 358 299 NA NA NA NA NA 955 1358 384 362 NA NA NA NA 
1760824800.0 10224.15 NA 477 715 0 171 NA NA NA NA NA 643 1027 0 272 NA NA NA NA NA 1814 1612 373 330 NA NA NA NA NA 801 1390 426 368 NA NA NA NA 
1760824800.0 10225.0 NA 470 712 0 165 NA NA NA NA NA 648 968 0 243 NA NA NA NA NA 2106 1586 362 318 NA NA NA NA NA 1038 1197 386 373 NA NA NA NA 
1760824800.0 103.0 121 0 0 NA NA NA NA NA NA 204 0 0 NA NA NA NA NA NA 366 59 593 NA NA NA NA NA NA 332 69 625 NA NA NA NA NA NA 
1760824800.0 1030.0 NA 260 92 0 0 NA NA NA NA NA 431 154 0 0 NA NA NA NA NA 2303 72 31 29 NA NA NA NA NA 857 85 60 42 NA NA NA NA 
1760824800.0 1040.0 NA 466 81 0 NA NA NA NA NA NA 667 136 0 NA NA NA NA NA NA 5252 82 64 NA NA NA NA NA NA 1916 106 80 NA NA NA NA NA 
1760824800.0 1040.1 NA 122 80 0 NA NA NA NA NA NA 191 136 0 NA NA NA NA NA NA 147 56 53 NA NA NA NA NA NA 200 75 69 NA NA NA NA NA 
1760824800.0 1041.0 NA 119 87 0 NA NA NA NA NA NA 189 146 0 NA NA NA NA NA NA 101 63 34 NA NA NA NA NA NA 162 84 46 NA NA NA NA NA 
1760824800.0 1042.0 NA 120 83 0 NA NA NA NA NA NA 191 140 0 NA NA NA NA NA NA 190 65 34 NA NA NA NA NA NA 861 82 58 NA NA NA NA NA 
1760824800.0 10424.0 NA 253 470 0 NA NA NA NA NA NA 332 666 0 NA NA NA NA NA NA 254 971 411 NA NA NA NA NA NA 237 965 456 NA NA NA NA NA 
1760824800.0 1043.0 NA 104 84 0 NA NA NA NA NA NA 173 146 0 NA NA NA NA NA NA 125 63 31 NA NA NA NA NA NA 140 85 40 NA NA NA NA NA 
1760824800.0 1044.0 NA 102 107 0 NA NA NA NA NA NA 169 175 0 NA NA NA NA NA NA 122 89 35 NA NA NA NA NA NA 125 93 48 NA NA NA NA NA 
1760824800.0 1045.0 NA 103 102 0 NA NA NA NA NA NA 172 170 0 NA NA NA NA NA NA 127 86 31 NA NA NA NA NA NA 150 89 42 NA NA NA NA NA 
1760824800.0 105.0 157 172 82 NA NA NA NA NA NA 269 249 136 NA NA NA NA NA NA 709 157 60 NA NA NA NA NA NA 429 150 84 NA NA NA NA NA NA 
1760824800.0 1052.0 NA 211 157 0 NA NA NA NA NA NA 353 250 0 NA NA NA NA NA NA 237 89 31 NA NA NA NA NA NA 431 101 41 NA NA NA NA NA 
1760824800.0 1052.1 NA 141 0 NA NA NA NA NA NA NA 244 0 NA NA NA NA NA NA NA 103 38 NA NA NA NA NA NA NA 194 55 NA NA NA NA NA NA 
1760824800.0 106.0 118 0 0 NA NA NA NA NA NA 202 0 0 NA NA NA NA NA NA 302 67 599 NA NA NA NA NA NA 327 77 621 NA NA NA NA NA NA 
1760824800.0 1060.1 NA 153 NA NA NA NA NA NA NA NA 250 NA NA NA NA NA NA NA NA 308 NA NA NA NA NA NA NA NA 276 NA NA NA NA NA NA NA 
1760824800.0 1060.2 NA 152 NA NA NA NA NA NA NA NA 256 NA NA NA NA NA NA NA NA 299 NA NA NA NA NA NA NA NA 306 NA NA NA NA NA NA NA 
1760824800.0 107.0 154 167 342 NA NA NA NA NA NA 270 253 529 NA NA NA NA NA NA 831 173 687 NA NA NA NA NA NA 433 165 798 NA NA NA NA NA NA 
1760824800.0 108.0 158 178 362 NA NA NA NA NA NA 267 246 523 NA NA NA NA NA NA 1319 220 910 NA NA NA NA NA NA 679 190 904 NA NA NA NA NA NA 
1760824800.0 10801.0 NA 267 437 0 144 160 NA NA NA NA 361 652 0 209 246 NA NA NA NA 846 699 210 149 237 NA NA NA NA 412 751 235 180 295 NA NA NA 
1760824800.0 10802.0 NA 274 439 0 145 166 NA NA NA NA 373 636 0 206 248 NA NA NA NA 802 706 208 150 235 NA NA NA NA 344 773 235 196 263 NA NA NA 
1760824800.0 10803.0 NA 265 443 0 141 162 NA NA NA NA 370 667 0 207 246 NA NA NA NA 819 716 227 154 245 NA NA NA NA 404 749 259 203 298 NA NA NA 
1760824800.0 10804.0 NA 270 442 0 143 160 NA NA NA NA 371 653 0 205 250 NA NA NA NA 820 683 189 150 229 NA NA NA NA 348 734 214 188 251 NA NA NA 
1760824800.0 10804.31 NA 268 402 0 145 166 NA NA NA NA 374 663 0 207 252 NA NA NA NA 821 720 189 149 235 NA NA NA NA 357 1078 221 179 298 NA NA NA 
1760824800.0 10805.0 NA 259 440 0 143 160 NA NA NA NA 377 640 0 207 247 NA NA NA NA 818 705 186 148 229 NA NA NA NA 424 775 215 176 251 NA NA NA 
1760824800.0 10805.31 NA 278 440 0 144 164 NA NA NA NA 363 635 0 209 254 NA NA NA NA 804 710 186 156 234 NA NA NA NA 401 869 207 216 257 NA NA NA 
1760824800.0 10806.0 NA 266 431 0 141 156 NA NA NA NA 362 658 0 209 247 NA NA NA NA 820 707 220 151 231 NA NA NA NA 366 835 247 179 289 NA NA NA 
1760824800.0 10807.0 NA 270 435 0 170 154 NA NA NA NA 375 644 0 287 241 NA NA NA NA 829 720 265 163 232 NA NA NA NA 348 753 316 261 269 NA NA NA 
1760824800.0 10808.0 NA 266 439 0 171 155 NA NA NA NA 363 652 0 292 257 NA NA NA NA 840 725 300 157 232 NA NA NA NA 370 781 331 197 282 NA NA NA 
1760824800.0 10809.0 NA 268 440 0 168 157 NA NA NA NA 372 669 0 286 251 NA NA NA NA 828 736 298 158 238 NA NA NA NA 495 817 353 186 301 NA NA NA 
1760824800.0 10823.0 NA 273 444 0 146 164 NA NA NA NA 363 636 0 209 247 NA NA NA NA 967 823 319 175 287 NA NA NA NA 473 837 342 217 410 NA NA NA 
1760824800.0 10824.0 NA 283 469 0 173 159 NA NA NA NA 378 703 0 296 252 NA NA NA NA 837 787 295 162 247 NA NA NA NA 364 782 314 229 345 NA NA NA 
1760824800.0 10824.1 NA 290 284 0 NA NA NA NA NA NA 369 410 0 NA NA NA NA NA NA 897 384 666 NA NA NA NA NA NA 383 415 689 NA NA NA NA NA 
1760824800.0 10824.501 NA 292 161 0 NA NA NA NA NA NA 371 307 0 NA NA NA NA NA NA 832 226 203 NA NA NA NA NA NA 353 327 239 NA NA NA NA NA 
1760824800.0 10824.505 NA 293 160 0 NA NA NA NA NA NA 390 296 0 NA NA NA NA NA NA 824 229 236 NA NA NA NA NA NA 348 337 265 NA NA NA NA NA 
1760824800.0 10824.511 NA 292 126 0 NA NA NA NA NA NA 390 207 0 NA NA NA NA NA NA 820 156 73 NA NA NA NA NA NA 347 214 101 NA NA NA NA NA 
1760824800.0 10824.521 NA 289 121 0 NA NA NA NA NA NA 378 187 0 NA NA NA NA NA NA 820 146 77 NA NA NA NA NA NA 374 170 100 NA NA NA NA NA 
1760824800.0 10824.6 NA 276 432 0 174 170 NA NA NA NA 376 677 0 292 260 NA NA NA NA 856 796 290 164 235 NA NA NA NA 353 783 341 218 246 NA NA NA 
1760824800.0 10824.8 NA 277 454 0 173 161 NA NA NA NA 383 690 0 289 259 NA NA NA NA 864 807 292 156 248 NA NA NA NA 375 783 314 182 339 NA NA NA 
1760824800.0 10825.0 NA 270 447 0 142 159 NA NA NA NA 375 654 0 211 247 NA NA NA NA 845 725 290 154 228 NA NA NA NA 370 733 314 196 248 NA NA NA 
1760824800.0 10826.0 NA 279 463 0 146 163 NA NA NA NA 380 685 0 218 259 NA NA NA NA 855 832 286 152 231 NA NA NA NA 408 769 305 186 244 NA NA NA 
1760824800.0 10842.0 NA 273 453 0 173 156 NA NA NA NA 370 669 0 287 245 NA NA NA NA 856 747 377 162 234 NA NA NA NA 427 780 409 218 308 NA NA NA 
1760824800.0 10842.501 NA 287 157 0 NA NA NA NA NA NA 373 306 0 NA NA NA NA NA NA 828 219 244 NA NA NA NA NA NA 353 296 273 NA NA NA NA NA 
1760824800.0 10842.505 NA 289 163 0 NA NA NA NA NA NA 373 305 0 NA NA NA NA NA NA 844 217 287 NA NA NA NA NA NA 375 288 325 NA NA NA NA NA 
1760824800.0 10859.0 NA 287 471 0 148 158 NA NA NA NA 376 741 0 220 247 NA NA NA NA 859 1077 294 157 251 NA NA NA NA 376 872 316 197 334 NA NA NA 
1760824800.0 10871.0 NA 273 455 0 147 157 NA NA NA NA 382 697 0 215 251 NA NA NA NA 840 803 286 153 243 NA NA NA NA 368 875 311 185 283 NA NA NA 
1760824800.0 109.0 161 176 361 NA NA NA NA NA NA 273 253 515 NA NA NA NA NA NA 1312 226 923 NA NA NA NA NA NA 701 206 903 NA NA NA NA NA NA 
1760824800.0 11.0 NA 191 356 0 122 NA NA NA NA NA 272 507 0 185 NA NA NA NA NA 781 921 316 149 NA NA NA NA NA 364 809 352 208 NA NA NA NA 
1760824800.0 110.0 126 171 339 NA NA NA NA NA NA 213 245 486 NA NA NA NA NA NA 376 170 862 NA NA NA NA NA NA 344 171 901 NA NA NA NA NA NA 
1760824800.0 1102.0 NA 196 382 208 133 NA NA NA NA NA 294 570 362 266 NA NA NA NA NA 760 1710 936 149 NA NA NA NA NA 351 949 422 125 NA NA NA NA 
1760824800.0 11024.0 NA 544 799 0 169 NA NA NA NA NA 747 1139 0 257 NA NA NA NA NA 2593 2206 348 289 NA NA NA NA NA 1137 1432 369 362 NA NA NA NA 
1760824800.0 11024.15 NA 548 822 0 185 NA NA NA NA NA 730 1161 0 271 NA NA NA NA NA 1934 1667 314 270 NA NA NA NA NA 865 1089 375 268 NA NA NA NA 
1760824800.0 11024.2 NA 548 807 0 165 NA NA NA NA NA 737 1143 0 243 NA NA NA NA NA 2573 2110 380 230 NA NA NA NA NA 1101 1264 440 247 NA NA NA NA 
1760824800.0 11024.6 NA 538 811 0 171 NA NA NA NA NA 750 1199 0 254 NA NA NA NA NA 2474 2231 345 285 NA NA NA NA NA 1173 1359 376 347 NA NA NA NA 
1760824800.0 11025.0 NA 557 809 0 169 NA NA NA NA NA 735 1143 0 252 NA NA NA NA NA 2568 2068 379 291 NA NA NA NA NA 1072 1312 407 347 NA NA NA NA 
1760824800.0 111.0 159 176 345 NA NA NA NA NA NA 267 251 509 NA NA NA NA NA NA 649 153 821 NA NA NA NA NA NA 469 156 848 NA NA NA NA NA NA 
1760824800.0 112.0 155 176 347 NA NA NA NA NA NA 266 255 475 NA NA NA NA NA NA 757 196 782 NA NA NA NA NA NA 449 177 822 NA NA NA NA NA NA 
1760824800.0 11224.0 NA 253 474 0 NA NA NA NA NA NA 341 703 0 NA NA NA NA NA NA 247 982 415 NA NA NA NA NA NA 297 1111 473 NA NA NA NA NA 
1760824800.0 11224.6 NA 249 455 0 NA NA NA NA NA NA 345 702 0 NA NA NA NA NA NA 196 800 306 NA NA NA NA NA NA 193 777 338 NA NA NA NA NA 
1760824800.0 113.0 159 176 353 NA NA NA NA NA NA 265 250 497 NA NA NA NA NA NA 954 220 720 NA NA NA NA NA NA 536 197 741 NA NA NA NA NA NA 
1760824800.0 114.0 147 170 344 NA NA NA NA NA NA 277 247 502 NA NA NA NA NA NA 793 171 665 NA NA NA NA NA NA 408 169 686 NA NA NA NA NA NA 
1760824800.0 115.0 165 177 357 NA NA NA NA NA NA 277 251 531 NA NA NA NA NA NA 887 169 676 NA NA NA NA NA NA 470 157 679 NA NA NA NA NA NA 
1760824800.0 116.0 162 180 358 NA NA NA NA NA NA 272 250 505 NA NA NA NA NA NA 993 179 835 NA NA NA NA NA NA 504 144 817 NA NA NA NA NA NA 
1760824800.0 11601.0 NA 255 476 0 151 NA NA NA NA NA 343 684 0 213 NA NA NA NA NA 227 978 259 171 NA NA NA NA NA 236 1019 333 198 NA NA NA NA 
1760824800.0 11602.0 NA 239 456 0 150 NA NA NA NA NA 345 702 0 221 NA NA NA NA NA 185 751 219 127 NA NA NA NA NA 156 808 261 140 NA NA NA NA 
1760824800.0 11603.0 NA 240 453 0 144 NA NA NA NA NA 347 688 0 219 NA NA NA NA NA 190 744 217 137 NA NA NA NA NA 157 778 250 154 NA NA NA NA 
1760824800.0 11604.0 NA 255 474 0 151 NA NA NA NA NA 344 660 0 214 NA NA NA NA NA 217 814 227 178 NA NA NA NA NA 223 852 253 202 NA NA NA NA 
1760824800.0 11605.0 NA 255 461 0 151 NA NA NA NA NA 342 653 0 214 NA NA NA NA NA 224 861 238 178 NA NA NA NA NA 187 1044 312 203 NA NA NA NA 
1760824800.0 11606.0 NA 254 447 0 150 NA NA NA NA NA 346 667 0 224 NA NA NA NA NA 227 925 250 181 NA NA NA NA NA 177 965 295 203 NA NA NA NA 
1760824800.0 11607.0 NA 247 449 0 171 NA NA NA NA NA 340 681 0 266 NA NA NA NA NA 187 733 288 132 NA NA NA NA NA 153 770 317 145 NA NA NA NA 
1760824800.0 11608.0 NA 241 471 0 172 NA NA NA NA NA 344 701 0 269 NA NA NA NA NA 188 737 308 133 NA NA NA NA NA 182 740 341 153 NA NA NA NA 
1760824800.0 11609.0 NA 240 452 0 163 NA NA NA NA NA 346 694 0 259 NA NA NA NA NA 197 779 310 139 NA NA NA NA NA 166 925 345 172 NA NA NA NA 
1760824800.0 11630.0 NA 266 488 0 148 NA NA NA NA NA 358 756 0 226 NA NA NA NA NA 232 1064 283 138 NA NA NA NA NA 160 817 307 156 NA NA NA NA 
1760824800.0 11634.0 NA 253 486 0 168 NA NA NA NA NA 368 731 0 264 NA NA NA NA NA 211 851 322 145 NA NA NA NA NA 148 792 361 163 NA NA NA NA 
1760824800.0 11634.1 NA 256 266 0 NA NA NA NA NA NA 347 413 0 NA NA NA NA NA NA 228 355 626 NA NA NA NA NA NA 244 464 728 NA NA NA NA NA 
1760824800.0 11634.15 NA 258 486 0 165 NA NA NA NA NA 361 779 0 259 NA NA NA NA NA 207 919 325 142 NA NA NA NA NA 180 860 347 175 NA NA NA NA 
1760824800.0 11634.24 NA 203 431 0 140 NA NA NA NA NA 283 640 0 202 NA NA NA NA NA 138 843 241 169 NA NA NA NA NA 139 996 282 189 NA NA NA NA 
1760824800.0 11634.601 NA 256 84 476 0 NA NA NA NA NA 356 145 732 0 NA NA NA NA NA 205 49 863 319 NA NA NA NA NA 152 62 775 343 NA NA NA NA 
1760824800.0 11634.7 NA 269 494 0 NA NA NA NA NA NA 347 761 0 NA NA NA NA NA NA 287 1130 383 NA NA NA NA NA NA 216 1074 445 NA NA NA NA NA 
1760824800.0 11634.91 NA 254 495 0 174 NA NA NA NA NA 358 727 0 268 NA NA NA NA NA 213 854 323 140 NA NA NA NA NA 243 967 348 158 NA NA NA NA 
1760824800.0 11634.911 115 263 501 0 155 NA NA NA NA 235 339 740 0 229 NA NA NA NA 1681 766 1400 582 279 NA NA NA NA 893 511 1092 608 281 NA NA NA NA 
1760824800.0 11634.914 137 249 471 0 147 NA NA NA NA 216 333 740 0 210 NA NA NA NA 1065 220 841 297 152 NA NA NA NA 502 169 794 366 180 NA NA NA NA 
1760824800.0 11640.0 NA 249 451 0 149 NA NA NA NA NA 344 674 0 216 NA NA NA NA NA 190 735 282 139 NA NA NA NA NA 150 808 307 199 NA NA NA NA 
1760824800.0 11643.0 NA 258 485 0 147 NA NA NA NA NA 351 749 0 221 NA NA NA NA NA 206 851 301 137 NA NA NA NA NA 149 860 343 149 NA NA NA NA 
1760824800.0 11646.0 NA 243 463 0 153 NA NA NA NA NA 351 692 0 224 NA NA NA NA NA 197 785 289 130 NA NA NA NA NA 160 786 312 143 NA NA NA NA 
1760824800.0 11650.0 NA 249 461 0 165 NA NA NA NA NA 339 725 0 269 NA NA NA NA NA 202 797 368 143 NA NA NA NA NA 154 797 402 177 NA NA NA NA 
1760824800.0 11650.911 152 260 492 0 176 NA NA NA NA 231 338 733 0 269 NA NA NA NA 911 557 1058 568 358 NA NA NA NA 654 322 1012 602 312 NA NA NA NA 
1760824800.0 11650.914 135 211 470 0 167 NA NA NA NA 212 331 704 0 258 NA NA NA NA 746 234 797 363 157 NA NA NA NA 469 227 932 389 188 NA NA NA NA 
1760824800.0 117.0 151 178 361 NA NA NA NA NA NA 257 257 529 NA NA NA NA NA NA 1122 204 858 NA NA NA NA NA NA 579 174 825 NA NA NA NA NA NA 
1760824800.0 11723.17 NA 268 499 0 NA NA NA NA NA NA 372 770 0 NA NA NA NA NA NA 222 980 343 NA NA NA NA NA NA 151 899 379 NA NA NA NA NA 
1760824800.0 118.0 148 180 358 NA NA NA NA NA NA 275 247 542 NA NA NA NA NA NA 1412 221 824 NA NA NA NA NA NA 653 196 759 NA NA NA NA NA NA 
1760824800.0 11834.0 NA 582 948 0 NA NA NA NA NA NA 866 1410 0 NA NA NA NA NA NA 2247 3228 429 NA NA NA NA NA NA 1075 1704 514 NA NA NA NA NA 
1760824800.0 11834.13 NA 633 1059 0 NA NA NA NA NA NA 849 1468 0 NA NA NA NA NA NA 2427 3540 442 NA NA NA NA NA NA 1276 1826 490 NA NA NA NA NA 
1760824800.0 11834.19 NA 635 1009 0 NA NA NA NA NA NA 849 1605 0 NA NA NA NA NA NA 2387 3188 406 NA NA NA NA NA NA 1351 1709 476 NA NA NA NA NA 
1760824800.0 11834.21 NA 525 339 208 161 NA NA NA NA NA 694 516 343 248 NA NA NA NA NA 1643 1414 278 148 NA NA NA NA NA 774 629 219 140 NA NA NA NA 
1760824800.0 11834.24 NA 208 430 0 NA NA NA NA NA NA 295 664 0 NA NA NA NA NA NA 119 699 250 NA NA NA NA NA NA 151 711 270 NA NA NA NA NA 
1760824800.0 11834.99 NA 597 653 695 0 NA NA NA NA NA 841 921 1005 0 NA NA NA NA NA 2639 607 2412 447 NA NA NA NA NA 1736 303 1340 520 NA NA NA NA 
1760824800.0 11846.0 NA 595 954 0 NA NA NA NA NA NA 827 1341 0 NA NA NA NA NA NA 2282 3084 370 NA NA NA NA NA NA 1149 1697 452 NA NA NA NA NA 
1760824800.0 11846.19 NA 612 952 0 NA NA NA NA NA NA 829 1394 0 NA NA NA NA NA NA 1830 2405 309 NA NA NA NA NA NA 1383 1353 332 NA NA NA NA NA 
1760824800.0 119.0 104 163 333 NA NA NA NA NA NA 258 247 498 NA NA NA NA NA NA 625 165 660 NA NA NA NA NA NA 431 147 742 NA NA NA NA NA NA 
1760824800.0 12.0 NA 199 368 0 NA NA NA NA NA NA 285 582 0 NA NA NA NA NA NA 686 1378 394 NA NA NA NA NA NA 318 926 429 NA NA NA NA NA 
1760824800.0 120.0 126 172 340 NA NA NA NA NA NA 225 244 480 NA NA NA NA NA NA 326 178 723 NA NA NA NA NA NA 299 154 743 NA NA NA NA NA NA 
1760824800.0 12034.0 NA 269 482 0 NA NA NA NA NA NA 351 729 0 NA NA NA NA NA NA 270 1025 400 NA NA NA NA NA NA 194 1054 442 NA NA NA NA NA 
1760824800.0 121.0 167 179 365 NA NA NA NA NA NA 283 252 535 NA NA NA NA NA NA 1334 181 889 NA NA NA NA NA NA 584 147 835 NA NA NA NA NA NA 
1760824800.0 122.0 120 0 0 NA NA NA NA NA NA 202 0 0 NA NA NA NA NA NA 341 64 654 NA NA NA NA NA NA 327 108 713 NA NA NA NA NA NA 
1760824800.0 123.1 365 NA NA NA NA NA NA NA NA 519 NA NA NA NA NA NA NA NA 473 NA NA NA NA NA NA NA NA 528 NA NA NA NA NA NA NA NA 
1760824800.0 123.2 360 NA NA NA NA NA NA NA NA 537 NA NA NA NA NA NA NA NA 535 NA NA NA NA NA NA NA NA 461 NA NA NA NA NA NA NA NA 
1760824800.0 123.3 308 NA NA NA NA NA NA NA NA 416 NA NA NA NA NA NA NA NA 398 NA NA NA NA NA NA NA NA 414 NA NA NA NA NA NA NA NA 
1760824800.0 124.1 367 NA NA NA NA NA NA NA NA 491 NA NA NA NA NA NA NA NA 449 NA NA NA NA NA NA NA NA 422 NA NA NA NA NA NA NA NA 
1760824800.0 124.2 346 NA NA NA NA NA NA NA NA 515 NA NA NA NA NA NA NA NA 495 NA NA NA NA NA NA NA NA 437 NA NA NA NA NA NA NA NA 
1760824800.0 124.4 343 NA NA NA NA NA NA NA NA 489 NA NA NA NA NA NA NA NA 444 NA NA NA NA NA NA NA NA 395 NA NA NA NA NA NA NA NA 
1760824800.0 124.5 353 NA NA NA NA NA NA NA NA 490 NA NA NA NA NA NA NA NA 404 NA NA NA NA NA NA NA NA 413 NA NA NA NA NA NA NA NA 
1760824800.0 124.6 304 NA NA NA NA NA NA NA NA 411 NA NA NA NA NA NA NA NA 377 NA NA NA NA NA NA NA NA 407 NA NA NA NA NA NA NA NA 
1760824800.0 12434.0 NA 430 624 0 195 NA NA NA NA NA 644 882 0 303 NA NA NA NA NA 1433 1593 489 193 NA NA NA NA NA 783 1422 521 201 NA NA NA NA 
1760824800.0 12434.501 NA 469 182 0 NA NA NA NA NA NA 641 324 0 NA NA NA NA NA NA 1087 263 194 NA NA NA NA NA NA 525 301 224 NA NA NA NA NA 
1760824800.0 12434.505 NA 465 192 0 NA NA NA NA NA NA 645 334 0 NA NA NA NA NA NA 1096 268 251 NA NA NA NA NA NA 524 345 271 NA NA NA NA NA 
1760824800.0 12434.511 NA 470 159 0 NA NA NA NA NA NA 648 247 0 NA NA NA NA NA NA 1098 221 74 NA NA NA NA NA NA 528 256 94 NA NA NA NA NA 
1760824800.0 12434.521 NA 473 155 0 NA NA NA NA NA NA 661 221 0 NA NA NA NA NA NA 1099 218 78 NA NA NA NA NA NA 531 226 100 NA NA NA NA NA 
1760824800.0 12434.7 NA 446 595 0 NA NA NA NA NA NA 612 882 0 NA NA NA NA NA NA 1460 1696 510 NA NA NA NA NA NA 690 1470 604 NA NA NA NA NA 
1760824800.0 12450.501 NA 449 183 0 NA NA NA NA NA NA 583 326 0 NA NA NA NA NA NA 1112 258 228 NA NA NA NA NA NA 532 299 273 NA NA NA NA NA 
1760824800.0 12450.505 NA 451 184 0 NA NA NA NA NA NA 614 327 0 NA NA NA NA NA NA 1087 255 276 NA NA NA NA NA NA 528 321 299 NA NA NA NA NA 
1760824800.0 125.0 162 165 340 NA NA NA NA NA NA 282 252 507 NA NA NA NA NA NA 814 170 678 NA NA NA NA NA NA 414 163 727 NA NA NA NA NA NA 
1760824800.0 126.0 120 161 328 NA NA NA NA NA NA 205 248 499 NA NA NA NA NA NA 472 161 637 NA NA NA NA NA NA 339 162 687 NA NA NA NA NA NA 
1760824800.0 12634.0 NA 771 1057 0 NA NA NA NA NA NA 1148 1589 0 NA NA NA NA NA NA 2945 3128 490 NA NA NA NA NA NA 1402 2018 535 NA NA NA NA NA 
1760824800.0 12634.99 NA 556 852 829 0 NA NA NA NA NA 842 1222 1180 0 NA NA NA NA NA 2244 2533 3251 504 NA NA NA NA NA 1477 1000 1935 531 NA NA NA NA 
1760824800.0 127.0 126 172 339 NA NA NA NA NA NA 205 248 475 NA NA NA NA NA NA 492 171 822 NA NA NA NA NA NA 445 160 869 NA NA NA NA NA NA 
1760824800.0 128.0 125 170 338 NA NA NA NA NA NA 202 244 470 NA NA NA NA NA NA 323 187 774 NA NA NA NA NA NA 321 168 873 NA NA NA NA NA NA 
1760824800.0 12834.0 NA 416 606 0 184 NA NA NA NA NA 622 901 0 313 NA NA NA NA NA 573 1287 416 175 NA NA NA NA NA 640 1201 447 229 NA NA NA NA 
1760824800.0 129.0 118 171 324 NA NA NA NA NA NA 202 245 473 NA NA NA NA NA NA 289 171 722 NA NA NA NA NA NA 374 193 855 NA NA NA NA NA NA 
1760824800.0 13.0 NA 185 347 0 NA NA NA NA NA NA 265 525 0 NA NA NA NA NA NA 161 1149 335 NA NA NA NA NA NA 225 1045 382 NA NA NA NA NA 
1760824800.0 130.0 127 164 339 NA NA NA NA NA NA 212 245 474 NA NA NA NA NA NA 348 188 736 NA NA NA NA NA NA 357 237 882 NA NA NA NA NA NA 
1760824800.0 1301.0 152 209 305 NA NA NA NA NA NA 244 279 448 NA NA NA NA NA NA 696 167 419 NA NA NA NA NA NA 479 177 469 NA NA NA NA NA NA 
1760824800.0 1301.17 135 282 330 NA NA NA NA NA NA 212 362 487 NA NA NA NA NA NA 728 836 450 NA NA NA NA NA NA 472 334 509 NA NA NA NA NA NA 
1760824800.0 1302.0 162 218 324 NA NA NA NA NA NA 254 290 494 NA NA NA NA NA NA 1078 191 513 NA NA NA NA NA NA 506 168 488 NA NA NA NA NA NA 
1760824800.0 1302.17 143 290 346 NA NA NA NA NA NA 228 370 516 NA NA NA NA NA NA 1136 839 546 NA NA NA NA NA NA 513 349 644 NA NA NA NA NA NA 
1760824800.0 1302.18 131 275 247 220 165 NA NA NA NA 218 364 426 322 248 NA NA NA NA 1150 863 369 278 175 NA NA NA NA 517 336 388 269 171 NA NA NA NA 
1760824800.0 1302.181 131 272 247 212 163 NA NA NA NA 221 367 429 322 247 NA NA NA NA 1211 860 366 281 180 NA NA NA NA 559 331 360 268 183 NA NA NA NA 
1760824800.0 1303.0 149 218 325 NA NA NA NA NA NA 245 292 490 NA NA NA NA NA NA 2159 203 735 NA NA NA NA NA NA 1075 178 621 NA NA NA NA NA NA 
1760824800.0 1303.17 147 275 300 NA NA NA NA NA NA 231 365 523 NA NA NA NA NA NA 1935 870 655 NA NA NA NA NA NA 962 344 550 NA NA NA NA NA NA 
1760824800.0 13034.0 NA 753 1044 0 NA NA NA NA NA NA 1124 1584 0 NA NA NA NA NA NA 2406 4455 541 NA NA NA NA NA NA 1371 2323 566 NA NA NA NA NA 
1760824800.0 13034.99 NA 592 833 796 0 NA NA NA NA NA 863 1232 1177 0 NA NA NA NA NA 2292 1369 9795 550 NA NA NA NA NA 1394 722 6571 595 NA NA NA NA 
1760824800.0 1304.18 128 269 242 201 162 NA NA NA NA 215 354 420 308 240 NA NA NA NA 976 878 326 261 164 NA NA NA NA 563 330 333 252 169 NA NA NA NA 
1760824800.0 1304.181 136 276 287 208 164 NA NA NA NA 217 356 455 298 249 NA NA NA NA 1294 1043 373 319 201 NA NA NA NA 638 451 366 318 224 NA NA NA NA 
1760824800.0 1304.182 135 275 282 208 NA NA NA NA NA 218 349 415 301 NA NA NA NA NA 1208 959 400 351 NA NA NA NA NA 663 396 460 381 NA NA NA NA NA 
1760824800.0 1306.0 NA 202 379 0 NA NA NA NA NA NA 305 545 0 NA NA NA NA NA NA 196 788 241 NA NA NA NA NA NA 292 895 282 NA NA NA NA NA 
1760824800.0 1307.0 NA 210 248 96 0 NA NA NA NA NA 303 372 160 0 NA NA NA NA NA 150 254 69 91 NA NA NA NA NA 152 326 86 116 NA NA NA NA 
1760824800.0 1308.0 NA 204 242 95 0 NA NA NA NA NA 294 362 154 0 NA NA NA NA NA 146 207 70 92 NA NA NA NA NA 149 252 89 118 NA NA NA NA 
1760824800.0 1309.0 NA 225 398 0 NA NA NA NA NA NA 307 589 0 NA NA NA NA NA NA 201 787 291 NA NA NA NA NA NA 223 847 315 NA NA NA NA NA 
1760824800.0 131.0 130 173 342 NA NA NA NA NA NA 219 245 479 NA NA NA NA NA NA 521 206 768 NA NA NA NA NA NA 458 201 781 NA NA NA NA NA NA 
1760824800.0 1310.0 NA 229 407 0 NA NA NA NA NA NA 311 590 0 NA NA NA NA NA NA 171 702 241 NA NA NA NA NA NA 216 737 275 NA NA NA NA NA 
1760824800.0 1311.0 NA 222 414 0 122 NA NA NA NA NA 304 570 0 182 NA NA NA NA NA 217 723 320 143 NA NA NA NA NA 303 724 379 188 NA NA NA NA 
1760824800.0 1312.0 NA 225 392 0 NA NA NA NA NA NA 308 583 0 NA NA NA NA NA NA 223 910 397 NA NA NA NA NA NA 236 1001 447 NA NA NA NA NA 
1760824800.0 1313.0 NA 222 397 0 NA NA NA NA NA NA 313 595 0 NA NA NA NA NA NA 158 815 253 NA NA NA NA NA NA 177 869 278 NA NA NA NA NA 
1760824800.0 1314.0 NA 227 402 0 NA NA NA NA NA NA 314 565 0 NA NA NA NA NA NA 222 908 384 NA NA NA NA NA NA 215 872 439 NA NA NA NA NA 
1760824800.0 1315.0 NA 218 372 0 NA NA NA NA NA NA 300 546 0 NA NA NA NA NA NA 209 797 216 NA NA NA NA NA NA 205 822 271 NA NA NA NA NA 
1760824800.0 1316.0 NA 219 391 0 NA NA NA NA NA NA 305 537 0 NA NA NA NA NA NA 212 746 232 NA NA NA NA NA NA 269 804 270 NA NA NA NA NA 
1760824800.0 1317.0 NA 216 385 0 158 NA NA NA NA NA 298 552 0 233 NA NA NA NA NA 208 806 205 203 NA NA NA NA NA 251 964 273 231 NA NA NA NA 
1760824800.0 1318.0 NA 217 390 0 157 NA NA NA NA NA 302 526 0 242 NA NA NA NA NA 208 727 219 204 NA NA NA NA NA 278 814 253 229 NA NA NA NA 
1760824800.0 1319.0 NA 217 380 0 NA NA NA NA NA NA 300 527 0 NA NA NA NA NA NA 204 805 203 NA NA NA NA NA NA 256 862 255 NA NA NA NA NA 
1760824800.0 132.0 155 180 357 NA NA NA NA NA NA 268 252 524 NA NA NA NA NA NA 1020 214 910 NA NA NA NA NA NA 524 170 944 NA NA NA NA NA NA 
1760824800.0 1320.0 NA 219 377 0 156 NA NA NA NA NA 307 528 0 239 NA NA NA NA NA 196 882 347 224 NA NA NA NA NA 238 891 367 263 NA NA NA NA 
1760824800.0 1321.0 NA 223 397 0 157 NA NA NA NA NA 309 545 0 242 NA NA NA NA NA 213 843 287 204 NA NA NA NA NA 224 821 312 247 NA NA NA NA 
1760824800.0 1322.0 NA 202 372 0 149 NA NA NA NA NA 305 568 0 241 NA NA NA NA NA 174 677 213 178 NA NA NA NA NA 224 690 238 250 NA NA NA NA 
1760824800.0 1323.0 NA 217 385 0 NA NA NA NA NA NA 301 545 0 NA NA NA NA NA NA 191 762 170 NA NA NA NA NA NA 183 804 217 NA NA NA NA NA 
1760824800.0 13234.0 NA 592 0 NA NA NA NA NA NA NA 807 0 NA NA NA NA NA NA NA 1796 315 NA NA NA NA NA NA NA 922 355 NA NA NA NA NA NA 
1760824800.0 1324.0 NA 226 405 0 NA NA NA NA NA NA 308 574 0 NA NA NA NA NA NA 213 1013 379 NA NA NA NA NA NA 269 964 419 NA NA NA NA NA 
1760824800.0 1325.0 NA 212 394 0 122 148 NA NA NA NA 315 592 0 186 239 NA NA NA NA 191 747 275 135 188 NA NA NA NA 210 710 303 208 222 NA NA NA 
1760824800.0 1325.1 NA 215 240 0 NA NA NA NA NA NA 315 372 0 NA NA NA NA NA NA 198 319 538 NA NA NA NA NA NA 235 367 563 NA NA NA NA NA 
1760824800.0 1325.2 NA 181 389 0 NA NA NA NA NA NA 318 585 0 NA NA NA NA NA NA 199 735 265 NA NA NA NA NA NA 235 746 294 NA NA NA NA NA 
1760824800.0 1325.3 NA 224 229 0 NA NA NA NA NA NA 313 357 0 NA NA NA NA NA NA 203 307 459 NA NA NA NA NA NA 252 355 495 NA NA NA NA NA 
1760824800.0 1325.4 NA 231 398 0 NA NA NA NA NA NA 319 585 0 NA NA NA NA NA NA 218 931 349 NA NA NA NA NA NA 246 963 388 NA NA NA NA NA 
1760824800.0 1325.5 NA 254 0 NA NA NA NA NA NA NA 390 0 NA NA NA NA NA NA NA 755 71 NA NA NA NA NA NA NA 556 91 NA NA NA NA NA NA 
1760824800.0 1325.51 NA 239 0 NA NA NA NA NA NA NA 374 0 NA NA NA NA NA NA NA 722 69 NA NA NA NA NA NA NA 634 108 NA NA NA NA NA NA 
1760824800.0 1325.516 NA 259 0 NA NA NA NA NA NA NA 410 0 NA NA NA NA NA NA NA 894 98 NA NA NA NA NA NA NA 778 121 NA NA NA NA NA NA 
1760824800.0 1325.5161 NA 261 0 NA NA NA NA NA NA NA 412 0 NA NA NA NA NA NA NA 821 70 NA NA NA NA NA NA NA 739 92 NA NA NA NA NA NA 
1760824800.0 1325.517 NA 228 0 NA NA NA NA NA NA NA 406 0 NA NA NA NA NA NA NA 958 107 NA NA NA NA NA NA NA 826 135 NA NA NA NA NA NA 
1760824800.0 1325.518 NA 278 0 NA NA NA NA NA NA NA 432 0 NA NA NA NA NA NA NA 1012 72 NA NA NA NA NA NA NA 682 92 NA NA NA NA NA NA 
1760824800.0 1325.9 NA 242 389 0 121 NA NA NA NA NA 347 603 0 185 NA NA NA NA NA 208 747 272 130 NA NA NA NA NA 181 703 296 173 NA NA NA NA 
1760824800.0 1325.91 NA 255 397 0 126 NA NA NA NA NA 347 601 0 185 NA NA NA NA NA 243 951 333 154 NA NA NA NA NA 282 1231 353 216 NA NA NA NA 
1760824800.0 1326.0 NA 225 400 0 NA NA NA NA NA NA 305 554 0 NA NA NA NA NA NA 169 664 246 NA NA NA NA NA NA 178 801 292 NA NA NA NA NA 
1760824800.0 1327.0 NA 224 398 0 NA NA NA NA NA NA 304 550 0 NA NA NA NA NA NA 205 907 337 NA NA NA NA NA NA 199 880 391 NA NA NA NA NA 
1760824800.0 1328.0 NA 230 408 0 NA NA NA NA NA NA 317 593 0 NA NA NA NA NA NA 181 697 246 NA NA NA NA NA NA 195 799 283 NA NA NA NA NA 
1760824800.0 1329.0 NA 209 384 0 158 NA NA NA NA NA 306 569 0 242 NA NA NA NA NA 177 684 251 167 NA NA NA NA NA 212 699 275 171 NA NA NA NA 
1760824800.0 133.0 162 180 367 NA NA NA NA NA NA 273 249 538 NA NA NA NA NA NA 1475 209 870 NA NA NA NA NA NA 756 167 827 NA NA NA NA NA NA 
1760824800.0 1330.0 NA 226 438 0 157 NA NA NA NA NA 307 612 0 239 NA NA NA NA NA 249 875 357 222 NA NA NA NA NA 263 820 446 252 NA NA NA NA 
1760824800.0 1331.0 NA 212 390 0 159 NA NA NA NA NA 305 571 0 241 NA NA NA NA NA 221 811 306 222 NA NA NA NA NA 255 773 342 251 NA NA NA NA 
1760824800.0 1332.0 NA 223 405 0 NA NA NA NA NA NA 307 571 0 NA NA NA NA NA NA 174 679 245 NA NA NA NA NA NA 208 716 283 NA NA NA NA NA 
1760824800.0 1333.0 NA 221 397 0 NA NA NA NA NA NA 308 542 0 NA NA NA NA NA NA 171 646 242 NA NA NA NA NA NA 208 757 273 NA NA NA NA NA 
1760824800.0 1334.0 NA 227 408 0 NA NA NA NA NA NA 308 590 0 NA NA NA NA NA NA 231 880 328 NA NA NA NA NA NA 231 803 377 NA NA NA NA NA 
1760824800.0 1335.0 NA 208 383 0 NA NA NA NA NA NA 312 566 0 NA NA NA NA NA NA 174 660 259 NA NA NA NA NA NA 186 652 299 NA NA NA NA NA 
1760824800.0 1336.0 NA 229 400 0 NA NA NA NA NA NA 320 613 0 NA NA NA NA NA NA 227 1320 389 NA NA NA NA NA NA 228 1042 445 NA NA NA NA NA 
1760824800.0 1337.0 NA 241 413 0 NA NA NA NA NA NA 321 631 0 NA NA NA NA NA NA 245 1047 396 NA NA NA NA NA NA 272 858 441 NA NA NA NA NA 
1760824800.0 1338.0 NA 215 392 0 148 NA NA NA NA NA 307 593 0 242 NA NA NA NA NA 188 727 235 179 NA NA NA NA NA 227 707 257 199 NA NA NA NA 
1760824800.0 1339.0 NA 223 395 0 NA NA NA NA NA NA 314 594 0 NA NA NA NA NA NA 183 826 245 NA NA NA NA NA NA 180 757 268 NA NA NA NA NA 
1760824800.0 134.0 NA 373 80 0 NA NA NA NA NA NA 557 136 0 NA NA NA NA NA NA 1485 79 38 NA NA NA NA NA NA 1010 100 76 NA NA NA NA NA 
1760824800.0 134.701 NA 95 405 0 NA NA NA NA NA NA 165 588 0 NA NA NA NA NA NA 65 1741 149 NA NA NA NA NA NA 100 1006 179 NA NA NA NA NA 
1760824800.0 134.702 NA 98 409 0 NA NA NA NA NA NA 168 638 0 NA NA NA NA NA NA 89 2675 171 NA NA NA NA NA NA 101 1310 201 NA NA NA NA NA 
1760824800.0 134.703 NA 99 415 0 NA NA NA NA NA NA 170 608 0 NA NA NA NA NA NA 101 2630 189 NA NA NA NA NA NA 109 1242 223 NA NA NA NA NA 
1760824800.0 134.704 NA 96 401 0 NA NA NA NA NA NA 162 614 0 NA NA NA NA NA NA 95 2684 182 NA NA NA NA NA NA 109 1399 211 NA NA NA NA NA 
1760824800.0 134.705 NA 100 420 0 NA NA NA NA NA NA 170 625 0 NA NA NA NA NA NA 90 2934 183 NA NA NA NA NA NA 98 1406 214 NA NA NA NA NA 
1760824800.0 134.706 NA 97 404 0 NA NA NA NA NA NA 174 616 0 NA NA NA NA NA NA 68 2365 164 NA NA NA NA NA NA 81 1134 192 NA NA NA NA NA 
1760824800.0 134.707 NA 99 413 0 NA NA NA NA NA NA 163 594 0 NA NA NA NA NA NA 83 2482 180 NA NA NA NA NA NA 98 1255 210 NA NA NA NA NA 
1760824800.0 134.708 NA 97 409 0 NA NA NA NA NA NA 168 619 0 NA NA NA NA NA NA 79 2392 169 NA NA NA NA NA NA 95 1231 197 NA NA NA NA NA 
1760824800.0 134.709 NA 98 583 0 NA NA NA NA NA NA 171 850 0 NA NA NA NA NA NA 82 2669 171 NA NA NA NA NA NA 131 1339 196 NA NA NA NA NA 
1760824800.0 134.71 NA 92 381 0 NA NA NA NA NA NA 163 541 0 NA NA NA NA NA NA 63 1560 150 NA NA NA NA NA NA 103 928 211 NA NA NA NA NA 
1760824800.0 134.801 NA 97 405 0 NA NA NA NA NA NA 164 597 0 NA NA NA NA NA NA 65 1626 139 NA NA NA NA NA NA 89 976 160 NA NA NA NA NA 
1760824800.0 134.802 NA 94 406 0 NA NA NA NA NA NA 167 629 0 NA NA NA NA NA NA 76 2583 144 NA NA NA NA NA NA 102 1204 173 NA NA NA NA NA 
1760824800.0 134.803 NA 97 415 0 NA NA NA NA NA NA 168 613 0 NA NA NA NA NA NA 96 2992 170 NA NA NA NA NA NA 140 1432 200 NA NA NA NA NA 
1760824800.0 134.804 NA 94 425 0 NA NA NA NA NA NA 169 637 0 NA NA NA NA NA NA 101 3126 187 NA NA NA NA NA NA 166 1517 220 NA NA NA NA NA 
1760824800.0 134.805 NA 94 412 0 NA NA NA NA NA NA 170 627 0 NA NA NA NA NA NA 73 2526 151 NA NA NA NA NA NA 85 1149 173 NA NA NA NA NA 
1760824800.0 134.806 NA 96 427 0 NA NA NA NA NA NA 163 643 0 NA NA NA NA NA NA 100 3256 182 NA NA NA NA NA NA 145 1573 211 NA NA NA NA NA 
1760824800.0 134.807 NA 151 435 0 NA NA NA NA NA NA 289 657 0 NA NA NA NA NA NA 251 2724 179 NA NA NA NA NA NA 278 1304 197 NA NA NA NA NA 
1760824800.0 134.808 NA 156 431 0 NA NA NA NA NA NA 293 674 0 NA NA NA NA NA NA 232 2747 158 NA NA NA NA NA NA 245 1246 181 NA NA NA NA NA 
1760824800.0 134.809 NA 97 412 0 NA NA NA NA NA NA 170 615 0 NA NA NA NA NA NA 87 2867 190 NA NA NA NA NA NA 141 1312 226 NA NA NA NA NA 
1760824800.0 134.81 NA 96 413 0 NA NA NA NA NA NA 166 605 0 NA NA NA NA NA NA 97 2824 170 NA NA NA NA NA NA 127 1306 194 NA NA NA NA NA 
1760824800.0 134.811 NA 96 424 0 NA NA NA NA NA NA 168 629 0 NA NA NA NA NA NA 102 3136 182 NA NA NA NA NA NA 143 1463 217 NA NA NA NA NA 
1760824800.0 134.812 NA 93 404 0 NA NA NA NA NA NA 161 582 0 NA NA NA NA NA NA 98 2005 176 NA NA NA NA NA NA 142 1439 208 NA NA NA NA NA 
1760824800.0 134.813 NA 242 120 0 NA NA NA NA NA NA 385 187 0 NA NA NA NA NA NA 467 94 92 NA NA NA NA NA NA 324 133 116 NA NA NA NA NA 
1760824800.0 134.901 NA 95 404 0 NA NA NA NA NA NA 163 588 0 NA NA NA NA NA NA 66 1652 140 NA NA NA NA NA NA 97 982 162 NA NA NA NA NA 
1760824800.0 134.902 NA 96 407 0 NA NA NA NA NA NA 169 611 0 NA NA NA NA NA NA 91 2488 185 NA NA NA NA NA NA 105 1257 219 NA NA NA NA NA 
1760824800.0 134.903 NA 96 403 0 NA NA NA NA NA NA 167 598 0 NA NA NA NA NA NA 77 2332 178 NA NA NA NA NA NA 88 1312 209 NA NA NA NA NA 
1760824800.0 134.904 NA 96 413 0 NA NA NA NA NA NA 169 628 0 NA NA NA NA NA NA 89 2565 180 NA NA NA NA NA NA 122 1234 216 NA NA NA NA NA 
1760824800.0 134.905 NA 98 399 0 NA NA NA NA NA NA 167 598 0 NA NA NA NA NA NA 91 2193 163 NA NA NA NA NA NA 99 1251 190 NA NA NA NA NA 
1760824800.0 134.906 NA 97 407 0 NA NA NA NA NA NA 171 606 0 NA NA NA NA NA NA 98 2770 185 NA NA NA NA NA NA 135 1319 218 NA NA NA NA NA 
1760824800.0 134.907 NA 156 431 0 NA NA NA NA NA NA 282 632 0 NA NA NA NA NA NA 199 2073 159 NA NA NA NA NA NA 192 1108 204 NA NA NA NA NA 
1760824800.0 134.908 NA 157 421 0 NA NA NA NA NA NA 293 642 0 NA NA NA NA NA NA 196 2118 143 NA NA NA NA NA NA 174 1060 160 NA NA NA NA NA 
1760824800.0 134.909 NA 94 404 0 NA NA NA NA NA NA 163 597 0 NA NA NA NA NA NA 90 2338 189 NA NA NA NA NA NA 133 1269 223 NA NA NA NA NA 
1760824800.0 134.91 NA 95 385 0 NA NA NA NA NA NA 172 587 0 NA NA NA NA NA NA 69 1877 140 NA NA NA NA NA NA 84 1106 161 NA NA NA NA NA 
1760824800.0 134.911 NA 97 407 0 NA NA NA NA NA NA 168 619 0 NA NA NA NA NA NA 94 2295 173 NA NA NA NA NA NA 129 1262 202 NA NA NA NA NA 
1760824800.0 134.912 NA 93 403 0 NA NA NA NA NA NA 157 562 0 NA NA NA NA NA NA 80 1741 169 NA NA NA NA NA NA 137 1080 194 NA NA NA NA NA 
1760824800.0 134.99601 NA 89 406 0 NA NA NA NA NA NA 167 654 0 NA NA NA NA NA NA 78 2921 138 NA NA NA NA NA NA 102 1352 154 NA NA NA NA NA 
1760824800.0 134.99602 NA 97 401 0 NA NA NA NA NA NA 169 553 0 NA NA NA NA NA NA 69 1747 140 NA NA NA NA NA NA 101 1021 170 NA NA NA NA NA 
1760824800.0 134.99603 NA 97 410 0 NA NA NA NA NA NA 169 622 0 NA NA NA NA NA NA 102 2786 168 NA NA NA NA NA NA 106 1377 199 NA NA NA NA NA 
1760824800.0 134.99901 NA 95 396 0 NA NA NA NA NA NA 173 592 0 NA NA NA NA NA NA 86 2251 168 NA NA NA NA NA NA 133 1308 196 NA NA NA NA NA 
1760824800.0 1340.0 NA 220 395 0 NA NA NA NA NA NA 307 534 0 NA NA NA NA NA NA 168 649 246 NA NA NA NA NA NA 212 762 274 NA NA NA NA NA 
1760824800.0 1341.0 NA 235 411 0 NA NA NA NA NA NA 316 620 0 NA NA NA NA NA NA 236 1141 341 NA NA NA NA NA NA 206 933 387 NA NA NA NA NA 
1760824800.0 1343.0 NA 212 391 0 NA NA NA NA NA NA 314 573 0 NA NA NA NA NA NA 186 730 344 NA NA NA NA NA NA 201 714 371 NA NA NA NA NA 
1760824800.0 13434.0 NA 740 0 NA NA NA NA NA NA NA 1054 0 NA NA NA NA NA NA NA 2396 243 NA NA NA NA NA NA NA 1324 264 NA NA NA NA NA NA 
1760824800.0 1344.0 NA 222 382 0 NA NA NA NA NA NA 311 581 0 NA NA NA NA NA NA 177 716 271 NA NA NA NA NA NA 188 719 372 NA NA NA NA NA 
1760824800.0 1345.0 NA 216 395 0 NA NA NA NA NA NA 308 578 0 NA NA NA NA NA NA 182 710 281 NA NA NA NA NA NA 210 719 315 NA NA NA NA NA 
1760824800.0 1347.0 NA 227 395 0 NA NA NA NA NA NA 311 560 0 NA NA NA NA NA NA 230 930 401 NA NA NA NA NA NA 206 945 461 NA NA NA NA NA 
1760824800.0 1348.0 NA 207 387 0 NA NA NA NA NA NA 309 549 0 NA NA NA NA NA NA 197 749 383 NA NA NA NA NA NA 238 828 439 NA NA NA NA NA 
1760824800.0 1349.0 NA 218 389 0 NA NA NA NA NA NA 309 560 0 NA NA NA NA NA NA 231 941 401 NA NA NA NA NA NA 294 1051 450 NA NA NA NA NA 
1760824800.0 135.1 419 0 202 156 NA NA NA NA NA 558 0 297 237 NA NA NA NA NA 409 215 258 171 NA NA NA NA NA 384 249 273 185 NA NA NA NA NA 
1760824800.0 135.11 426 0 203 157 NA NA NA NA NA 563 0 330 238 NA NA NA NA NA 665 242 462 220 NA NA NA NA NA 538 295 425 246 NA NA NA NA NA 
1760824800.0 135.12 414 0 200 155 NA NA NA NA NA 565 0 295 233 NA NA NA NA NA 390 169 251 170 NA NA NA NA NA 381 223 279 189 NA NA NA NA NA 
1760824800.0 135.13 394 0 NA NA NA NA NA NA NA 559 0 NA NA NA NA NA NA NA 449 459 NA NA NA NA NA NA NA 406 487 NA NA NA NA NA NA NA 
1760824800.0 135.14 422 0 197 157 NA NA NA NA NA 572 0 298 241 NA NA NA NA NA 524 254 330 220 NA NA NA NA NA 569 275 346 253 NA NA NA NA NA 
1760824800.0 135.2 339 0 190 149 NA NA NA NA NA 467 0 265 227 NA NA NA NA NA 342 204 240 162 NA NA NA NA NA 401 223 260 188 NA NA NA NA NA 
1760824800.0 135.3 348 0 194 151 NA NA NA NA NA 465 0 271 224 NA NA NA NA NA 465 226 311 209 NA NA NA NA NA 435 249 314 246 NA NA NA NA NA 
1760824800.0 135.4 371 0 189 156 NA NA NA NA NA 555 0 288 232 NA NA NA NA NA 464 199 301 192 NA NA NA NA NA 456 216 355 227 NA NA NA NA NA 
1760824800.0 135.5 410 0 196 153 NA NA NA NA NA 565 0 291 240 NA NA NA NA NA 391 184 246 169 NA NA NA NA NA 405 227 256 204 NA NA NA NA NA 
1760824800.0 135.6 423 0 193 155 NA NA NA NA NA 547 0 297 238 NA NA NA NA NA 404 172 258 173 NA NA NA NA NA 358 200 398 198 NA NA NA NA NA 
1760824800.0 135.7 418 0 199 156 NA NA NA NA NA 547 0 277 239 NA NA NA NA NA 385 178 248 173 NA NA NA NA NA 420 212 253 202 NA NA NA NA NA 
1760824800.0 135.8 183 NA NA NA NA NA NA NA NA 277 NA NA NA NA NA NA NA NA 364 NA NA NA NA NA NA NA NA 208 NA NA NA NA NA NA NA NA 
1760824800.0 135.9 408 0 196 152 NA NA NA NA NA 528 0 273 237 NA NA NA NA NA 488 314 338 188 NA NA NA NA NA 523 352 349 225 NA NA NA NA NA 
1760824800.0 1350.0 NA 222 383 0 NA NA NA NA NA NA 315 554 0 NA NA NA NA NA NA 195 899 356 NA NA NA NA NA NA 285 1096 415 NA NA NA NA NA 
1760824800.0 1351.0 NA 225 388 0 NA NA NA NA NA NA 309 532 0 NA NA NA NA NA NA 233 820 424 NA NA NA NA NA NA 278 792 466 NA NA NA NA NA 
1760824800.0 1352.0 NA 223 399 0 NA NA NA NA NA NA 310 548 0 NA NA NA NA NA NA 215 892 334 NA NA NA NA NA NA 277 937 376 NA NA NA NA NA 
1760824800.0 1353.0 NA 224 390 0 NA NA NA NA NA NA 309 579 0 NA NA NA NA NA NA 241 896 299 NA NA NA NA NA NA 231 853 351 NA NA NA NA NA 
1760824800.0 1354.0 NA 213 387 0 NA NA NA NA NA NA 313 558 0 NA NA NA NA NA NA 184 722 249 NA NA NA NA NA NA 243 701 303 NA NA NA NA NA 
1760824800.0 1355.0 NA 213 397 0 NA NA NA NA NA NA 309 582 0 NA NA NA NA NA NA 188 726 244 NA NA NA NA NA NA 208 728 282 NA NA NA NA NA 
1760824800.0 1356.0 158 205 388 0 207 NA NA NA NA 250 289 625 0 298 NA NA NA NA 817 179 732 246 276 NA NA NA NA 431 178 705 265 301 NA NA NA NA 
1760824800.0 136.721 NA 162 443 0 NA NA NA NA NA NA 238 642 0 NA NA NA NA NA NA 215 2723 200 NA NA NA NA NA NA 268 1266 232 NA NA NA NA NA 
1760824800.0 136.722 NA 151 418 0 NA NA NA NA NA NA 235 641 0 NA NA NA NA NA NA 172 2754 104 NA NA NA NA NA NA 159 1273 121 NA NA NA NA NA 
1760824800.0 136.723 NA 161 435 0 NA NA NA NA NA NA 231 645 0 NA NA NA NA NA NA 182 2594 140 NA NA NA NA NA NA 160 1166 161 NA NA NA NA NA 
1760824800.0 136.724 NA 153 392 0 NA NA NA NA NA NA 236 675 0 NA NA NA NA NA NA 181 3125 103 NA NA NA NA NA NA 185 1388 120 NA NA NA NA NA 
1760824800.0 136.72411 NA 262 0 NA NA NA NA NA NA NA 420 0 NA NA NA NA NA NA NA 742 69 NA NA NA NA NA NA NA 591 88 NA NA NA NA NA NA 
1760824800.0 136.72412 NA 280 0 NA NA NA NA NA NA NA 443 0 NA NA NA NA NA NA NA 827 68 NA NA NA NA NA NA NA 668 85 NA NA NA NA NA NA 
1760824800.0 136.725 NA 157 423 0 NA NA NA NA NA NA 236 662 0 NA NA NA NA NA NA 169 2706 109 NA NA NA NA NA NA 149 1296 167 NA NA NA NA NA 
1760824800.0 136.726 NA 155 377 0 NA NA NA NA NA NA 234 602 0 NA NA NA NA NA NA 186 2833 95 NA NA NA NA NA NA 165 1324 110 NA NA NA NA NA 
1760824800.0 136.727 NA 213 449 0 NA NA NA NA NA NA 363 687 0 NA NA NA NA NA NA 305 2720 145 NA NA NA NA NA NA 272 1241 164 NA NA NA NA NA 
1760824800.0 136.728 NA 216 457 0 NA NA NA NA NA NA 373 708 0 NA NA NA NA NA NA 350 2971 141 NA NA NA NA NA NA 295 1323 159 NA NA NA NA NA 
1760824800.0 136.729 NA 153 436 0 NA NA NA NA NA NA 236 669 0 NA NA NA NA NA NA 172 2743 123 NA NA NA NA NA NA 166 1201 145 NA NA NA NA NA 
1760824800.0 136.73 NA 160 421 0 NA NA NA NA NA NA 240 679 0 NA NA NA NA NA NA 180 2780 115 NA NA NA NA NA NA 181 1363 139 NA NA NA NA NA 
1760824800.0 136.731 NA 154 405 0 NA NA NA NA NA NA 230 652 0 NA NA NA NA NA NA 169 2842 106 NA NA NA NA NA NA 176 1378 124 NA NA NA NA NA 
1760824800.0 136.732 NA 158 460 0 NA NA NA NA NA NA 237 650 0 NA NA NA NA NA NA 193 2707 175 NA NA NA NA NA NA 231 1376 206 NA NA NA NA NA 
1760824800.0 136.733 NA 253 129 0 NA NA NA NA NA NA 401 194 0 NA NA NA NA NA NA 398 116 91 NA NA NA NA NA NA 319 149 113 NA NA NA NA NA 
1760824800.0 136.734 NA 154 376 0 NA NA NA NA NA NA 239 590 0 NA NA NA NA NA NA 211 2737 112 NA NA NA NA NA NA 230 1373 128 NA NA NA NA NA 
1760824800.0 136.735 NA 166 374 0 NA NA NA NA NA NA 246 532 0 NA NA NA NA NA NA 217 1293 153 NA NA NA NA NA NA 196 1156 181 NA NA NA NA NA 
1760824800.0 136.736 NA 157 434 0 NA NA NA NA NA NA 241 688 0 NA NA NA NA NA NA 197 3963 151 NA NA NA NA NA NA 179 1540 216 NA NA NA NA NA 
1760824800.0 136.737 NA 161 428 0 NA NA NA NA NA NA 237 693 0 NA NA NA NA NA NA 245 5467 136 NA NA NA NA NA NA 256 2184 167 NA NA NA NA NA 
1760824800.0 136.738 NA 155 434 0 NA NA NA NA NA NA 235 692 0 NA NA NA NA NA NA 233 4408 148 NA NA NA NA NA NA 232 1722 184 NA NA NA NA NA 
1760824800.0 136.739 NA 161 409 0 NA NA NA NA NA NA 233 724 0 NA NA NA NA NA NA 204 5010 102 NA NA NA NA NA NA 199 1928 122 NA NA NA NA NA 
1760824800.0 136.74 NA 153 422 0 NA NA NA NA NA NA 238 692 0 NA NA NA NA NA NA 212 4413 101 NA NA NA NA NA NA 206 1752 119 NA NA NA NA NA 
1760824800.0 136.741 NA 155 385 0 NA NA NA NA NA NA 239 649 0 NA NA NA NA NA NA 223 4350 98 NA NA NA NA NA NA 216 1685 114 NA NA NA NA NA 
1760824800.0 136.742 NA 156 442 0 NA NA NA NA NA NA 231 683 0 NA NA NA NA NA NA 200 4158 123 NA NA NA NA NA NA 207 1591 155 NA NA NA NA NA 
1760824800.0 136.743 NA 159 472 0 NA NA NA NA NA NA 238 719 0 NA NA NA NA NA NA 214 3967 125 NA NA NA NA NA NA 240 1553 180 NA NA NA NA NA 
1760824800.0 136.744 NA 116 418 0 NA NA NA NA NA NA 234 683 0 NA NA NA NA NA NA 209 4387 106 NA NA NA NA NA NA 203 1720 120 NA NA NA NA NA 
1760824800.0 136.745 NA 160 456 0 NA NA NA NA NA NA 243 670 0 NA NA NA NA NA NA 184 3195 149 NA NA NA NA NA NA 158 1408 167 NA NA NA NA NA 
1760824800.0 136.746 NA 151 388 0 NA NA NA NA NA NA 231 603 0 NA NA NA NA NA NA 242 4089 114 NA NA NA NA NA NA 233 1634 141 NA NA NA NA NA 
1760824800.0 136.747 NA 156 456 0 NA NA NA NA NA NA 237 704 0 NA NA NA NA NA NA 203 4055 151 NA NA NA NA NA NA 202 1709 176 NA NA NA NA NA 
1760824800.0 136.748 NA 151 388 0 NA NA NA NA NA NA 237 607 0 NA NA NA NA NA NA 204 3991 114 NA NA NA NA NA NA 251 1603 157 NA NA NA NA NA 
1760824800.0 136.749 NA 160 441 0 NA NA NA NA NA NA 245 687 0 NA NA NA NA NA NA 229 4532 150 NA NA NA NA NA NA 195 1728 168 NA NA NA NA NA 
1760824800.0 136.75 NA 155 412 0 NA NA NA NA NA NA 230 731 0 NA NA NA NA NA NA 223 5134 107 NA NA NA NA NA NA 356 1925 132 NA NA NA NA NA 
1760824800.0 136.751 NA 159 382 0 NA NA NA NA NA NA 232 727 0 NA NA NA NA NA NA 206 5210 102 NA NA NA NA NA NA 213 2030 118 NA NA NA NA NA 
1760824800.0 136.752 NA 152 389 0 NA NA NA NA NA NA 237 630 0 NA NA NA NA NA NA 216 4348 99 NA NA NA NA NA NA 194 1722 115 NA NA NA NA NA 
1760824800.0 136.753 NA 157 446 0 NA NA NA NA NA NA 228 709 0 NA NA NA NA NA NA 204 4305 121 NA NA NA NA NA NA 237 1654 140 NA NA NA NA NA 
1760824800.0 136.754 NA 159 493 0 NA NA NA NA NA NA 244 736 0 NA NA NA NA NA NA 210 3609 129 NA NA NA NA NA NA 264 1466 177 NA NA NA NA NA 
1760824800.0 136.755 NA 152 412 0 NA NA NA NA NA NA 233 698 0 NA NA NA NA NA NA 204 4701 107 NA NA NA NA NA NA 194 1829 124 NA NA NA NA NA 
1760824800.0 136.756 NA 146 461 0 NA NA NA NA NA NA 240 661 0 NA NA NA NA NA NA 188 3008 150 NA NA NA NA NA NA 185 1373 194 NA NA NA NA NA 
1760824800.0 136.757 NA 153 389 0 NA NA NA NA NA NA 240 607 0 NA NA NA NA NA NA 231 3922 117 NA NA NA NA NA NA 256 1595 151 NA NA NA NA NA 
1760824800.0 136.758 NA 156 413 0 NA NA NA NA NA NA 235 706 0 NA NA NA NA NA NA 206 5035 150 NA NA NA NA NA NA 191 1887 177 NA NA NA NA NA 
1760824800.0 136.759 NA 161 459 0 NA NA NA NA NA NA 237 711 0 NA NA NA NA NA NA 267 6695 125 NA NA NA NA NA NA 314 2489 160 NA NA NA NA NA 
1760824800.0 136.76 NA 163 490 0 NA NA NA NA NA NA 237 700 0 NA NA NA NA NA NA 220 5987 152 NA NA NA NA NA NA 246 2026 182 NA NA NA NA NA 
1760824800.0 136.761 NA 160 463 0 NA NA NA NA NA NA 229 762 0 NA NA NA NA NA NA 255 8586 145 NA NA NA NA NA NA 275 3031 169 NA NA NA NA NA 
1760824800.0 136.7611 NA 269 0 NA NA NA NA NA NA NA 439 0 NA NA NA NA NA NA NA 898 66 NA NA NA NA NA NA NA 577 86 NA NA NA NA NA NA 
1760824800.0 136.76111 NA 272 0 NA NA NA NA NA NA NA 448 0 NA NA NA NA NA NA NA 858 66 NA NA NA NA NA NA NA 630 83 NA NA NA NA NA NA 
1760824800.0 136.762 NA 162 390 0 NA NA NA NA NA NA 235 689 0 NA NA NA NA NA NA 276 9409 139 NA NA NA NA NA NA 288 3229 165 NA NA NA NA NA 
1760824800.0 136.763 NA 161 360 0 NA NA NA NA NA NA 228 703 0 NA NA NA NA NA NA 284 7783 123 NA NA NA NA NA NA 297 2856 147 NA NA NA NA NA 
1760824800.0 136.764 NA 162 455 0 NA NA NA NA NA NA 236 742 0 NA NA NA NA NA NA 266 7014 164 NA NA NA NA NA NA 268 2714 193 NA NA NA NA NA 
1760824800.0 136.765 NA 157 468 0 NA NA NA NA NA NA 235 749 0 NA NA NA NA NA NA 210 5024 122 NA NA NA NA NA NA 189 1850 139 NA NA NA NA NA 
1760824800.0 136.766 NA 160 432 0 NA NA NA NA NA NA 232 744 0 NA NA NA NA NA NA 260 7330 142 NA NA NA NA NA NA 307 2709 170 NA NA NA NA NA 
1760824800.0 136.767 NA 151 462 0 NA NA NA NA NA NA 234 674 0 NA NA NA NA NA NA 201 4304 155 NA NA NA NA NA NA 246 1723 177 NA NA NA NA NA 
1760824800.0 136.768 NA 161 393 0 NA NA NA NA NA NA 235 652 0 NA NA NA NA NA NA 312 6955 135 NA NA NA NA NA NA 274 2732 160 NA NA NA NA NA 
1760824800.0 136.769 NA 159 446 0 NA NA NA NA NA NA 238 697 0 NA NA NA NA NA NA 193 3922 145 NA NA NA NA NA NA 190 1578 167 NA NA NA NA NA 
1760824800.0 136.77 NA 152 450 0 NA NA NA NA NA NA 235 692 0 NA NA NA NA NA NA 191 4076 107 NA NA NA NA NA NA 232 1601 126 NA NA NA NA NA 
1760824800.0 136.771 NA 151 445 0 NA NA NA NA NA NA 231 698 0 NA NA NA NA NA NA 218 3927 152 NA NA NA NA NA NA 231 1562 182 NA NA NA NA NA 
1760824800.0 136.772 NA 157 416 0 NA NA NA NA NA NA 232 711 0 NA NA NA NA NA NA 192 4672 102 NA NA NA NA NA NA 200 1819 121 NA NA NA NA NA 
1760824800.0 136.7721 NA 264 0 NA NA NA NA NA NA NA 419 0 NA NA NA NA NA NA NA 818 69 NA NA NA NA NA NA NA 671 90 NA NA NA NA NA NA 
1760824800.0 136.77211 NA 264 0 NA NA NA NA NA NA NA 429 0 NA NA NA NA NA NA NA 812 68 NA NA NA NA NA NA NA 627 89 NA NA NA NA NA NA 
1760824800.0 136.773 NA 158 441 0 NA NA NA NA NA NA 237 669 0 NA NA NA NA NA NA 198 4107 104 NA NA NA NA NA NA 219 1650 155 NA NA NA NA NA 
1760824800.0 136.774 NA 157 400 0 NA NA NA NA NA NA 239 649 0 NA NA NA NA NA NA 216 4104 98 NA NA NA NA NA NA 208 1629 123 NA NA NA NA NA 
1760824800.0 136.775 NA 152 449 0 NA NA NA NA NA NA 238 694 0 NA NA NA NA NA NA 185 3868 124 NA NA NA NA NA NA 192 1524 156 NA NA NA NA NA 
1760824800.0 136.776 NA 152 474 0 NA NA NA NA NA NA 229 706 0 NA NA NA NA NA NA 197 3715 126 NA NA NA NA NA NA 181 1497 156 NA NA NA NA NA 
1760824800.0 136.777 NA 162 435 0 NA NA NA NA NA NA 237 689 0 NA NA NA NA NA NA 181 4307 110 NA NA NA NA NA NA 173 1715 131 NA NA NA NA NA 
1760824800.0 136.778 NA 161 459 0 NA NA NA NA NA NA 235 665 0 NA NA NA NA NA NA 171 2761 145 NA NA NA NA NA NA 161 1297 171 NA NA NA NA NA 
1760824800.0 136.779 NA 153 385 0 NA NA NA NA NA NA 239 623 0 NA NA NA NA NA NA 227 3898 118 NA NA NA NA NA NA 248 1627 155 NA NA NA NA NA 
1760824800.0 136.78 NA 176 509 0 NA NA NA NA NA NA 257 803 0 NA NA NA NA NA NA 191 4997 161 NA NA NA NA NA NA 238 1976 180 NA NA NA NA NA 
1760824800.0 136.7801 NA 187 0 NA NA NA NA NA NA NA 261 0 NA NA NA NA NA NA NA 229 72 NA NA NA NA NA NA NA 314 94 NA NA NA NA NA NA 
1760824800.0 136.7802 NA 114 0 NA NA NA NA NA NA NA 187 0 NA NA NA NA NA NA NA 146 75 NA NA NA NA NA NA NA 248 115 NA NA NA NA NA NA 
1760824800.0 136.7803 NA 194 0 NA NA NA NA NA NA NA 259 0 NA NA NA NA NA NA NA 280 66 NA NA NA NA NA NA NA 512 83 NA NA NA NA NA NA 
1760824800.0 136.781 NA 175 459 0 NA NA NA NA NA NA 254 765 0 NA NA NA NA NA NA 187 5149 132 NA NA NA NA NA NA 237 1923 176 NA NA NA NA NA 
1760824800.0 136.782 NA 183 549 0 NA NA NA NA NA NA 258 832 0 NA NA NA NA NA NA 289 6738 213 NA NA NA NA NA NA 286 2552 245 NA NA NA NA NA 
1760824800.0 136.783 NA 182 446 0 NA NA NA NA NA NA 257 844 0 NA NA NA NA NA NA 242 7688 157 NA NA NA NA NA NA 256 2922 191 NA NA NA NA NA 
1760824800.0 136.784 NA 170 438 0 NA NA NA NA NA NA 265 673 0 NA NA NA NA NA NA 192 4909 128 NA NA NA NA NA NA 247 1966 154 NA NA NA NA NA 
1760824800.0 136.785 NA 182 445 0 NA NA NA NA NA NA 257 714 0 NA NA NA NA NA NA 268 6700 133 NA NA NA NA NA NA 232 2562 157 NA NA NA NA NA 
1760824800.0 136.786 NA 175 520 0 NA NA NA NA NA NA 257 831 0 NA NA NA NA NA NA 199 5484 138 NA NA NA NA NA NA 348 2057 154 NA NA NA NA NA 
1760824800.0 136.787 NA 183 586 0 NA NA NA NA NA NA 260 875 0 NA NA NA NA NA NA 247 6309 181 NA NA NA NA NA NA 286 2388 208 NA NA NA NA NA 
1760824800.0 136.788 NA 181 442 0 NA NA NA NA NA NA 259 825 0 NA NA NA NA NA NA 248 7512 170 NA NA NA NA NA NA 258 2770 199 NA NA NA NA NA 
1760824800.0 136.789 NA 175 561 0 NA NA NA NA NA NA 257 834 0 NA NA NA NA NA NA 179 4716 166 NA NA NA NA NA NA 185 1800 192 NA NA NA NA NA 
1760824800.0 136.79 NA 177 440 0 NA NA NA NA NA NA 261 659 0 NA NA NA NA NA NA 213 3091 138 NA NA NA NA NA NA 195 1484 182 NA NA NA NA NA 
1760824800.0 136.791 NA 180 427 0 NA NA NA NA NA NA 263 636 0 NA NA NA NA NA NA 187 1158 135 NA NA NA NA NA NA 177 1003 162 NA NA NA NA NA 
1760824800.0 136.792 NA 177 530 0 NA NA NA NA NA NA 256 819 0 NA NA NA NA NA NA 185 4204 166 NA NA NA NA NA NA 186 1659 216 NA NA NA NA NA 
1760824800.0 136.793 NA 176 457 0 NA NA NA NA NA NA 260 741 0 NA NA NA NA NA NA 176 4042 134 NA NA NA NA NA NA 212 1679 194 NA NA NA NA NA 
1760824800.0 136.794 NA 173 528 0 NA NA NA NA NA NA 262 805 0 NA NA NA NA NA NA 218 4398 171 NA NA NA NA NA NA 274 1679 197 NA NA NA NA NA 
1760824800.0 136.795 NA 175 485 0 NA NA NA NA NA NA 257 768 0 NA NA NA NA NA NA 188 4504 123 NA NA NA NA NA NA 218 1767 142 NA NA NA NA NA 
1760824800.0 136.796 NA 178 431 0 NA NA NA NA NA NA 255 681 0 NA NA NA NA NA NA 182 4051 128 NA NA NA NA NA NA 231 1628 167 NA NA NA NA NA 
1760824800.0 136.797 NA 179 432 0 NA NA NA NA NA NA 257 678 0 NA NA NA NA NA NA 199 4484 114 NA NA NA NA NA NA 228 1776 131 NA NA NA NA NA 
1760824800.0 136.798 NA 177 521 0 NA NA NA NA NA NA 256 786 0 NA NA NA NA NA NA 192 4339 141 NA NA NA NA NA NA 345 1693 162 NA NA NA NA NA 
1760824800.0 136.799 NA 173 583 0 NA NA NA NA NA NA 255 908 0 NA NA NA NA NA NA 204 4338 143 NA NA NA NA NA NA 220 1801 164 NA NA NA NA NA 
1760824800.0 136.8 NA 178 473 0 NA NA NA NA NA NA 254 774 0 NA NA NA NA NA NA 184 4567 123 NA NA NA NA NA NA 207 1875 140 NA NA NA NA NA 
1760824800.0 136.801 NA 177 556 0 NA NA NA NA NA NA 260 772 0 NA NA NA NA NA NA 166 3027 167 NA NA NA NA NA NA 186 1396 275 NA NA NA NA NA 
1760824800.0 136.802 NA 176 426 0 NA NA NA NA NA NA 252 671 0 NA NA NA NA NA NA 214 3853 136 NA NA NA NA NA NA 234 1629 184 NA NA NA NA NA 
1760824800.0 136.803 NA 186 436 0 NA NA NA NA NA NA 261 630 0 NA NA NA NA NA NA 171 1131 134 NA NA NA NA NA NA 160 989 157 NA NA NA NA NA 
1760824800.0 136.804 NA 177 520 0 NA NA NA NA NA NA 264 817 0 NA NA NA NA NA NA 184 4126 168 NA NA NA NA NA NA 208 1666 215 NA NA NA NA NA 
1760824800.0 136.805 NA 174 447 0 NA NA NA NA NA NA 254 755 0 NA NA NA NA NA NA 178 4345 133 NA NA NA NA NA NA 173 1750 173 NA NA NA NA NA 
1760824800.0 136.806 NA 177 519 0 NA NA NA NA NA NA 261 808 0 NA NA NA NA NA NA 213 4189 172 NA NA NA NA NA NA 268 1634 268 NA NA NA NA NA 
1760824800.0 136.807 NA 178 461 0 NA NA NA NA NA NA 257 744 0 NA NA NA NA NA NA 184 4579 123 NA NA NA NA NA NA 187 1816 141 NA NA NA NA NA 
1760824800.0 136.808 NA 174 474 0 NA NA NA NA NA NA 255 751 0 NA NA NA NA NA NA 188 4254 124 NA NA NA NA NA NA 217 1724 149 NA NA NA NA NA 
1760824800.0 136.809 NA 181 425 0 NA NA NA NA NA NA 259 691 0 NA NA NA NA NA NA 198 4194 115 NA NA NA NA NA NA 169 1666 133 NA NA NA NA NA 
1760824800.0 136.81 NA 177 513 0 NA NA NA NA NA NA 261 804 0 NA NA NA NA NA NA 184 4176 148 NA NA NA NA NA NA 204 1665 172 NA NA NA NA NA 
1760824800.0 136.811 NA 179 579 0 NA NA NA NA NA NA 255 899 0 NA NA NA NA NA NA 189 4210 144 NA NA NA NA NA NA 211 1768 162 NA NA NA NA NA 
1760824800.0 136.812 NA 173 447 0 NA NA NA NA NA NA 255 800 0 NA NA NA NA NA NA 186 4684 125 NA NA NA NA NA NA 214 1903 143 NA NA NA NA NA 
1760824800.0 136.813 NA 174 552 0 NA NA NA NA NA NA 254 797 0 NA NA NA NA NA NA 167 3017 165 NA NA NA NA NA NA 180 1357 195 NA NA NA NA NA 
1760824800.0 136.814 NA 181 432 0 NA NA NA NA NA NA 255 683 0 NA NA NA NA NA NA 210 4045 133 NA NA NA NA NA NA 179 1696 155 NA NA NA NA NA 
1760824800.0 136.815 NA 187 437 0 NA NA NA NA NA NA 262 629 0 NA NA NA NA NA NA 209 1409 163 NA NA NA NA NA NA 218 1234 190 NA NA NA NA NA 
1760824800.0 136.816 NA 184 553 0 NA NA NA NA NA NA 263 841 0 NA NA NA NA NA NA 235 7214 209 NA NA NA NA NA NA 253 2486 246 NA NA NA NA NA 
1760824800.0 136.817 NA 182 488 0 NA NA NA NA NA NA 254 793 0 NA NA NA NA NA NA 223 6815 143 NA NA NA NA NA NA 239 2566 169 NA NA NA NA NA 
1760824800.0 136.818 NA 183 524 0 NA NA NA NA NA NA 262 865 0 NA NA NA NA NA NA 277 7052 195 NA NA NA NA NA NA 296 2674 235 NA NA NA NA NA 
1760824800.0 136.819 NA 183 489 0 NA NA NA NA NA NA 255 836 0 NA NA NA NA NA NA 237 7960 169 NA NA NA NA NA NA 262 2896 203 NA NA NA NA NA 
1760824800.0 136.82 NA 182 448 0 NA NA NA NA NA NA 257 734 0 NA NA NA NA NA NA 233 7404 180 NA NA NA NA NA NA 211 2846 206 NA NA NA NA NA 
1760824800.0 136.821 NA 184 449 0 NA NA NA NA NA NA 258 727 0 NA NA NA NA NA NA 260 6650 148 NA NA NA NA NA NA 271 2601 175 NA NA NA NA NA 
1760824800.0 136.822 NA 182 522 0 NA NA NA NA NA NA 254 858 0 NA NA NA NA NA NA 232 6895 176 NA NA NA NA NA NA 271 2689 227 NA NA NA NA NA 
1760824800.0 136.823 NA 183 598 0 NA NA NA NA NA NA 255 931 0 NA NA NA NA NA NA 257 6317 179 NA NA NA NA NA NA 239 2550 204 NA NA NA NA NA 
1760824800.0 136.824 NA 184 496 0 NA NA NA NA NA NA 257 819 0 NA NA NA NA NA NA 250 8164 186 NA NA NA NA NA NA 260 2886 214 NA NA NA NA NA 
1760824800.0 136.825 NA 173 574 0 NA NA NA NA NA NA 262 810 0 NA NA NA NA NA NA 174 3833 171 NA NA NA NA NA NA 186 1556 227 NA NA NA NA NA 
1760824800.0 136.826 NA 183 447 0 NA NA NA NA NA NA 258 731 0 NA NA NA NA NA NA 293 6564 155 NA NA NA NA NA NA 292 2457 186 NA NA NA NA NA 
1760824800.0 136.827 NA 176 439 0 NA NA NA NA NA NA 257 654 0 NA NA NA NA NA NA 170 1208 138 NA NA NA NA NA NA 160 1004 167 NA NA NA NA NA 
1760824800.0 136.828 NA 184 557 0 NA NA NA NA NA NA 259 859 0 NA NA NA NA NA NA 197 6540 164 NA NA NA NA NA NA 244 2352 195 NA NA NA NA NA 
1760824800.0 136.829 NA 183 451 0 NA NA NA NA NA NA 262 813 0 NA NA NA NA NA NA 255 8153 161 NA NA NA NA NA NA 278 2937 192 NA NA NA NA NA 
1760824800.0 136.83 NA 183 557 0 NA NA NA NA NA NA 257 827 0 NA NA NA NA NA NA 213 6409 168 NA NA NA NA NA NA 232 2203 201 NA NA NA NA NA 
1760824800.0 136.831 NA 183 504 0 NA NA NA NA NA NA 265 827 0 NA NA NA NA NA NA 194 6766 127 NA NA NA NA NA NA 231 2420 162 NA NA NA NA NA 
1760824800.0 136.8311 NA 267 0 NA NA NA NA NA NA NA 428 0 NA NA NA NA NA NA NA 878 67 NA NA NA NA NA NA NA 599 88 NA NA NA NA NA NA 
1760824800.0 136.83111 NA 273 0 NA NA NA NA NA NA NA 441 0 NA NA NA NA NA NA NA 899 66 NA NA NA NA NA NA NA 579 81 NA NA NA NA NA NA 
1760824800.0 136.832 NA 183 508 0 NA NA NA NA NA NA 255 844 0 NA NA NA NA NA NA 250 9634 162 NA NA NA NA NA NA 212 3520 189 NA NA NA NA NA 
1760824800.0 136.833 NA 184 461 0 NA NA NA NA NA NA 265 735 0 NA NA NA NA NA NA 273 8140 163 NA NA NA NA NA NA 264 2913 192 NA NA NA NA NA 
1760824800.0 136.834 NA 183 552 0 NA NA NA NA NA NA 255 842 0 NA NA NA NA NA NA 256 7765 184 NA NA NA NA NA NA 269 2652 211 NA NA NA NA NA 
1760824800.0 136.835 NA 186 619 0 NA NA NA NA NA NA 267 943 0 NA NA NA NA NA NA 262 7168 201 NA NA NA NA NA NA 273 2650 229 NA NA NA NA NA 
1760824800.0 136.836 NA 183 467 0 NA NA NA NA NA NA 252 850 0 NA NA NA NA NA NA 240 8532 168 NA NA NA NA NA NA 266 3034 202 NA NA NA NA NA 
1760824800.0 136.837 NA 178 540 0 NA NA NA NA NA NA 260 838 0 NA NA NA NA NA NA 183 5004 161 NA NA NA NA NA NA 210 1863 182 NA NA NA NA NA 
1760824800.0 136.838 NA 183 464 0 NA NA NA NA NA NA 260 731 0 NA NA NA NA NA NA 219 6036 135 NA NA NA NA NA NA 238 2140 161 NA NA NA NA NA 
1760824800.0 136.839 NA 191 435 0 NA NA NA NA NA NA 269 653 0 NA NA NA NA NA NA 243 1513 179 NA NA NA NA NA NA 218 1363 209 NA NA NA NA NA 
1760824800.0 136.8391 NA 228 541 0 NA NA NA NA NA NA 326 842 0 NA NA NA NA NA NA 563 7045 191 NA NA NA NA NA NA 488 2617 222 NA NA NA NA NA 
1760824800.0 136.84 NA 176 441 0 NA NA NA NA NA NA 256 702 0 NA NA NA NA NA NA 191 4830 120 NA NA NA NA NA NA 289 1915 155 NA NA NA NA NA 
1760824800.0 136.841 NA 180 431 0 NA NA NA NA NA NA 258 723 0 NA NA NA NA NA NA 188 5018 119 NA NA NA NA NA NA 212 1910 144 NA NA NA NA NA 
1760824800.0 136.842 NA 183 445 0 NA NA NA NA NA NA 262 777 0 NA NA NA NA NA NA 251 8231 160 NA NA NA NA NA NA 296 3012 188 NA NA NA NA NA 
1760824800.0 136.843 NA 182 464 0 NA NA NA NA NA NA 258 779 0 NA NA NA NA NA NA 189 7904 119 NA NA NA NA NA NA 220 2864 141 NA NA NA NA NA 
1760824800.0 136.844 NA 176 406 0 NA NA NA NA NA NA 262 666 0 NA NA NA NA NA NA 225 4618 116 NA NA NA NA NA NA 218 1845 138 NA NA NA NA NA 
1760824800.0 136.845 NA 178 418 0 NA NA NA NA NA NA 257 638 0 NA NA NA NA NA NA 206 3902 120 NA NA NA NA NA NA 190 1592 148 NA NA NA NA NA 
1760824800.0 136.846 NA 182 411 0 NA NA NA NA NA NA 259 644 0 NA NA NA NA NA NA 203 3705 122 NA NA NA NA NA NA 190 1546 179 NA NA NA NA NA 
1760824800.0 136.847 NA 183 442 0 NA NA NA NA NA NA 261 714 0 NA NA NA NA NA NA 319 6515 151 NA NA NA NA NA NA 252 2385 181 NA NA NA NA NA 
1760824800.0 136.848 NA 183 464 0 NA NA NA NA NA NA 264 713 0 NA NA NA NA NA NA 215 6584 117 NA NA NA NA NA NA 250 2320 144 NA NA NA NA NA 
1760824800.0 136.849 NA 181 512 0 NA NA NA NA NA NA 254 799 0 NA NA NA NA NA NA 163 4175 171 NA NA NA NA NA NA 206 1643 300 NA NA NA NA NA 
1760824800.0 136.85 NA 178 492 0 NA NA NA NA NA NA 254 811 0 NA NA NA NA NA NA 164 4418 125 NA NA NA NA NA NA 197 1818 142 NA NA NA NA NA 
1760824800.0 136.8501 NA 174 420 0 NA NA NA NA NA NA 259 695 0 NA NA NA NA NA NA 166 4701 118 NA NA NA NA NA NA 207 1860 145 NA NA NA NA NA 
1760824800.0 136.851 NA 174 511 0 NA NA NA NA NA NA 263 782 0 NA NA NA NA NA NA 196 4441 169 NA NA NA NA NA NA 252 1718 197 NA NA NA NA NA 
1760824800.0 136.852 NA 173 444 0 NA NA NA NA NA NA 252 776 0 NA NA NA NA NA NA 182 4925 126 NA NA NA NA NA NA 313 2012 156 NA NA NA NA NA 
1760824800.0 136.853 NA 183 472 0 NA NA NA NA NA NA 254 758 0 NA NA NA NA NA NA 225 5240 150 NA NA NA NA NA NA 286 2079 181 NA NA NA NA NA 
1760824800.0 136.854 NA 180 390 0 NA NA NA NA NA NA 256 726 0 NA NA NA NA NA NA 189 4686 117 NA NA NA NA NA NA 193 2014 134 NA NA NA NA NA 
1760824800.0 136.855 NA 183 578 0 NA NA NA NA NA NA 253 882 0 NA NA NA NA NA NA 175 4328 144 NA NA NA NA NA NA 191 1815 166 NA NA NA NA NA 
1760824800.0 136.856 NA 180 587 0 NA NA NA NA NA NA 255 858 0 NA NA NA NA NA NA 149 3303 168 NA NA NA NA NA NA 189 1674 198 NA NA NA NA NA 
1760824800.0 136.8561 NA 123 414 0 NA NA NA NA NA NA 261 635 0 NA NA NA NA NA NA 145 968 155 NA NA NA NA NA NA 233 829 178 NA NA NA NA NA 
1760824800.0 136.8562 NA 170 427 0 NA NA NA NA NA NA 251 608 0 NA NA NA NA NA NA 113 856 142 NA NA NA NA NA NA 167 844 175 NA NA NA NA NA 
1760824800.0 136.857 NA 174 429 0 NA NA NA NA NA NA 256 695 0 NA NA NA NA NA NA 199 4187 136 NA NA NA NA NA NA 206 1699 163 NA NA NA NA NA 
1760824800.0 136.858 NA 180 427 0 NA NA NA NA NA NA 262 631 0 NA NA NA NA NA NA 173 1208 132 NA NA NA NA NA NA 203 1057 155 NA NA NA NA NA 
1760824800.0 136.859 NA 185 464 0 NA NA NA NA NA NA 259 768 0 NA NA NA NA NA NA 225 6470 132 NA NA NA NA NA NA 254 2341 155 NA NA NA NA NA 
1760824800.0 136.86 NA 178 425 0 NA NA NA NA NA NA 259 669 0 NA NA NA NA NA NA 193 4223 120 NA NA NA NA NA NA 180 1820 156 NA NA NA NA NA 
1760824800.0 136.861 NA 181 542 0 NA NA NA NA NA NA 254 811 0 NA NA NA NA NA NA 219 6838 203 NA NA NA NA NA NA 261 2458 233 NA NA NA NA NA 
1760824800.0 136.862 NA 184 513 0 NA NA NA NA NA NA 252 806 0 NA NA NA NA NA NA 164 5817 129 NA NA NA NA NA NA 243 2102 150 NA NA NA NA NA 
1760824800.0 136.863 NA 182 548 0 NA NA NA NA NA NA 261 842 0 NA NA NA NA NA NA 285 7053 194 NA NA NA NA NA NA 296 2563 230 NA NA NA NA NA 
1760824800.0 136.864 NA 183 494 0 NA NA NA NA NA NA 250 859 0 NA NA NA NA NA NA 241 8486 155 NA NA NA NA NA NA 266 3067 184 NA NA NA NA NA 
1760824800.0 136.8642 NA 183 494 0 NA NA NA NA NA NA 254 839 0 NA NA NA NA NA NA 229 8299 161 NA NA NA NA NA NA 268 3035 191 NA NA NA NA NA 
1760824800.0 136.865 NA 183 498 0 NA NA NA NA NA NA 255 820 0 NA NA NA NA NA NA 218 8128 153 NA NA NA NA NA NA 252 3122 183 NA NA NA NA NA 
1760824800.0 136.866 NA 182 459 0 NA NA NA NA NA NA 255 758 0 NA NA NA NA NA NA 187 5815 120 NA NA NA NA NA NA 210 2097 146 NA NA NA NA NA 
1760824800.0 136.867 NA 182 596 0 NA NA NA NA NA NA 248 933 0 NA NA NA NA NA NA 250 7006 190 NA NA NA NA NA NA 283 2681 217 NA NA NA NA NA 
1760824800.0 136.868 NA 175 609 0 NA NA NA NA NA NA 255 855 0 NA NA NA NA NA NA 177 4913 172 NA NA NA NA NA NA 355 2108 195 NA NA NA NA NA 
1760824800.0 136.869 NA 181 469 0 NA NA NA NA NA NA 264 720 0 NA NA NA NA NA NA 210 5997 135 NA NA NA NA NA NA 185 2127 162 NA NA NA NA NA 
1760824800.0 136.87 NA 178 442 0 NA NA NA NA NA NA 263 624 0 NA NA NA NA NA NA 177 1268 131 NA NA NA NA NA NA 167 1123 151 NA NA NA NA NA 
1760824800.0 136.871 NA 183 476 0 NA NA NA NA NA NA 256 829 0 NA NA NA NA NA NA 241 9582 160 NA NA NA NA NA NA 241 3486 195 NA NA NA NA NA 
1760824800.0 136.872 NA 182 475 0 NA NA NA NA NA NA 256 709 0 NA NA NA NA NA NA 274 7399 159 NA NA NA NA NA NA 251 2832 187 NA NA NA NA NA 
1760824800.0 136.873 NA 184 520 0 NA NA NA NA NA NA 259 845 0 NA NA NA NA NA NA 233 6801 209 NA NA NA NA NA NA 220 2726 244 NA NA NA NA NA 
1760824800.0 136.874 NA 184 482 0 NA NA NA NA NA NA 252 884 0 NA NA NA NA NA NA 215 6145 165 NA NA NA NA NA NA 254 2411 194 NA NA NA NA NA 
1760824800.0 136.875 NA 181 546 0 NA NA NA NA NA NA 255 800 0 NA NA NA NA NA NA 273 6552 199 NA NA NA NA NA NA 246 2348 238 NA NA NA NA NA 
1760824800.0 136.876 NA 184 509 0 NA NA NA NA NA NA 250 845 0 NA NA NA NA NA NA 174 6215 127 NA NA NA NA NA NA 219 2268 150 NA NA NA NA NA 
1760824800.0 136.877 NA 183 493 0 NA NA NA NA NA NA 264 816 0 NA NA NA NA NA NA 225 6070 160 NA NA NA NA NA NA 270 2317 193 NA NA NA NA NA 
1760824800.0 136.878 NA 184 464 0 NA NA NA NA NA NA 263 752 0 NA NA NA NA NA NA 267 6543 143 NA NA NA NA NA NA 291 2418 169 NA NA NA NA NA 
1760824800.0 136.879 NA 183 611 0 NA NA NA NA NA NA 249 925 0 NA NA NA NA NA NA 252 6596 181 NA NA NA NA NA NA 286 2684 210 NA NA NA NA NA 
1760824800.0 136.88 NA 183 601 0 NA NA NA NA NA NA 257 862 0 NA NA NA NA NA NA 210 5322 196 NA NA NA NA NA NA 311 2440 230 NA NA NA NA NA 
1760824800.0 136.881 NA 183 450 0 NA NA NA NA NA NA 263 718 0 NA NA NA NA NA NA 296 5717 167 NA NA NA NA NA NA 307 2343 193 NA NA NA NA NA 
1760824800.0 136.882 NA 176 477 0 NA NA NA NA NA NA 267 696 0 NA NA NA NA NA NA 185 1549 148 NA NA NA NA NA NA 197 1059 201 NA NA NA NA NA 
1760824800.0 136.883 NA 184 431 0 NA NA NA NA NA NA 267 794 0 NA NA NA NA NA NA 221 8091 150 NA NA NA NA NA NA 709 2955 181 NA NA NA NA NA 
1760824800.0 136.884 NA 183 437 0 NA NA NA NA NA NA 261 686 0 NA NA NA NA NA NA 289 6186 150 NA NA NA NA NA NA 247 2520 188 NA NA NA NA NA 
1760824800.0 136.885 NA 183 540 0 NA NA NA NA NA NA 261 809 0 NA NA NA NA NA NA 235 6293 206 NA NA NA NA NA NA 275 2333 257 NA NA NA NA NA 
1760824800.0 136.8855 NA 182 147 0 NA NA NA NA NA NA 257 281 0 NA NA NA NA NA NA 168 233 66 NA NA NA NA NA NA 175 257 85 NA NA NA NA NA 
1760824800.0 136.886 NA 172 466 0 NA NA NA NA NA NA 250 795 0 NA NA NA NA NA NA 176 5234 132 NA NA NA NA NA NA 288 2079 174 NA NA NA NA NA 
1760824800.0 136.8861 NA 189 492 0 NA NA NA NA NA NA 272 778 0 NA NA NA NA NA NA 250 5606 184 NA NA NA NA NA NA 380 2301 217 NA NA NA NA NA 
1760824800.0 136.8862 NA 184 502 0 NA NA NA NA NA NA 253 806 0 NA NA NA NA NA NA 234 6964 157 NA NA NA NA NA NA 350 2602 200 NA NA NA NA NA 
1760824800.0 136.887 NA 174 519 0 NA NA NA NA NA NA 270 817 0 NA NA NA NA NA NA 204 5097 163 NA NA NA NA NA NA 239 1992 182 NA NA NA NA NA 
1760824800.0 136.888 NA 183 524 0 NA NA NA NA NA NA 249 812 0 NA NA NA NA NA NA 173 5817 123 NA NA NA NA NA NA 172 2107 152 NA NA NA NA NA 
1760824800.0 136.88811 NA 276 0 NA NA NA NA NA NA NA 440 0 NA NA NA NA NA NA NA 870 65 NA NA NA NA NA NA NA 604 78 NA NA NA NA NA NA 
1760824800.0 136.8885 NA 183 149 0 NA NA NA NA NA NA 257 294 0 NA NA NA NA NA NA 169 236 65 NA NA NA NA NA NA 177 327 81 NA NA NA NA NA 
1760824800.0 136.889 NA 182 487 0 NA NA NA NA NA NA 264 813 0 NA NA NA NA NA NA 219 7287 157 NA NA NA NA NA NA 244 2831 183 NA NA NA NA NA 
1760824800.0 136.89 NA 183 453 0 NA NA NA NA NA NA 261 757 0 NA NA NA NA NA NA 260 6439 133 NA NA NA NA NA NA 272 2413 159 NA NA NA NA NA 
1760824800.0 136.891 NA 182 599 0 NA NA NA NA NA NA 257 918 0 NA NA NA NA NA NA 241 6114 177 NA NA NA NA NA NA 322 2357 208 NA NA NA NA NA 
1760824800.0 136.892 NA 183 621 0 NA NA NA NA NA NA 257 869 0 NA NA NA NA NA NA 203 5743 198 NA NA NA NA NA NA 282 2357 236 NA NA NA NA NA 
1760824800.0 136.893 NA 182 446 0 NA NA NA NA NA NA 257 734 0 NA NA NA NA NA NA 271 6303 157 NA NA NA NA NA NA 268 2565 180 NA NA NA NA NA 
1760824800.0 136.894 NA 182 495 0 NA NA NA NA NA NA 266 719 0 NA NA NA NA NA NA 185 2657 150 NA NA NA NA NA NA 211 1392 187 NA NA NA NA NA 
1760824800.0 136.895 NA 184 458 0 NA NA NA NA NA NA 264 768 0 NA NA NA NA NA NA 228 7247 159 NA NA NA NA NA NA 265 2680 195 NA NA NA NA NA 
1760824800.0 136.896 NA 184 454 0 NA NA NA NA NA NA 264 706 0 NA NA NA NA NA NA 291 6216 155 NA NA NA NA NA NA 251 2553 186 NA NA NA NA NA 
1760824800.0 136.897 NA 297 147 0 NA NA NA NA NA NA 472 234 0 NA NA NA NA NA NA 450 101 121 NA NA NA NA NA NA 339 120 160 NA NA NA NA NA 
1760824800.0 136.898 NA 183 485 0 NA NA NA NA NA NA 254 790 0 NA NA NA NA NA NA 269 6077 147 NA NA NA NA NA NA 250 2425 177 NA NA NA NA NA 
1760824800.0 136.899 NA 312 163 0 NA NA NA NA NA NA 503 277 0 NA NA NA NA NA NA 517 108 120 NA NA NA NA NA NA 325 131 151 NA NA NA NA NA 
1760824800.0 136.9 NA 223 221 305 200 NA NA NA NA NA 372 345 476 304 NA NA NA NA NA 3599 547 717 434 NA NA NA NA NA 4643 815 1041 582 NA NA NA NA 
1760824800.0 1360.0 137 196 382 0 NA NA NA NA NA 231 293 559 0 NA NA NA NA NA 1133 135 654 259 NA NA NA NA NA 475 145 657 307 NA NA NA NA NA 
1760824800.0 1361.0 168 222 404 0 NA NA NA NA NA 268 301 573 0 NA NA NA NA NA 4365 252 865 372 NA NA NA NA NA 1626 273 830 419 NA NA NA NA NA 
1760824800.0 1361.17 140 290 477 0 161 NA NA NA NA 227 387 683 0 248 NA NA NA NA 3320 826 739 329 177 NA NA NA NA 1144 363 773 370 188 NA NA NA NA 
1760824800.0 1361.18 141 280 475 0 165 NA NA NA NA 227 366 676 0 252 NA NA NA NA 3255 869 720 314 190 NA NA NA NA 1073 350 733 339 245 NA NA NA NA 
1760824800.0 1361.181 142 286 478 0 164 NA NA NA NA 227 367 678 0 245 NA NA NA NA 3365 833 756 352 186 NA NA NA NA 1098 334 770 389 215 NA NA NA NA 
1760824800.0 1362.0 165 216 410 0 NA NA NA NA NA 269 302 582 0 NA NA NA NA NA 5421 217 977 384 NA NA NA NA NA 1967 204 1035 413 NA NA NA NA NA 
1760824800.0 1362.17 141 292 477 0 160 NA NA NA NA 227 384 677 0 247 NA NA NA NA 4189 835 747 337 181 NA NA NA NA 1396 341 757 379 198 NA NA NA NA 
1760824800.0 1362.18 142 284 477 0 164 NA NA NA NA 231 373 679 0 245 NA NA NA NA 4371 831 785 335 189 NA NA NA NA 1787 340 780 376 211 NA NA NA NA 
1760824800.0 1363.0 159 219 391 0 NA NA NA NA NA 262 305 584 0 NA NA NA NA NA 4649 197 816 385 NA NA NA NA NA 1761 218 867 445 NA NA NA NA NA 
1760824800.0 1363.17 142 293 482 0 161 NA NA NA NA 228 397 702 0 245 NA NA NA NA 4392 846 744 349 175 NA NA NA NA 1466 326 715 379 209 NA NA NA NA 
1760824800.0 1363.18 142 284 481 0 164 NA NA NA NA 230 381 693 0 247 NA NA NA NA 4329 837 755 339 189 NA NA NA NA 1514 363 789 396 222 NA NA NA NA 
1760824800.0 1364.0 NA 220 387 0 NA NA NA NA NA NA 314 543 0 NA NA NA NA NA NA 223 940 406 NA NA NA NA NA NA 210 985 471 NA NA NA NA NA 
1760824800.0 1365.0 NA 216 400 0 NA NA NA NA NA NA 309 547 0 NA NA NA NA NA NA 196 825 417 NA NA NA NA NA NA 234 808 469 NA NA NA NA NA 
1760824800.0 1366.0 NA 215 384 0 NA NA NA NA NA NA 305 562 0 NA NA NA NA NA NA 195 755 367 NA NA NA NA NA NA 209 922 407 NA NA NA NA NA 
1760824800.0 137.8 NA 182 556 NA 183 499 0 NA NA NA 248 836 NA 254 770 0 NA NA NA 167 5182 NA 162 5152 158 NA NA NA 315 2058 NA 155 1994 195 NA NA 
1760824800.0 1370.0 59 147 211 382 0 146 NA NA NA 92 250 301 592 0 244 NA NA NA 25 1024 178 691 246 182 NA NA NA 61 524 152 660 279 219 NA NA NA 
1760824800.0 1370.17 63 135 281 463 0 157 NA NA NA 93 226 371 652 0 247 NA NA NA 26 1084 836 767 279 172 NA NA NA 80 522 341 769 334 175 NA NA NA 
1760824800.0 1370.18 63 137 275 459 0 156 NA NA NA 93 229 372 668 0 250 NA NA NA 24 952 834 769 281 176 NA NA NA 69 517 339 762 336 182 NA NA NA 
1760824800.0 138.1 NA 304 148 0 NA NA NA NA NA NA 478 240 0 NA NA NA NA NA NA 422 110 119 NA NA NA NA NA NA 347 144 149 NA NA NA NA NA 
1760824800.0 138.2 NA 304 148 0 NA NA NA NA NA NA 476 240 0 NA NA NA NA NA NA 428 106 119 NA NA NA NA NA NA 318 141 146 NA NA NA NA NA 
1760824800.0 138.3 NA 70 495 0 NA NA NA NA NA NA 117 700 0 NA NA NA NA NA NA 32 27741 142 NA NA NA NA NA NA 283 11446 169 NA NA NA NA NA 
1760824800.0 138.4 NA 401 0 NA NA NA NA NA NA NA 601 0 NA NA NA NA NA NA NA 621 157 NA NA NA NA NA NA NA 621 188 NA NA NA NA NA NA 
1760824800.0 138.5 NA 433 206 0 NA NA NA NA NA NA 615 310 0 NA NA NA NA NA NA 725 147 159 NA NA NA NA NA NA 728 167 185 NA NA NA NA NA 
1760824800.0 139.001 NA 192 438 0 NA NA NA NA NA NA 275 614 0 NA NA NA NA NA NA 182 1208 168 NA NA NA NA NA NA 194 1268 199 NA NA NA NA NA 
1760824800.0 139.002 NA 187 526 0 NA NA NA NA NA NA 265 726 0 NA NA NA NA NA NA 167 1344 208 NA NA NA NA NA NA 176 1116 241 NA NA NA NA NA 
1760824800.0 139.003 NA 188 352 0 NA NA NA NA NA NA 263 501 0 NA NA NA NA NA NA 143 1115 85 NA NA NA NA NA NA 134 1120 104 NA NA NA NA NA 
1760824800.0 139.004 NA 178 418 0 NA NA NA NA NA NA 273 619 0 NA NA NA NA NA NA 231 1503 181 NA NA NA NA NA NA 219 1363 217 NA NA NA NA NA 
1760824800.0 139.005 NA 160 130 NA NA NA NA NA NA NA 260 262 NA NA NA NA NA NA NA 6844 5486 NA NA NA NA NA NA NA 2759 1696 NA NA NA NA NA NA 
1760824800.0 139901.0 NA 228 384 0 NA NA NA NA NA NA 314 573 0 NA NA NA NA NA NA 210 954 423 NA NA NA NA NA NA 203 1049 485 NA NA NA NA NA 
1760824800.0 139902.0 NA 232 414 0 NA NA NA NA NA NA 320 597 0 NA NA NA NA NA NA 237 1029 392 NA NA NA NA NA NA 248 998 433 NA NA NA NA NA 
1760824800.0 13992501.0 NA 389 562 0 NA NA NA NA NA NA 553 891 0 NA NA NA NA NA NA 836 1249 374 NA NA NA NA NA NA 599 1135 413 NA NA NA NA NA 
1760824800.0 13992502.0 NA 399 615 0 NA NA NA NA NA NA 561 865 0 NA NA NA NA NA NA 832 1393 293 NA NA NA NA NA NA 561 1108 317 NA NA NA NA NA 
1760824800.0 14.0 NA 198 377 0 NA NA NA NA NA NA 299 606 0 NA NA NA NA NA NA 740 1853 385 NA NA NA NA NA NA 336 998 403 NA NA NA NA NA 
1760824800.0 140.0 137 164 246 0 NA NA NA NA NA 234 248 373 0 NA NA NA NA NA 941 124 332 113 NA NA NA NA NA 1027 156 389 132 NA NA NA NA NA 
1760824800.0 140.001 NA 188 440 0 NA NA NA NA NA NA 267 645 0 NA NA NA NA NA NA 153 1166 164 NA NA NA NA NA NA 134 979 207 NA NA NA NA NA 
1760824800.0 140.002 NA 189 456 0 NA NA NA NA NA NA 272 625 0 NA NA NA NA NA NA 214 1222 140 NA NA NA NA NA NA 197 906 166 NA NA NA NA NA 
1760824800.0 140.003 NA 190 494 0 NA NA NA NA NA NA 276 666 0 NA NA NA NA NA NA 133 921 137 NA NA NA NA NA NA 135 852 157 NA NA NA NA NA 
1760824800.0 140.004 NA 0 0 0 NA NA NA NA NA NA 0 0 0 NA NA NA NA NA NA 68 997 230 NA NA NA NA NA NA 114 1009 291 NA NA NA NA NA 
1760824800.0 140.005 NA 189 443 0 NA NA NA NA NA NA 267 655 0 NA NA NA NA NA NA 196 1196 174 NA NA NA NA NA NA 160 1163 210 NA NA NA NA NA 
1760824800.0 140.006 NA 0 0 0 NA NA NA NA NA NA 0 0 0 NA NA NA NA NA NA 66 990 221 NA NA NA NA NA NA 131 1005 244 NA NA NA NA NA 
1760824800.0 140.007 NA 171 431 0 NA NA NA NA NA NA 258 614 0 NA NA NA NA NA NA 102 1200 228 NA NA NA NA NA NA 121 1131 249 NA NA NA NA NA 
1760824800.0 140.008 NA 156 418 0 NA NA NA NA NA NA 246 622 0 NA NA NA NA NA NA 72 1111 226 NA NA NA NA NA NA 101 1245 248 NA NA NA NA NA 
1760824800.0 140.009 NA 0 0 0 NA NA NA NA NA NA 0 0 0 NA NA NA NA NA NA 66 984 217 NA NA NA NA NA NA 94 980 237 NA NA NA NA NA 
1760824800.0 140.01 NA 179 463 0 NA NA NA NA NA NA 275 653 0 NA NA NA NA NA NA 277 1520 156 NA NA NA NA NA NA 234 941 208 NA NA NA NA NA 
1760824800.0 140.011 NA 0 0 0 NA NA NA NA NA NA 0 0 0 NA NA NA NA NA NA 67 982 224 NA NA NA NA NA NA 101 975 243 NA NA NA NA NA 
1760824800.0 140.021 NA 0 0 0 NA NA NA NA NA NA 0 0 0 NA NA NA NA NA NA 68 988 237 NA NA NA NA NA NA 151 1046 281 NA NA NA NA NA 
1760824800.0 140.022 NA 179 513 0 NA NA NA NA NA NA 278 798 0 NA NA NA NA NA NA 223 4096 153 NA NA NA NA NA NA 179 1662 172 NA NA NA NA NA 
1760824800.0 140.023 NA 182 549 0 NA NA NA NA NA NA 265 792 0 NA NA NA NA NA NA 177 2822 147 NA NA NA NA NA NA 156 1273 173 NA NA NA NA NA 
1760824800.0 140.024 NA 179 515 0 NA NA NA NA NA NA 266 823 0 NA NA NA NA NA NA 238 4861 151 NA NA NA NA NA NA 259 1823 175 NA NA NA NA NA 
1760824800.0 140.025 NA 178 482 0 NA NA NA NA NA NA 264 833 0 NA NA NA NA NA NA 221 4908 147 NA NA NA NA NA NA 161 2005 166 NA NA NA NA NA 
1760824800.0 140.026 NA 186 536 0 NA NA NA NA NA NA 265 850 0 NA NA NA NA NA NA 294 6665 181 NA NA NA NA NA NA 205 2466 215 NA NA NA NA NA 
1760824800.0 140.027 NA 182 517 0 NA NA NA NA NA NA 260 822 0 NA NA NA NA NA NA 211 4629 148 NA NA NA NA NA NA 167 1834 171 NA NA NA NA NA 
1760824800.0 140.028 NA 181 479 0 NA NA NA NA NA NA 269 800 0 NA NA NA NA NA NA 208 4512 153 NA NA NA NA NA NA 189 1756 180 NA NA NA NA NA 
1760824800.0 140.029 NA 181 522 0 NA NA NA NA NA NA 268 789 0 NA NA NA NA NA NA 214 4447 146 NA NA NA NA NA NA 182 1717 166 NA NA NA NA NA 
1760824800.0 140.03 NA 182 515 0 NA NA NA NA NA NA 269 805 0 NA NA NA NA NA NA 233 4137 148 NA NA NA NA NA NA 152 1594 166 NA NA NA NA NA 
1760824800.0 140.031 NA 176 505 0 NA NA NA NA NA NA 260 811 0 NA NA NA NA NA NA 239 4676 154 NA NA NA NA NA NA 194 1802 177 NA NA NA NA NA 
1760824800.0 140.042 NA 179 527 0 NA NA NA NA NA NA 270 828 0 NA NA NA NA NA NA 248 5288 152 NA NA NA NA NA NA 250 1937 183 NA NA NA NA NA 
1760824800.0 140.043 NA 178 558 0 NA NA NA NA NA NA 261 799 0 NA NA NA NA NA NA 189 3363 158 NA NA NA NA NA NA 157 1458 207 NA NA NA NA NA 
1760824800.0 140.044 NA 186 541 0 NA NA NA NA NA NA 265 874 0 NA NA NA NA NA NA 309 6818 189 NA NA NA NA NA NA 216 2610 224 NA NA NA NA NA 
1760824800.0 140.045 NA 186 550 0 NA NA NA NA NA NA 258 871 0 NA NA NA NA NA NA 305 7853 193 NA NA NA NA NA NA 294 2897 223 NA NA NA NA NA 
1760824800.0 140.046 NA 184 549 0 NA NA NA NA NA NA 262 874 0 NA NA NA NA NA NA 353 8630 188 NA NA NA NA NA NA 263 3019 222 NA NA NA NA NA 
1760824800.0 140.047 NA 184 550 0 NA NA NA NA NA NA 268 834 0 NA NA NA NA NA NA 322 7629 207 NA NA NA NA NA NA 290 2717 246 NA NA NA NA NA 
1760824800.0 140.048 NA 186 531 0 NA NA NA NA NA NA 265 849 0 NA NA NA NA NA NA 304 6687 182 NA NA NA NA NA NA 229 2467 217 NA NA NA NA NA 
1760824800.0 140.049 NA 186 525 0 NA NA NA NA NA NA 270 853 0 NA NA NA NA NA NA 290 6901 188 NA NA NA NA NA NA 288 2387 227 NA NA NA NA NA 
1760824800.0 140.05 NA 177 512 0 NA NA NA NA NA NA 263 839 0 NA NA NA NA NA NA 270 5444 149 NA NA NA NA NA NA 351 2370 180 NA NA NA NA NA 
1760824800.0 140.051 NA 186 512 0 NA NA NA NA NA NA 265 843 0 NA NA NA NA NA NA 344 6498 188 NA NA NA NA NA NA 216 2471 216 NA NA NA NA NA 
1760824800.0 140.062 NA 186 547 0 NA NA NA NA NA NA 263 856 0 NA NA NA NA NA NA 362 7925 201 NA NA NA NA NA NA 297 2719 232 NA NA NA NA NA 
1760824800.0 140.063 NA 183 557 0 NA NA NA NA NA NA 261 800 0 NA NA NA NA NA NA 208 4266 155 NA NA NA NA NA NA 173 1664 179 NA NA NA NA NA 
1760824800.0 140.064 NA 184 547 0 NA NA NA NA NA NA 273 863 0 NA NA NA NA NA NA 362 7824 203 NA NA NA NA NA NA 317 2661 230 NA NA NA NA NA 
1760824800.0 140.065 NA 185 554 0 NA NA NA NA NA NA 272 894 0 NA NA NA NA NA NA 253 6758 153 NA NA NA NA NA NA 240 2387 179 NA NA NA NA NA 
1760824800.0 140.066 NA 183 555 0 NA NA NA NA NA NA 261 937 0 NA NA NA NA NA NA 360 10424 188 NA NA NA NA NA NA 213 3606 216 NA NA NA NA NA 
1760824800.0 140.067 NA 185 547 0 NA NA NA NA NA NA 268 890 0 NA NA NA NA NA NA 336 8071 196 NA NA NA NA NA NA 271 2779 227 NA NA NA NA NA 
1760824800.0 140.068 NA 184 558 0 NA NA NA NA NA NA 261 866 0 NA NA NA NA NA NA 249 6308 150 NA NA NA NA NA NA 240 2163 180 NA NA NA NA NA 
1760824800.0 140.069 NA 184 556 0 NA NA NA NA NA NA 258 858 0 NA NA NA NA NA NA 387 7527 194 NA NA NA NA NA NA 282 2639 225 NA NA NA NA NA 
1760824800.0 140.071 NA 187 521 0 NA NA NA NA NA NA 264 811 0 NA NA NA NA NA NA 214 3785 154 NA NA NA NA NA NA 142 1518 176 NA NA NA NA NA 
1760824800.0 140.072 NA 182 540 0 NA NA NA NA NA NA 262 780 0 NA NA NA NA NA NA 186 2853 150 NA NA NA NA NA NA 166 1305 174 NA NA NA NA NA 
1760824800.0 140.073 NA 181 504 0 NA NA NA NA NA NA 267 799 0 NA NA NA NA NA NA 231 4216 150 NA NA NA NA NA NA 228 1671 175 NA NA NA NA NA 
1760824800.0 140.074 NA 177 520 0 NA NA NA NA NA NA 268 792 0 NA NA NA NA NA NA 232 4405 146 NA NA NA NA NA NA 359 1679 167 NA NA NA NA NA 
1760824800.0 140.075 NA 174 522 0 NA NA NA NA NA NA 271 808 0 NA NA NA NA NA NA 241 4524 147 NA NA NA NA NA NA 291 1745 167 NA NA NA NA NA 
1760824800.0 140.076 NA 181 510 0 NA NA NA NA NA NA 265 786 0 NA NA NA NA NA NA 214 4006 153 NA NA NA NA NA NA 190 1681 179 NA NA NA NA NA 
1760824800.0 140.077 NA 180 507 0 NA NA NA NA NA NA 269 778 0 NA NA NA NA NA NA 204 3757 148 NA NA NA NA NA NA 167 1472 172 NA NA NA NA NA 
1760824800.0 140.078 NA 181 509 0 NA NA NA NA NA NA 269 800 0 NA NA NA NA NA NA 229 4042 152 NA NA NA NA NA NA 208 1758 175 NA NA NA NA NA 
1760824800.0 140.101 NA 179 571 0 NA NA NA NA NA NA 263 861 0 NA NA NA NA NA NA 216 4427 153 NA NA NA NA NA NA 190 1794 175 NA NA NA NA NA 
1760824800.0 140.102 NA 185 581 0 NA NA NA NA NA NA 268 938 0 NA NA NA NA NA NA 358 8210 179 NA NA NA NA NA NA 282 3034 212 NA NA NA NA NA 
1760824800.0 140.103 NA 185 639 0 NA NA NA NA NA NA 262 1043 0 NA NA NA NA NA NA 274 6878 153 NA NA NA NA NA NA 215 2478 185 NA NA NA NA NA 
1760824800.0 140.104 NA 184 635 0 NA NA NA NA NA NA 258 984 0 NA NA NA NA NA NA 273 8102 154 NA NA NA NA NA NA 195 2843 180 NA NA NA NA NA 
1760824800.0 140.105 NA 183 615 0 NA NA NA NA NA NA 259 977 0 NA NA NA NA NA NA 348 8739 195 NA NA NA NA NA NA 254 3452 225 NA NA NA NA NA 
1760824800.0 140.106 NA 184 572 0 NA NA NA NA NA NA 268 931 0 NA NA NA NA NA NA 345 8322 188 NA NA NA NA NA NA 279 3263 213 NA NA NA NA NA 
1760824800.0 140.107 NA 185 599 0 NA NA NA NA NA NA 255 927 0 NA NA NA NA NA NA 274 6330 150 NA NA NA NA NA NA 184 2269 177 NA NA NA NA NA 
1760824800.0 140.108 NA 184 586 0 NA NA NA NA NA NA 269 924 0 NA NA NA NA NA NA 351 7549 172 NA NA NA NA NA NA 277 2731 195 NA NA NA NA NA 
1760824800.0 140.109 NA 179 532 0 NA NA NA NA NA NA 275 848 0 NA NA NA NA NA NA 216 2909 150 NA NA NA NA NA NA 169 1466 193 NA NA NA NA NA 
1760824800.0 140.11 NA 184 543 0 NA NA NA NA NA NA 262 896 0 NA NA NA NA NA NA 347 7146 172 NA NA NA NA NA NA 273 2704 198 NA NA NA NA NA 
1760824800.0 140.111 NA 183 577 0 NA NA NA NA NA NA 260 903 0 NA NA NA NA NA NA 332 7880 197 NA NA NA NA NA NA 295 2836 237 NA NA NA NA NA 
1760824800.0 140.112 NA 185 570 0 NA NA NA NA NA NA 267 960 0 NA NA NA NA NA NA 322 7991 181 NA NA NA NA NA NA 294 2981 212 NA NA NA NA NA 
1760824800.0 140.113 NA 0 0 0 NA NA NA NA NA NA 0 0 0 NA NA NA NA NA NA 68 1001 397 NA NA NA NA NA NA 112 1118 430 NA NA NA NA NA 
1760824800.0 140.201 NA 260 NA NA NA NA NA NA NA NA 428 NA NA NA NA NA NA NA NA 703 NA NA NA NA NA NA NA NA 410 NA NA NA NA NA NA NA 
1760824800.0 140.202 NA 281 NA NA NA NA NA NA NA NA 441 NA NA NA NA NA NA NA NA 901 NA NA NA NA NA NA NA NA 584 NA NA NA NA NA NA NA 
1760824800.0 140.51 NA 100 270 0 NA NA NA NA NA NA 152 400 0 NA NA NA NA NA NA 182 586 102 NA NA NA NA NA NA 216 494 132 NA NA NA NA NA 
1760824800.0 140.52 NA 305 270 0 NA NA NA NA NA NA 447 393 0 NA NA NA NA NA NA 725 602 102 NA NA NA NA NA NA 485 433 123 NA NA NA NA NA 
1760824800.0 140.53 NA 373 0 NA NA NA NA NA NA NA 514 0 NA NA NA NA NA NA NA 1217 101 NA NA NA NA NA NA NA 655 120 NA NA NA NA NA NA 
1760824800.0 140.54 NA 404 0 NA NA NA NA NA NA NA 626 0 NA NA NA NA NA NA NA 866 123 NA NA NA NA NA NA NA 796 173 NA NA NA NA NA NA 
1760824800.0 140.55 NA 139 111 489 0 NA NA NA NA NA 238 202 707 0 NA NA NA NA NA 1924 2613 4948 109 NA NA NA NA NA 1943 1671 1501 132 NA NA NA NA 
1760824800.0 140.56 NA 759 0 NA NA NA NA NA NA NA 1316 0 NA NA NA NA NA NA NA 5933 153 NA NA NA NA NA NA NA 3002 216 NA NA NA NA NA NA 
1760824800.0 140.5611 NA 246 0 NA NA NA NA NA NA NA 337 0 NA NA NA NA NA NA NA 1039 68 NA NA NA NA NA NA NA 561 87 NA NA NA NA NA NA 
1760824800.0 140.57 NA 544 0 NA NA NA NA NA NA NA 759 0 NA NA NA NA NA NA NA 1060 146 NA NA NA NA NA NA NA 860 179 NA NA NA NA NA NA 
1760824800.0 140.58 NA 111 792 0 NA NA NA NA NA NA 171 1252 0 NA NA NA NA NA NA 115 6647 170 NA NA NA NA NA NA 213 2251 206 NA NA NA NA NA 
1760824800.0 140.6 NA 96 410 0 NA NA NA NA NA NA 144 607 0 NA NA NA NA NA NA 48 405 131 NA NA NA NA NA NA 98 392 164 NA NA NA NA NA 
1760824800.0 140.61 NA 419 0 NA NA NA NA NA NA NA 597 0 NA NA NA NA NA NA NA 809 129 NA NA NA NA NA NA NA 578 158 NA NA NA NA NA NA 
1760824800.0 14034.0 NA 617 0 NA NA NA NA NA NA NA 847 0 NA NA NA NA NA NA NA 2882 400 NA NA NA NA NA NA NA 1358 447 NA NA NA NA NA NA 
1760824800.0 141.001 NA 413 652 0 NA NA NA NA NA NA 609 962 0 NA NA NA NA NA NA 1345 7035 184 NA NA NA NA NA NA 614 2569 218 NA NA NA NA NA 
1760824800.0 141.002 NA 392 637 0 NA NA NA NA NA NA 566 892 0 NA NA NA NA NA NA 1068 4920 213 NA NA NA NA NA NA 645 2361 260 NA NA NA NA NA 
1760824800.0 141.003 NA 416 655 0 NA NA NA NA NA NA 623 985 0 NA NA NA NA NA NA 1321 6496 184 NA NA NA NA NA NA 744 2366 220 NA NA NA NA NA 
1760824800.0 141.004 NA 369 595 0 NA NA NA NA NA NA 576 864 0 NA NA NA NA NA NA 627 2022 170 NA NA NA NA NA NA 549 1360 190 NA NA NA NA NA 
1760824800.0 141.005 NA 388 607 0 NA NA NA NA NA NA 585 885 0 NA NA NA NA NA NA 1212 5018 234 NA NA NA NA NA NA 586 2232 272 NA NA NA NA NA 
1760824800.0 141.006 NA 351 602 0 NA NA NA NA NA NA 532 915 0 NA NA NA NA NA NA 1063 5204 213 NA NA NA NA NA NA 725 2403 247 NA NA NA NA NA 
1760824800.0 141.007 NA 410 643 0 NA NA NA NA NA NA 613 928 0 NA NA NA NA NA NA 1036 4884 200 NA NA NA NA NA NA 609 2046 227 NA NA NA NA NA 
1760824800.0 141.008 NA 421 664 0 NA NA NA NA NA NA 650 990 0 NA NA NA NA NA NA 1352 7904 182 NA NA NA NA NA NA 630 2981 249 NA NA NA NA NA 
1760824800.0 141.008505 NA 427 196 0 NA NA NA NA NA NA 624 327 0 NA NA NA NA NA NA 1348 467 73 NA NA NA NA NA NA 574 363 95 NA NA NA NA NA 
1760824800.0 141.008511 NA 427 164 0 NA NA NA NA NA NA 652 239 0 NA NA NA NA NA NA 1356 291 75 NA NA NA NA NA NA 594 277 98 NA NA NA NA NA 
1760824800.0 141.008521 NA 425 162 0 NA NA NA NA NA NA 639 228 0 NA NA NA NA NA NA 1362 295 71 NA NA NA NA NA NA 592 239 89 NA NA NA NA NA 
1760824800.0 141.009 NA 0 0 0 NA NA NA NA NA NA 0 0 0 NA NA NA NA NA NA 418 2888 535 NA NA NA NA NA NA 433 3482 619 NA NA NA NA NA 
1760824800.0 141.01 NA 423 660 0 NA NA NA NA NA NA 621 987 0 NA NA NA NA NA NA 1289 7619 181 NA NA NA NA NA NA 664 2949 217 NA NA NA NA NA 
1760824800.0 141.011 NA 422 652 0 NA NA NA NA NA NA 624 955 0 NA NA NA NA NA NA 1245 6841 183 NA NA NA NA NA NA 559 2718 213 NA NA NA NA NA 
1760824800.0 141.012 NA 405 639 0 NA NA NA NA NA NA 645 904 0 NA NA NA NA NA NA 1029 4747 181 NA NA NA NA NA NA 687 1940 208 NA NA NA NA NA 
1760824800.0 141.013 NA 415 655 0 NA NA NA NA NA NA 639 967 0 NA NA NA NA NA NA 1461 6808 181 NA NA NA NA NA NA 728 2536 235 NA NA NA NA NA 
1760824800.0 141.031 NA 396 640 0 NA NA NA NA NA NA 619 988 0 NA NA NA NA NA NA 1561 9477 195 NA NA NA NA NA NA 714 3452 218 NA NA NA NA NA 
1760824800.0 141.032 NA 401 664 0 NA NA NA NA NA NA 577 889 0 NA NA NA NA NA NA 924 4933 174 NA NA NA NA NA NA 495 1983 201 NA NA NA NA NA 
1760824800.0 141.033 NA 395 638 0 NA NA NA NA NA NA 646 994 0 NA NA NA NA NA NA 1932 9915 240 NA NA NA NA NA NA 748 3533 280 NA NA NA NA NA 
1760824800.0 141.034 NA 386 639 0 NA NA NA NA NA NA 649 1017 0 NA NA NA NA NA NA 1552 9270 210 NA NA NA NA NA NA 790 3389 235 NA NA NA NA NA 
1760824800.0 141.035 NA 426 669 0 NA NA NA NA NA NA 631 990 0 NA NA NA NA NA NA 1516 8454 178 NA NA NA NA NA NA 624 3073 199 NA NA NA NA NA 
1760824800.0 141.036 NA 390 571 0 NA NA NA NA NA NA 595 841 0 NA NA NA NA NA NA 767 2742 180 NA NA NA NA NA NA 527 1502 202 NA NA NA NA NA 
1760824800.0 141.037 NA 420 663 0 NA NA NA NA NA NA 655 1007 0 NA NA NA NA NA NA 1216 6753 184 NA NA NA NA NA NA 650 2603 217 NA NA NA NA NA 
1760824800.0 141.038 NA 421 662 0 NA NA NA NA NA NA 625 978 0 NA NA NA NA NA NA 1503 7701 182 NA NA NA NA NA NA 652 2819 241 NA NA NA NA NA 
1760824800.0 141.039 NA 407 662 0 NA NA NA NA NA NA 611 981 0 NA NA NA NA NA NA 1477 7765 180 NA NA NA NA NA NA 608 2864 220 NA NA NA NA NA 
1760824800.0 141.041 NA 422 675 0 NA NA NA NA NA NA 656 1006 0 NA NA NA NA NA NA 1684 10143 184 NA NA NA NA NA NA 925 3501 251 NA NA NA NA NA 
1760824800.0 141.042 NA 402 671 0 NA NA NA NA NA NA 594 925 0 NA NA NA NA NA NA 1001 6132 176 NA NA NA NA NA NA 591 2366 209 NA NA NA NA NA 
1760824800.0 141.043 NA 419 662 0 NA NA NA NA NA NA 672 1015 0 NA NA NA NA NA NA 1858 12688 222 NA NA NA NA NA NA 1031 4546 245 NA NA NA NA NA 
1760824800.0 141.044 NA 424 681 0 NA NA NA NA NA NA 642 1026 0 NA NA NA NA NA NA 1459 10258 184 NA NA NA NA NA NA 863 3628 225 NA NA NA NA NA 
1760824800.0 141.045 NA 466 702 0 NA NA NA NA NA NA 704 1094 0 NA NA NA NA NA NA 2051 13003 183 NA NA NA NA NA NA 1026 4850 254 NA NA NA NA NA 
1760824800.0 141.046 NA 429 669 0 NA NA NA NA NA NA 653 1031 0 NA NA NA NA NA NA 1472 9745 180 NA NA NA NA NA NA 887 3404 216 NA NA NA NA NA 
1760824800.0 141.047 NA 404 624 0 NA NA NA NA NA NA 664 1023 0 NA NA NA NA NA NA 1674 12013 232 NA NA NA NA NA NA 864 4305 272 NA NA NA NA NA 
1760824800.0 141.048 NA 404 659 0 NA NA NA NA NA NA 677 1028 0 NA NA NA NA NA NA 1916 11841 215 NA NA NA NA NA NA 856 4140 258 NA NA NA NA NA 
1760824800.0 141.049 NA 376 626 0 NA NA NA NA NA NA 622 948 0 NA NA NA NA NA NA 1692 9667 239 NA NA NA NA NA NA 874 3552 274 NA NA NA NA NA 
1760824800.0 141.101 NA 402 699 0 NA NA NA NA NA NA 610 966 0 NA NA NA NA NA NA 913 5078 176 NA NA NA NA NA NA 469 2132 210 NA NA NA NA NA 
1760824800.0 141.102 NA 420 691 0 NA NA NA NA NA NA 632 1053 0 NA NA NA NA NA NA 1505 8064 180 NA NA NA NA NA NA 612 2997 203 NA NA NA NA NA 
1760824800.0 141.103 NA 360 683 0 NA NA NA NA NA NA 634 1106 0 NA NA NA NA NA NA 1584 9543 228 NA NA NA NA NA NA 738 3635 260 NA NA NA NA NA 
1760824800.0 141.104 NA 428 872 0 NA NA NA NA NA NA 638 1249 0 NA NA NA NA NA NA 1523 8839 182 NA NA NA NA NA NA 692 3237 218 NA NA NA NA NA 
1760824800.0 141.105 NA 394 653 0 NA NA NA NA NA NA 576 960 0 NA NA NA NA NA NA 971 3709 204 NA NA NA NA NA NA 547 2191 242 NA NA NA NA NA 
1760824800.0 141.106 NA 421 681 0 NA NA NA NA NA NA 659 1013 0 NA NA NA NA NA NA 1208 6940 185 NA NA NA NA NA NA 571 2703 219 NA NA NA NA NA 
1760824800.0 141.107 NA 402 677 0 NA NA NA NA NA NA 626 1138 0 NA NA NA NA NA NA 1585 10215 255 NA NA NA NA NA NA 744 3850 327 NA NA NA NA NA 
1760824800.0 141.108 NA 425 700 0 NA NA NA NA NA NA 666 1059 0 NA NA NA NA NA NA 1544 7948 182 NA NA NA NA NA NA 724 2974 219 NA NA NA NA NA 
1760824800.0 141.109 NA 402 702 0 NA NA NA NA NA NA 562 966 0 NA NA NA NA NA NA 891 4703 181 NA NA NA NA NA NA 448 2050 214 NA NA NA NA NA 
1760824800.0 141.11 NA 422 701 0 NA NA NA NA NA NA 642 1030 0 NA NA NA NA NA NA 1498 9009 177 NA NA NA NA NA NA 720 3271 202 NA NA NA NA NA 
1760824800.0 141.111 NA 400 710 0 NA NA NA NA NA NA 563 1070 0 NA NA NA NA NA NA 1205 8088 177 NA NA NA NA NA NA 575 3117 204 NA NA NA NA NA 
1760824800.0 141.112 NA 418 708 0 NA NA NA NA NA NA 645 1052 0 NA NA NA NA NA NA 1382 8508 178 NA NA NA NA NA NA 655 3153 208 NA NA NA NA NA 
1760824800.0 141.113 NA 0 0 0 NA NA NA NA NA NA 0 0 0 NA NA NA NA NA NA 429 890 329 NA NA NA NA NA NA 467 870 380 NA NA NA NA NA 
1760824800.0 141.114 NA 408 697 0 NA NA NA NA NA NA 613 1052 0 NA NA NA NA NA NA 1496 7942 176 NA NA NA NA NA NA 651 4025 196 NA NA NA NA NA 
1760824800.0 141.901 NA 478 0 NA NA NA NA NA NA NA 679 0 NA NA NA NA NA NA NA 2854 141 NA NA NA NA NA NA NA 1034 176 NA NA NA NA NA NA 
1760824800.0 141.902 NA 401 0 NA NA NA NA NA NA NA 595 0 NA NA NA NA NA NA NA 2658 187 NA NA NA NA NA NA NA 1112 238 NA NA NA NA NA NA 
1760824800.0 142.0 NA 515 848 0 NA NA NA NA NA NA 932 1333 0 NA NA NA NA NA NA 2622 11700 159 NA NA NA NA NA NA 1112 3715 202 NA NA NA NA NA 
1760824800.0 14234.0 NA 767 0 NA NA NA NA NA NA NA 1079 0 NA NA NA NA NA NA NA 3092 308 NA NA NA NA NA NA NA 1547 348 NA NA NA NA NA NA 
1760824800.0 144.6 NA 366 NA NA NA NA NA NA NA NA 525 NA NA NA NA NA NA NA NA 1572 NA NA NA NA NA NA NA NA 1406 NA NA NA NA NA NA NA 
1760824800.0 145.0 140 167 257 0 NA NA NA NA NA 223 255 370 0 NA NA NA NA NA 1056 155 386 139 NA NA NA NA NA 1172 218 444 168 NA NA NA NA NA 
1760824800.0 148.0 125 241 435 0 NA NA NA NA NA 204 319 642 0 NA NA NA NA NA 404 289 650 261 NA NA NA NA NA 413 365 916 293 NA NA NA NA NA 
1760824800.0 149.0 129 242 436 0 NA NA NA NA NA 217 334 659 0 NA NA NA NA NA 483 485 691 285 NA NA NA NA NA 462 343 796 325 NA NA NA NA NA 
1760824800.0 15.0 NA 179 327 0 NA NA NA NA NA NA 263 476 0 NA NA NA NA NA NA 571 858 199 NA NA NA NA NA NA 273 813 226 NA NA NA NA NA 
1760824800.0 150.0 131 208 342 0 NA NA NA NA NA 215 299 534 0 NA NA NA NA NA 857 142 367 135 NA NA NA NA NA 1035 146 441 152 NA NA NA NA NA 
1760824800.0 158.0 140 223 470 108 0 NA NA NA NA 219 306 656 168 0 NA NA NA NA 1203 190 877 125 336 NA NA NA NA 1473 264 842 190 389 NA NA NA NA 
1760824800.0 158.01 NA 212 0 NA NA NA NA NA NA NA 292 0 NA NA NA NA NA NA NA 792 73 NA NA NA NA NA NA NA 566 94 NA NA NA NA NA NA 
1760824800.0 158.1 NA 252 478 0 NA NA NA NA NA NA 349 664 0 NA NA NA NA NA NA 229 827 331 NA NA NA NA NA NA 304 810 408 NA NA NA NA NA 
1760824800.0 158.2 NA 260 458 0 NA NA NA NA NA NA 350 661 0 NA NA NA NA NA NA 257 871 382 NA NA NA NA NA NA 233 862 428 NA NA NA NA NA 
1760824800.0 158.3 NA 263 470 0 NA NA NA NA NA NA 354 673 0 NA NA NA NA NA NA 238 922 467 NA NA NA NA NA NA 244 940 536 NA NA NA NA NA 
1760824800.0 158.5 74 192 425 113 0 NA NA NA NA 205 282 655 172 0 NA NA NA NA 554 147 730 106 341 NA NA NA NA 729 247 906 133 387 NA NA NA NA 
1760824800.0 159.0 149 221 449 112 0 NA NA NA NA 224 305 623 173 0 NA NA NA NA 1319 176 750 116 314 NA NA NA NA 1588 194 816 135 411 NA NA NA NA 
1760824800.0 159.01 NA 208 0 NA NA NA NA NA NA NA 293 0 NA NA NA NA NA NA NA 678 71 NA NA NA NA NA NA NA 517 89 NA NA NA NA NA NA 
1760824800.0 159.02 149 221 117 436 110 0 NA NA NA 230 308 160 634 173 0 NA NA NA 1211 157 97 787 114 309 NA NA NA 1314 147 149 838 145 357 NA NA NA 
1760824800.0 159.03 206 360 229 353 213 NA NA NA NA 391 545 371 564 288 NA NA NA NA 9570 1078 126 821 398 NA NA NA NA 9895 1041 119 731 378 NA NA NA NA 
1760824800.0 159.1 150 259 449 0 NA NA NA NA NA 241 346 652 0 NA NA NA NA NA 1228 200 619 283 NA NA NA NA NA 649 137 598 317 NA NA NA NA NA 
1760824800.0 159.2 149 254 461 0 NA NA NA NA NA 223 331 660 0 NA NA NA NA NA 1025 253 608 333 NA NA NA NA NA 626 191 583 373 NA NA NA NA NA 
1760824800.0 159.3 146 244 453 0 NA NA NA NA NA 225 343 639 0 NA NA NA NA NA 880 202 580 374 NA NA NA NA NA 551 131 640 399 NA NA NA NA NA 
1760824800.0 159.4 146 247 439 0 NA NA NA NA NA 225 329 647 0 NA NA NA NA NA 1003 194 584 285 NA NA NA NA NA 581 120 573 338 NA NA NA NA NA 
1760824800.0 16.0 NA 193 346 0 NA NA NA NA NA NA 273 522 0 NA NA NA NA NA NA 626 1295 273 NA NA NA NA NA NA 291 1072 317 NA NA NA NA NA 
1760824800.0 160.0 138 213 425 111 0 NA NA NA NA 223 323 620 171 0 NA NA NA NA 701 148 538 93 269 NA NA NA NA 723 146 586 128 317 NA NA NA NA 
1760824800.0 160.02 140 216 107 423 109 0 NA NA NA 221 322 156 644 172 0 NA NA NA 779 148 76 547 94 259 NA NA NA 936 145 118 596 128 280 NA NA NA 
1760824800.0 160.03 222 339 196 349 205 NA NA NA NA 333 476 278 538 269 NA NA NA NA 5448 599 104 494 223 NA NA NA NA 6652 627 128 493 226 NA NA NA NA 
1760824800.0 160.1 145 283 453 0 NA NA NA NA NA 226 378 655 0 NA NA NA NA NA 985 294 618 294 NA NA NA NA NA 599 157 567 318 NA NA NA NA NA 
1760824800.0 160.2 143 274 458 0 NA NA NA NA NA 225 382 684 0 NA NA NA NA NA 842 293 590 306 NA NA NA NA NA 602 231 573 333 NA NA NA NA NA 
1760824800.0 160.3 145 279 451 0 NA NA NA NA NA 233 379 656 0 NA NA NA NA NA 697 279 613 380 NA NA NA NA NA 517 154 611 418 NA NA NA NA NA 
1760824800.0 160.4 142 268 450 0 NA NA NA NA NA 222 365 655 0 NA NA NA NA NA 774 288 608 321 NA NA NA NA NA 536 172 584 347 NA NA NA NA NA 
1760824800.0 160.501 178 339 185 508 179 NA NA NA NA 331 469 282 851 261 NA NA NA NA 6389 667 120 5663 307 NA NA NA NA 7870 659 138 3352 331 NA NA NA NA 
1760824800.0 17.0 NA 189 352 0 NA NA NA NA NA NA 265 509 0 NA NA NA NA NA NA 574 896 212 NA NA NA NA NA NA 289 757 243 NA NA NA NA NA 
1760824800.0 18.0 NA 168 329 0 NA NA NA NA NA NA 252 472 0 NA NA NA NA NA NA 575 815 189 NA NA NA NA NA NA 270 837 213 NA NA NA NA NA 
1760824800.0 19.0 NA 178 344 0 NA NA NA NA NA NA 256 483 0 NA NA NA NA NA NA 568 842 202 NA NA NA NA NA NA 282 781 234 NA NA NA NA NA 
1760824800.0 2.0 166 179 298 NA NA NA NA NA NA 280 251 432 NA NA NA NA NA NA 1200 185 514 NA NA NA NA NA NA 540 166 516 NA NA NA NA NA NA 
1760824800.0 20.0 NA 178 344 0 NA NA NA NA NA NA 256 477 0 NA NA NA NA NA NA 649 1181 313 NA NA NA NA NA NA 300 964 357 NA NA NA NA NA 
1760824800.0 200.0 NA 229 406 0 NA NA NA NA NA NA 362 613 0 NA NA NA NA NA NA 321 934 281 NA NA NA NA NA NA 365 946 316 NA NA NA NA NA 
1760824800.0 20034.0 171 532 560 0 205 NA NA NA NA 252 662 746 0 291 NA NA NA NA 2973 886 1368 398 388 NA NA NA NA 1503 536 999 418 443 NA NA NA NA 
1760824800.0 2017.1 483 0 200 157 NA NA NA NA NA 606 0 307 241 NA NA NA NA NA 598 296 323 226 NA NA NA NA NA 523 342 329 270 NA NA NA NA NA 
1760824800.0 2017.11 491 0 199 158 NA NA NA NA NA 627 0 334 243 NA NA NA NA NA 648 264 375 211 NA NA NA NA NA 615 285 393 243 NA NA NA NA NA 
1760824800.0 2017.12 480 0 202 154 NA NA NA NA NA 619 0 310 237 NA NA NA NA NA 540 251 348 220 NA NA NA NA NA 536 277 378 256 NA NA NA NA NA 
1760824800.0 2017.13 487 0 NA NA NA NA NA NA NA 628 0 NA NA NA NA NA NA NA 484 470 NA NA NA NA NA NA NA 498 508 NA NA NA NA NA NA NA 
1760824800.0 2017.2 413 0 194 152 NA NA NA NA NA 549 0 273 233 NA NA NA NA NA 369 211 242 163 NA NA NA NA NA 355 260 315 203 NA NA NA NA NA 
1760824800.0 2017.3 406 0 196 151 NA NA NA NA NA 539 0 288 240 NA NA NA NA NA 474 292 309 212 NA NA NA NA NA 506 316 326 250 NA NA NA NA NA 
1760824800.0 2017.4 479 0 206 155 NA NA NA NA NA 599 0 286 242 NA NA NA NA NA 409 205 248 170 NA NA NA NA NA 415 230 268 197 NA NA NA NA NA 
1760824800.0 2017.5 474 0 199 155 NA NA NA NA NA 616 0 294 238 NA NA NA NA NA 558 219 329 214 NA NA NA NA NA 490 237 344 254 NA NA NA NA NA 
1760824800.0 2017.6 481 0 200 156 NA NA NA NA NA 632 0 299 242 NA NA NA NA NA 618 214 293 215 NA NA NA NA NA 604 236 291 265 NA NA NA NA NA 
1760824800.0 2017.7 483 0 194 154 NA NA NA NA NA 625 0 291 236 NA NA NA NA NA 516 208 290 203 NA NA NA NA NA 469 229 302 237 NA NA NA NA NA 
1760824800.0 2017.8 215 NA NA NA NA NA NA NA NA 313 NA NA NA NA NA NA NA NA 376 NA NA NA NA NA NA NA NA 253 NA NA NA NA NA NA NA NA 
1760824800.0 2017.9 478 0 203 154 NA NA NA NA NA 618 0 294 230 NA NA NA NA NA 385 262 249 163 NA NA NA NA NA 488 289 268 189 NA NA NA NA NA 
1760824800.0 2018.1 482 0 201 160 NA NA NA NA NA 620 0 303 240 NA NA NA NA NA 575 270 336 223 NA NA NA NA NA 631 312 334 260 NA NA NA NA NA 
1760824800.0 2018.11 491 0 207 161 NA NA NA NA NA 635 0 322 242 NA NA NA NA NA 682 251 372 225 NA NA NA NA NA 557 298 324 247 NA NA NA NA NA 
1760824800.0 2018.12 480 0 196 157 NA NA NA NA NA 632 0 300 240 NA NA NA NA NA 526 240 306 204 NA NA NA NA NA 438 266 348 242 NA NA NA NA NA 
1760824800.0 2018.13 453 0 NA NA NA NA NA NA NA 634 0 NA NA NA NA NA NA NA 508 452 NA NA NA NA NA NA NA 502 502 NA NA NA NA NA NA NA 
1760824800.0 2018.2 401 0 191 155 NA NA NA NA NA 540 0 265 237 NA NA NA NA NA 379 205 239 162 NA NA NA NA NA 453 226 255 190 NA NA NA NA NA 
1760824800.0 2018.3 409 0 184 156 NA NA NA NA NA 554 0 275 236 NA NA NA NA NA 484 240 302 218 NA NA NA NA NA 407 264 414 261 NA NA NA NA NA 
1760824800.0 2018.4 480 0 191 159 NA NA NA NA NA 632 0 282 239 NA NA NA NA NA 495 263 309 205 NA NA NA NA NA 415 303 406 232 NA NA NA NA NA 
1760824800.0 2018.5 477 0 196 156 NA NA NA NA NA 609 0 285 245 NA NA NA NA NA 411 210 246 175 NA NA NA NA NA 395 250 270 197 NA NA NA NA NA 
1760824800.0 2018.6 481 0 201 158 NA NA NA NA NA 625 0 301 244 NA NA NA NA NA 546 225 370 232 NA NA NA NA NA 581 250 396 276 NA NA NA NA NA 
1760824800.0 2018.7 479 0 198 159 NA NA NA NA NA 630 0 280 245 NA NA NA NA NA 415 194 249 174 NA NA NA NA NA 357 240 258 194 NA NA NA NA NA 
1760824800.0 2018.8 214 NA NA NA NA NA NA NA NA 310 NA NA NA NA NA NA NA NA 383 NA NA NA NA NA NA NA NA 252 NA NA NA NA NA NA NA NA 
1760824800.0 2018.9 472 0 191 157 NA NA NA NA NA 626 0 286 241 NA NA NA NA NA 535 341 309 222 NA NA NA NA NA 680 367 331 265 NA NA NA NA NA 
1760824800.0 202.0 NA 235 419 0 NA NA NA NA NA NA 354 635 0 NA NA NA NA NA NA 335 963 306 NA NA NA NA NA NA 379 903 330 NA NA NA NA NA 
1760824800.0 203.0 NA 247 419 0 NA NA NA NA NA NA 367 636 0 NA NA NA NA NA NA 349 970 279 NA NA NA NA NA NA 329 985 300 NA NA NA NA NA 
1760824800.0 204.0 144 233 418 0 NA NA NA NA NA 270 353 613 0 NA NA NA NA NA 873 308 904 298 NA NA NA NA NA 559 340 933 350 NA NA NA NA NA 
1760824800.0 205.0 NA 247 428 0 NA NA NA NA NA NA 367 593 0 NA NA NA NA NA NA 376 1000 258 NA NA NA NA NA NA 343 906 290 NA NA NA NA NA 
1760824800.0 20834.0 NA 610 568 0 214 NA NA NA NA NA 772 771 0 306 NA NA NA NA NA 1018 1525 481 435 NA NA NA NA NA 759 1251 519 444 NA NA NA NA 
1760824800.0 20834.501 NA 612 301 0 NA NA NA NA NA NA 796 748 0 NA NA NA NA NA NA 809 364 231 NA NA NA NA NA NA 521 346 261 NA NA NA NA NA 
1760824800.0 20834.502 NA 603 296 0 NA NA NA NA NA NA 797 730 0 NA NA NA NA NA NA 951 509 270 NA NA NA NA NA NA 595 483 308 NA NA NA NA NA 
1760824800.0 21.0 NA 178 346 0 NA NA NA NA NA NA 256 507 0 NA NA NA NA NA NA 632 1243 336 NA NA NA NA NA NA 295 907 394 NA NA NA NA NA 
1760824800.0 22.0 NA 183 336 0 NA NA NA NA NA NA 270 534 0 NA NA NA NA NA NA 621 1116 289 NA NA NA NA NA NA 312 793 323 NA NA NA NA NA 
1760824800.0 22034.0 169 540 574 0 205 NA NA NA NA 253 646 756 0 300 NA NA NA NA 2845 836 1388 435 352 NA NA NA NA 1474 430 1159 464 411 NA NA NA NA 
1760824800.0 22434.0 179 510 532 0 208 NA NA NA NA 262 667 748 0 300 NA NA NA NA 3008 918 1178 398 352 NA NA NA NA 1594 579 888 417 384 NA NA NA NA 
1760824800.0 22834.0 175 537 577 0 206 NA NA NA NA 260 652 789 0 306 NA NA NA NA 2649 898 1176 396 333 NA NA NA NA 1275 533 931 416 399 NA NA NA NA 
1760824800.0 23.0 NA 194 374 0 NA NA NA NA NA NA 288 567 0 NA NA NA NA NA NA 700 1197 353 NA NA NA NA NA NA 323 899 395 NA NA NA NA NA 
1760824800.0 23234.0 185 557 586 0 206 NA NA NA NA 266 678 791 0 321 NA NA NA NA 2775 752 1050 384 298 NA NA NA NA 1204 394 820 416 320 NA NA NA NA 
1760824800.0 23634.0 NA 613 568 0 215 NA NA NA NA NA 805 769 0 300 NA NA NA NA NA 1042 1355 418 420 NA NA NA NA NA 641 1231 443 443 NA NA NA NA 
1760824800.0 24.0 NA 205 383 0 NA NA NA NA NA NA 285 570 0 NA NA NA NA NA NA 729 1533 378 NA NA NA NA NA NA 341 943 395 NA NA NA NA NA 
1760824800.0 24034.0 NA 541 550 0 214 NA NA NA NA NA 702 733 0 306 NA NA NA NA NA 922 1399 407 395 NA NA NA NA NA 543 1215 440 401 NA NA NA NA 
1760824800.0 24434.0 171 516 533 0 204 NA NA NA NA 254 654 749 0 289 NA NA NA NA 2457 808 1102 385 376 NA NA NA NA 1227 533 822 588 395 NA NA NA NA 
1760824800.0 24834.0 NA 604 572 0 217 NA NA NA NA NA 786 767 0 300 NA NA NA NA NA 1128 1359 455 434 NA NA NA NA NA 729 1297 479 434 NA NA NA NA 
1760824800.0 24834.103 NA 617 589 0 213 NA NA NA NA NA 791 803 0 298 NA NA NA NA NA 1594 1392 469 425 NA NA NA NA NA 818 978 489 455 NA NA NA NA 
1760824800.0 24834.21 NA 424 318 244 NA NA NA NA NA NA 629 467 360 NA NA NA NA NA NA 718 456 379 NA NA NA NA NA NA 389 301 303 NA NA NA NA NA 
1760824800.0 24834.5 NA 623 221 0 NA NA NA NA NA NA 804 305 0 NA NA NA NA NA NA 818 309 118 NA NA NA NA NA NA 484 305 139 NA NA NA NA NA 
1760824800.0 24834.9 NA 600 552 0 214 NA NA NA NA NA 790 784 0 300 NA NA NA NA NA 837 1107 381 332 NA NA NA NA NA 529 829 401 312 NA NA NA NA 
1760824800.0 24834.911 144 581 520 0 198 NA NA NA NA 279 808 800 0 297 NA NA NA NA 4713 2628 2689 897 323 NA NA NA NA 2763 1761 1818 1034 369 NA NA NA NA 
1760824800.0 24896.0 NA 557 477 0 195 NA NA NA NA NA 714 670 0 286 NA NA NA NA NA 751 850 217 288 NA NA NA NA NA 451 764 250 302 NA NA NA NA 
1760824800.0 24900.0 NA 577 507 0 200 NA NA NA NA NA 720 635 0 294 NA NA NA NA NA 952 1104 244 373 NA NA NA NA NA 681 1035 264 427 NA NA NA NA 
1760824800.0 25.0 NA 198 386 0 123 NA NA NA NA NA 295 602 0 190 NA NA NA NA NA 766 1760 406 141 NA NA NA NA NA 331 1093 431 220 NA NA NA NA 
1760824800.0 2500.0 NA 228 0 NA NA NA NA NA NA NA 343 0 NA NA NA NA NA NA NA 10009 61 NA NA NA NA NA NA NA 3106 77 NA NA NA NA NA NA 
1760824800.0 2500.001 NA 275 0 NA NA NA NA NA NA NA 489 0 NA NA NA NA NA NA NA 11177 61 NA NA NA NA NA NA NA 3484 77 NA NA NA NA NA NA 
1760824800.0 2500.002 NA 271 0 NA NA NA NA NA NA NA 487 0 NA NA NA NA NA NA NA 11779 84 NA NA NA NA NA NA NA 3633 157 NA NA NA NA NA NA 
1760824800.0 2500.01 NA 218 0 NA NA NA NA NA NA NA 340 0 NA NA NA NA NA NA NA 5482 63 NA NA NA NA NA NA NA 1987 80 NA NA NA NA NA NA 
1760824800.0 2500.011 NA 261 0 NA NA NA NA NA NA NA 383 0 NA NA NA NA NA NA NA 9680 64 NA NA NA NA NA NA NA 3076 85 NA NA NA NA NA NA 
1760824800.0 2500.012 NA 251 0 NA NA NA NA NA NA NA 366 0 NA NA NA NA NA NA NA 6959 64 NA NA NA NA NA NA NA 2685 83 NA NA NA NA NA NA 
1760824800.0 2500.1 NA 210 0 NA NA NA NA NA NA NA 320 0 NA NA NA NA NA NA NA 9902 65 NA NA NA NA NA NA NA 3285 86 NA NA NA NA NA NA 
1760824800.0 2500.2 NA 199 0 NA NA NA NA NA NA NA 309 0 NA NA NA NA NA NA NA 8642 64 NA NA NA NA NA NA NA 2942 85 NA NA NA NA NA NA 
1760824800.0 2500.21 NA 236 0 NA NA NA NA NA NA NA 391 0 NA NA NA NA NA NA NA 11805 64 NA NA NA NA NA NA NA 3695 86 NA NA NA NA NA NA 
1760824800.0 2500.211 NA 241 0 NA NA NA NA NA NA NA 330 0 NA NA NA NA NA NA NA 1468 64 NA NA NA NA NA NA NA 638 84 NA NA NA NA NA NA 
1760824800.0 2500.3 NA 196 0 NA NA NA NA NA NA NA 304 0 NA NA NA NA NA NA NA 6289 85 NA NA NA NA NA NA NA 3584 107 NA NA NA NA NA NA 
1760824800.0 2500.31 NA 233 0 NA NA NA NA NA NA NA 414 0 NA NA NA NA NA NA NA 3098 64 NA NA NA NA NA NA NA 2602 124 NA NA NA NA NA NA 
1760824800.0 2500.311 NA 246 0 NA NA NA NA NA NA NA 338 0 NA NA NA NA NA NA NA 567 64 NA NA NA NA NA NA NA 446 88 NA NA NA NA NA NA 
1760824800.0 2500.4 NA 196 0 NA NA NA NA NA NA NA 309 0 NA NA NA NA NA NA NA 6258 83 NA NA NA NA NA NA NA 3571 109 NA NA NA NA NA NA 
1760824800.0 2500.5 NA 132 NA NA NA NA NA NA NA NA 217 NA NA NA NA NA NA NA NA 110 NA NA NA NA NA NA NA NA 144 NA NA NA NA NA NA NA 
1760824800.0 2500.51 139 NA NA NA NA NA NA NA NA 207 NA NA NA NA NA NA NA NA 176 NA NA NA NA NA NA NA NA 199 NA NA NA NA NA NA NA NA 
1760824800.0 250199.0 393 NA NA NA NA NA NA NA NA 563 NA NA NA NA NA NA NA NA 921 NA NA NA NA NA NA NA NA 657 NA NA NA NA NA NA NA NA 
1760824800.0 250199.17 395 NA NA NA NA NA NA NA NA 570 NA NA NA NA NA NA NA NA 988 NA NA NA NA NA NA NA NA 652 NA NA NA NA NA NA NA NA 
1760824800.0 250199.18 470 NA NA NA NA NA NA NA NA 667 NA NA NA NA NA NA NA NA 1458 NA NA NA NA NA NA NA NA 835 NA NA NA NA NA NA NA NA 
1760824800.0 250200.0 NA 432 488 0 NA NA NA NA NA NA 632 657 0 NA NA NA NA NA NA 2656 1395 351 NA NA NA NA NA NA 1205 1190 406 NA NA NA NA NA 
1760824800.0 250200.1 158 394 311 NA NA NA NA NA NA 264 553 531 NA NA NA NA NA NA 864 320 922 NA NA NA NA NA NA 460 360 702 NA NA NA NA NA NA 
1760824800.0 250200.117 129 475 364 NA NA NA NA NA NA 218 644 537 NA NA NA NA NA NA 962 1640 729 NA NA NA NA NA NA 478 683 558 NA NA NA NA NA NA 
1760824800.0 250200.118 126 525 370 162 NA NA NA NA NA 214 724 581 250 NA NA NA NA NA 970 1698 941 170 NA NA NA NA NA 916 720 739 173 NA NA NA NA NA 
1760824800.0 250200.17 NA 510 549 0 NA NA NA NA NA NA 706 809 0 NA NA NA NA NA NA 4283 1227 368 NA NA NA NA NA NA 1546 911 420 NA NA NA NA NA 
1760824800.0 250200.18 NA 542 588 0 NA NA NA NA NA NA 822 843 0 NA NA NA NA NA NA 4492 1513 394 NA NA NA NA NA NA 1885 1181 433 NA NA NA NA NA 
1760824800.0 250200.182 138 570 606 0 NA NA NA NA NA 221 771 870 0 NA NA NA NA NA 1251 2079 1678 372 NA NA NA NA NA 688 848 1046 422 NA NA NA NA NA 
1760824800.0 250202.0 NA 426 479 0 NA NA NA NA NA NA 646 679 0 NA NA NA NA NA NA 2177 1144 283 NA NA NA NA NA NA 1077 855 303 NA NA NA NA NA 
1760824800.0 250202.1 NA 386 400 478 0 NA NA NA NA NA 561 589 702 0 NA NA NA NA NA 1191 2796 1380 382 NA NA NA NA NA 897 1088 981 427 NA NA NA NA 
1760824800.0 250202.118 132 508 354 158 NA NA NA NA NA 220 691 573 245 NA NA NA NA NA 1137 1692 915 181 NA NA NA NA NA 509 753 615 188 NA NA NA NA NA 
1760824800.0 250202.17 NA 520 573 0 NA NA NA NA NA NA 722 798 0 NA NA NA NA NA NA 4504 1551 433 NA NA NA NA NA NA 1736 1046 489 NA NA NA NA NA 
1760824800.0 250202.171 NA 394 510 568 0 NA NA NA NA NA 549 663 842 0 NA NA NA NA NA 990 3382 1108 344 NA NA NA NA NA 802 1057 789 403 NA NA NA NA 
1760824800.0 250202.172 NA 488 570 0 NA NA NA NA NA NA 723 850 0 NA NA NA NA NA NA 4708 1517 430 NA NA NA NA NA NA 1660 1212 518 NA NA NA NA NA 
1760824800.0 250202.18 NA 573 612 0 NA NA NA NA NA NA 844 870 0 NA NA NA NA NA NA 5384 1724 411 NA NA NA NA NA NA 2470 1097 438 NA NA NA NA NA 
1760824800.0 250202.181 NA 455 571 577 0 NA NA NA NA NA 684 820 879 0 NA NA NA NA NA 1726 4512 1533 366 NA NA NA NA NA 1078 1599 1298 395 NA NA NA NA 
1760824800.0 250202.182 140 550 598 0 NA NA NA NA NA 223 735 897 0 NA NA NA NA NA 1452 2042 2084 448 NA NA NA NA NA 772 973 1395 506 NA NA NA NA NA 
1760824800.0 250202.183 136 546 587 0 NA NA NA NA NA 229 724 843 0 NA NA NA NA NA 1291 2146 1905 726 NA NA NA NA NA 607 867 1327 791 NA NA NA NA NA 
1760824800.0 250202.184 NA 420 556 593 0 NA NA NA NA NA 638 796 887 0 NA NA NA NA NA 1704 4652 1624 385 NA NA NA NA NA 1159 1412 1107 413 NA NA NA NA 
1760824800.0 250202.2 NA 440 495 0 NA NA NA NA NA NA 644 684 0 NA NA NA NA NA NA 5005 1280 353 NA NA NA NA NA NA 1750 1055 398 NA NA NA NA NA 
1760824800.0 250202.3 NA 389 420 490 0 NA NA NA NA NA 546 588 676 0 NA NA NA NA NA 1198 4613 1323 361 NA NA NA NA NA 852 1346 1035 416 NA NA NA NA 
1760824800.0 250202.4 NA 440 481 0 NA NA NA NA NA NA 622 681 0 NA NA NA NA NA NA 5250 1349 364 NA NA NA NA NA NA 1820 1076 436 NA NA NA NA NA 
1760824800.0 250202.5 NA 382 420 479 0 NA NA NA NA NA 563 571 672 0 NA NA NA NA NA 1253 4666 1507 362 NA NA NA NA NA 861 1458 1278 414 NA NA NA NA 
1760824800.0 250203.0 NA 439 487 0 NA NA NA NA NA NA 631 673 0 NA NA NA NA NA NA 2664 1407 338 NA NA NA NA NA NA 1132 1074 381 NA NA NA NA NA 
1760824800.0 250203.17 NA 512 553 0 NA NA NA NA NA NA 705 808 0 NA NA NA NA NA NA 4428 1446 385 NA NA NA NA NA NA 1511 1269 447 NA NA NA NA NA 
1760824800.0 250203.18 NA 555 588 0 NA NA NA NA NA NA 821 827 0 NA NA NA NA NA NA 5515 1745 393 NA NA NA NA NA NA 1880 1233 448 NA NA NA NA NA 
1760824800.0 250204.0 NA 428 468 0 NA NA NA NA NA NA 655 678 0 NA NA NA NA NA NA 2103 1110 289 NA NA NA NA NA NA 1190 784 328 NA NA NA NA NA 
1760824800.0 250204.17 NA 514 569 0 NA NA NA NA NA NA 696 815 0 NA NA NA NA NA NA 4420 1514 399 NA NA NA NA NA NA 1944 1285 452 NA NA NA NA NA 
1760824800.0 250204.18 NA 575 605 0 NA NA NA NA NA NA 819 872 0 NA NA NA NA NA NA 5352 1805 399 NA NA NA NA NA NA 2155 1317 483 NA NA NA NA NA 
1760824800.0 250205.0 NA 436 487 0 NA NA NA NA NA NA 616 662 0 NA NA NA NA NA NA 2436 1193 377 NA NA NA NA NA NA 990 926 420 NA NA NA NA NA 
1760824800.0 250205.17 NA 493 541 0 NA NA NA NA NA NA 720 809 0 NA NA NA NA NA NA 3529 1095 309 NA NA NA NA NA NA 2065 912 342 NA NA NA NA NA 
1760824800.0 250205.18 NA 564 590 0 NA NA NA NA NA NA 819 819 0 NA NA NA NA NA NA 5399 1800 375 NA NA NA NA NA NA 2073 1376 401 NA NA NA NA NA 
1760824800.0 250206.0 NA 423 467 0 NA NA NA NA NA NA 643 658 0 NA NA NA NA NA NA 2170 1054 336 NA NA NA NA NA NA 1339 797 358 NA NA NA NA NA 
1760824800.0 250206.118 129 483 382 158 NA NA NA NA NA 212 682 561 250 NA NA NA NA NA 551 1541 704 171 NA NA NA NA NA 442 722 604 176 NA NA NA NA NA 
1760824800.0 250206.17 NA 515 563 0 NA NA NA NA NA NA 705 789 0 NA NA NA NA NA NA 4290 1440 466 NA NA NA NA NA NA 1564 1139 523 NA NA NA NA NA 
1760824800.0 250206.18 NA 557 630 0 NA NA NA NA NA NA 800 917 0 NA NA NA NA NA NA 5222 1660 474 NA NA NA NA NA NA 1761 1058 499 NA NA NA NA NA 
1760824800.0 250206.181 NA 454 552 610 0 NA NA NA NA NA 653 783 893 0 NA NA NA NA NA 1664 4269 1446 404 NA NA NA NA NA 935 1342 1111 426 NA NA NA NA 
1760824800.0 250206.182 139 509 637 0 NA NA NA NA NA 219 699 878 0 NA NA NA NA NA 688 1872 1170 450 NA NA NA NA NA 567 769 999 500 NA NA NA NA NA 
1760824800.0 250207.0 NA 419 460 0 NA NA NA NA NA NA 614 664 0 NA NA NA NA NA NA 1928 984 207 NA NA NA NA NA NA 888 771 233 NA NA NA NA NA 
1760824800.0 250207.17 NA 512 545 0 NA NA NA NA NA NA 712 773 0 NA NA NA NA NA NA 4164 1179 296 NA NA NA NA NA NA 1473 956 334 NA NA NA NA NA 
1760824800.0 250207.18 NA 563 577 0 NA NA NA NA NA NA 822 827 0 NA NA NA NA NA NA 4987 1449 309 NA NA NA NA NA NA 1936 1225 359 NA NA NA NA NA 
1760824800.0 250208.17 NA 465 568 0 NA NA NA NA NA NA 723 870 0 NA NA NA NA NA NA 3997 1578 451 NA NA NA NA NA NA 1542 1184 487 NA NA NA NA NA 
1760824800.0 250208.18 NA 576 602 0 NA NA NA NA NA NA 821 882 0 NA NA NA NA NA NA 5707 2011 454 NA NA NA NA NA NA 2248 1229 578 NA NA NA NA NA 
1760824800.0 25034.114 NA 1314 1899 0 NA NA NA NA NA NA 1904 2784 0 NA NA NA NA NA NA 5731 16938 485 NA NA NA NA NA NA 2726 5915 508 NA NA NA NA NA 
1760824800.0 25034.21 NA 885 731 298 NA NA NA NA NA NA 1212 1102 448 NA NA NA NA NA NA 4329 3649 675 NA NA NA NA NA NA 1938 1168 412 NA NA NA NA NA 
1760824800.0 25034.99 NA 1032 1302 1180 0 NA NA NA NA NA 1488 1979 1858 0 NA NA NA NA NA 3751 2546 11863 462 NA NA NA NA NA 2172 1164 3742 512 NA NA NA NA 
1760824800.0 25034.9921 NA 931 956 670 296 NA NA NA NA NA 1302 1326 1060 440 NA NA NA NA NA 3133 1641 3367 648 NA NA NA NA NA 1969 656 1152 402 NA NA NA NA 
1760824800.0 25034.999 NA 572 880 732 0 NA NA NA NA NA 791 1145 1034 0 NA NA NA NA NA 1392 1165 2470 433 NA NA NA NA NA 1059 571 1177 481 NA NA NA NA 
1760824800.0 250399.0 300 NA NA NA NA NA NA NA NA 405 NA NA NA NA NA NA NA NA 323 NA NA NA NA NA NA NA NA 360 NA NA NA NA NA NA NA NA 
1760824800.0 250399.17 357 NA NA NA NA NA NA NA NA 474 NA NA NA NA NA NA NA NA 410 NA NA NA NA NA NA NA NA 407 NA NA NA NA NA NA NA NA 
1760824800.0 250399.18 349 NA NA NA NA NA NA NA NA 470 NA NA NA NA NA NA NA NA 584 NA NA NA NA NA NA NA NA 530 NA NA NA NA NA NA NA NA 
1760824800.0 250400.0 406 0 191 NA NA NA NA NA NA 608 0 302 NA NA NA NA NA NA 497 203 325 NA NA NA NA NA NA 739 223 412 NA NA NA NA NA NA 
1760824800.0 250400.17 519 0 202 NA NA NA NA NA NA 659 0 299 NA NA NA NA NA NA 626 234 356 NA NA NA NA NA NA 625 256 353 NA NA NA NA NA NA 
1760824800.0 250400.18 534 0 202 NA NA NA NA NA NA 677 0 291 NA NA NA NA NA NA 508 190 270 NA NA NA NA NA NA 676 206 269 NA NA NA NA NA NA 
1760824800.0 250402.0 427 0 192 NA NA NA NA NA NA 599 0 315 NA NA NA NA NA NA 523 231 355 NA NA NA NA NA NA 739 266 392 NA NA NA NA NA NA 
1760824800.0 250402.1 303 442 0 NA NA NA NA NA NA 416 590 0 NA NA NA NA NA NA 306 450 223 NA NA NA NA NA NA 398 358 273 NA NA NA NA NA NA 
1760824800.0 250402.17 489 0 196 NA NA NA NA NA NA 691 0 311 NA NA NA NA NA NA 588 263 320 NA NA NA NA NA NA 624 319 345 NA NA NA NA NA NA 
1760824800.0 250402.171 359 528 0 NA NA NA NA NA NA 470 693 0 NA NA NA NA NA NA 407 516 245 NA NA NA NA NA NA 456 379 274 NA NA NA NA NA NA 
1760824800.0 250402.18 536 0 203 NA NA NA NA NA NA 695 0 324 NA NA NA NA NA NA 539 230 290 NA NA NA NA NA NA 565 295 304 NA NA NA NA NA NA 
1760824800.0 250402.181 351 490 0 NA NA NA NA NA NA 479 686 0 NA NA NA NA NA NA 493 615 275 NA NA NA NA NA NA 506 466 299 NA NA NA NA NA NA 
1760824800.0 250403.0 425 0 191 NA NA NA NA NA NA 595 0 296 NA NA NA NA NA NA 470 204 325 NA NA NA NA NA NA 654 227 405 NA NA NA NA NA NA 
1760824800.0 250403.17 522 0 206 NA NA NA NA NA NA 682 0 296 NA NA NA NA NA NA 490 194 282 NA NA NA NA NA NA 630 250 290 NA NA NA NA NA NA 
1760824800.0 250403.18 531 0 199 NA NA NA NA NA NA 683 0 292 NA NA NA NA NA NA 516 191 283 NA NA NA NA NA NA 585 208 303 NA NA NA NA NA NA 
1760824800.0 250405.0 416 0 197 NA NA NA NA NA NA 601 0 300 NA NA NA NA NA NA 492 201 332 NA NA NA NA NA NA 709 228 370 NA NA NA NA NA NA 
1760824800.0 250405.17 501 0 199 NA NA NA NA NA NA 654 0 302 NA NA NA NA NA NA 573 214 339 NA NA NA NA NA NA 755 235 344 NA NA NA NA NA NA 
1760824800.0 250405.18 532 0 197 NA NA NA NA NA NA 704 0 301 NA NA NA NA NA NA 591 240 348 NA NA NA NA NA NA 599 269 408 NA NA NA NA NA NA 
1760824800.0 250406.0 398 0 195 NA NA NA NA NA NA 618 0 290 NA NA NA NA NA NA 457 263 359 NA NA NA NA NA NA 704 327 369 NA NA NA NA NA NA 
1760824800.0 250406.17 522 0 202 NA NA NA NA NA NA 663 0 302 NA NA NA NA NA NA 432 251 264 NA NA NA NA NA NA 600 285 286 NA NA NA NA NA NA 
1760824800.0 250406.18 491 0 199 NA NA NA NA NA NA 678 0 288 NA NA NA NA NA NA 553 311 349 NA NA NA NA NA NA 800 334 391 NA NA NA NA NA NA 
1760824800.0 250407.0 381 0 196 NA NA NA NA NA NA 509 0 278 NA NA NA NA NA NA 380 85 260 NA NA NA NA NA NA 504 124 283 NA NA NA NA NA NA 
1760824800.0 250407.17 453 0 197 NA NA NA NA NA NA 598 0 282 NA NA NA NA NA NA 442 98 278 NA NA NA NA NA NA 543 152 322 NA NA NA NA NA NA 
1760824800.0 250407.18 436 0 185 NA NA NA NA NA NA 611 0 280 NA NA NA NA NA NA 534 108 343 NA NA NA NA NA NA 816 175 365 NA NA NA NA NA NA 
1760824800.0 250408.0 404 0 189 NA NA NA NA NA NA 599 0 306 NA NA NA NA NA NA 525 191 380 NA NA NA NA NA NA 709 211 427 NA NA NA NA NA NA 
1760824800.0 250408.17 528 0 202 NA NA NA NA NA NA 661 0 312 NA NA NA NA NA NA 664 231 343 NA NA NA NA NA NA 670 255 402 NA NA NA NA NA NA 
1760824800.0 250408.18 489 0 194 NA NA NA NA NA NA 692 0 322 NA NA NA NA NA NA 639 209 365 NA NA NA NA NA NA 689 241 390 NA NA NA NA NA NA 
1760824800.0 250409.0 417 0 206 NA NA NA NA NA NA 616 0 348 NA NA NA NA NA NA 619 240 375 NA NA NA NA NA NA 771 320 337 NA NA NA NA NA NA 
1760824800.0 250409.17 535 0 216 NA NA NA NA NA NA 701 0 358 NA NA NA NA NA NA 819 281 428 NA NA NA NA NA NA 884 300 409 NA NA NA NA NA NA 
1760824800.0 250409.18 496 0 201 NA NA NA NA NA NA 680 0 347 NA NA NA NA NA NA 710 264 424 NA NA NA NA NA NA 765 345 387 NA NA NA NA NA NA 
1760824800.0 25061.97 1071 NA NA NA NA NA NA NA NA 1491 NA NA NA NA NA NA NA NA 3690 NA NA NA NA NA NA NA NA 1822 NA NA NA NA NA NA NA NA 
1760824800.0 25200.0 NA 428 664 0 161 NA NA NA NA NA 564 861 0 237 NA NA NA NA NA 1077 1535 311 206 NA NA NA NA NA 706 1195 334 251 NA NA NA NA 
1760824800.0 25202.0 NA 421 658 0 160 NA NA NA NA NA 577 885 0 242 NA NA NA NA NA 1058 1734 361 215 NA NA NA NA NA 712 1517 389 239 NA NA NA NA 
1760824800.0 25202.1 NA 433 645 0 NA NA NA NA NA NA 582 914 0 NA NA NA NA NA NA 1451 1708 337 NA NA NA NA NA NA 856 1328 411 NA NA NA NA NA 
1760824800.0 25202.15 NA 434 664 0 174 NA NA NA NA NA 592 921 0 255 NA NA NA NA NA 1085 1746 346 244 NA NA NA NA NA 715 1477 398 257 NA NA NA NA 
1760824800.0 25202.2 NA 418 622 0 NA NA NA NA NA NA 575 928 0 NA NA NA NA NA NA 1067 1302 294 NA NA NA NA NA NA 636 1027 317 NA NA NA NA NA 
1760824800.0 25203.0 NA 406 621 0 160 NA NA NA NA NA 576 908 0 245 NA NA NA NA NA 887 1353 264 173 NA NA NA NA NA 686 1012 342 181 NA NA NA NA 
1760824800.0 25204.0 NA 385 639 0 NA NA NA NA NA NA 577 889 0 NA NA NA NA NA NA 847 1347 306 NA NA NA NA NA NA 554 1033 367 NA NA NA NA NA 
1760824800.0 25205.0 NA 424 609 0 148 NA NA NA NA NA 594 885 0 244 NA NA NA NA NA 820 1294 263 176 NA NA NA NA NA 544 1163 287 187 NA NA NA NA 
1760824800.0 25206.0 NA 421 659 0 156 NA NA NA NA NA 577 982 0 241 NA NA NA NA NA 901 1338 341 174 NA NA NA NA NA 709 1073 373 186 NA NA NA NA 
1760824800.0 25207.0 NA 413 596 0 NA NA NA NA NA NA 552 802 0 NA NA NA NA NA NA 795 1223 206 NA NA NA NA NA NA 563 1105 234 NA NA NA NA NA 
1760824800.0 25208.0 NA 425 652 0 NA NA NA NA NA NA 576 1005 0 NA NA NA NA NA NA 893 1596 325 NA NA NA NA NA NA 684 1107 346 NA NA NA NA NA 
1760824800.0 25209.0 NA 409 650 0 159 NA NA NA NA NA 584 913 0 238 NA NA NA NA NA 849 1366 265 176 NA NA NA NA NA 647 1087 348 184 NA NA NA NA 
1760824800.0 25210.0 148 375 590 0 NA NA NA NA NA 242 489 790 0 NA NA NA NA NA 1540 442 1078 382 NA NA NA NA NA 774 456 928 431 NA NA NA NA NA 
1760824800.0 25211.0 159 429 654 0 NA NA NA NA NA 254 595 897 0 NA NA NA NA NA 3160 819 1214 332 NA NA NA NA NA 1105 561 969 362 NA NA NA NA NA 
1760824800.0 25211.17 139 475 700 0 NA NA NA NA NA 224 657 984 0 NA NA NA NA NA 3336 1486 1345 365 NA NA NA NA NA 1240 759 1083 398 NA NA NA NA NA 
1760824800.0 25211.18 143 553 820 0 NA NA NA NA NA 227 723 1109 0 NA NA NA NA NA 3317 1977 1680 367 NA NA NA NA NA 1087 811 1152 388 NA NA NA NA NA 
1760824800.0 25212.0 150 412 636 0 NA NA NA NA NA 258 565 896 0 NA NA NA NA NA 4303 950 1441 344 NA NA NA NA NA 1507 573 1213 374 NA NA NA NA NA 
1760824800.0 25212.17 142 487 725 0 NA NA NA NA NA 229 631 1039 0 NA NA NA NA NA 4343 1498 1327 355 NA NA NA NA NA 1462 685 999 412 NA NA NA NA NA 
1760824800.0 25212.18 140 538 778 0 NA NA NA NA NA 227 733 1161 0 NA NA NA NA NA 4521 2221 1952 408 NA NA NA NA NA 1741 1156 1292 432 NA NA NA NA NA 
1760824800.0 25213.0 161 418 644 0 NA NA NA NA NA 260 574 891 0 NA NA NA NA NA 4094 771 1272 328 NA NA NA NA NA 1385 542 970 381 NA NA NA NA NA 
1760824800.0 25213.17 135 481 714 0 NA NA NA NA NA 231 619 1089 0 NA NA NA NA NA 4662 1675 1529 420 NA NA NA NA NA 1573 748 1184 443 NA NA NA NA NA 
1760824800.0 25213.18 142 560 836 0 NA NA NA NA NA 230 735 1174 0 NA NA NA NA NA 4328 2012 1709 366 NA NA NA NA NA 1723 915 1093 390 NA NA NA NA NA 
1760824800.0 25214.0 NA 409 627 0 NA NA NA NA NA NA 568 887 0 NA NA NA NA NA NA 836 1318 333 NA NA NA NA NA NA 592 1029 414 NA NA NA NA NA 
1760824800.0 25215.0 63 164 427 643 0 NA NA NA NA 92 262 594 927 0 NA NA NA NA 33 1250 1014 1854 349 NA NA NA NA 91 684 566 1364 403 NA NA NA NA 
1760824800.0 25215.17 64 140 473 698 0 NA NA NA NA 93 225 643 1026 0 NA NA NA NA 35 1298 1804 1655 361 NA NA NA NA 96 610 789 1309 410 NA NA NA NA 
1760824800.0 25215.18 64 141 547 819 0 NA NA NA NA 93 225 727 1180 0 NA NA NA NA 24 1092 2003 1687 295 NA NA NA NA 60 587 822 1229 342 NA NA NA NA 
1760824800.0 25234.0 177 599 569 0 205 NA NA NA NA 262 778 772 0 305 NA NA NA NA 2510 937 1114 422 334 NA NA NA NA 1361 591 851 549 382 NA NA NA NA 
1760824800.0 25234.911 148 587 549 0 198 NA NA NA NA 278 792 809 0 304 NA NA NA NA 4549 2572 2748 890 342 NA NA NA NA 2672 1704 1873 1038 397 NA NA NA NA 
1760824800.0 25400.0 558 0 205 NA NA NA NA NA NA 707 0 302 NA NA NA NA NA NA 776 190 271 NA NA NA NA NA NA 697 208 283 NA NA NA NA NA NA 
1760824800.0 25400.17 646 0 200 NA NA NA NA NA NA 874 0 312 NA NA NA NA NA NA 1807 296 336 NA NA NA NA NA NA 981 376 406 NA NA NA NA NA NA 
1760824800.0 25400.18 643 0 199 NA NA NA NA NA NA 837 0 290 NA NA NA NA NA NA 1531 251 354 NA NA NA NA NA NA 887 312 372 NA NA NA NA NA NA 
1760824800.0 25402.0 555 0 202 NA NA NA NA NA NA 712 0 306 NA NA NA NA NA NA 1171 279 356 NA NA NA NA NA NA 807 303 439 NA NA NA NA NA NA 
1760824800.0 25402.17 641 0 206 NA NA NA NA NA NA 854 0 321 NA NA NA NA NA NA 1945 306 348 NA NA NA NA NA NA 1075 326 345 NA NA NA NA NA NA 
1760824800.0 25402.18 607 0 196 NA NA NA NA NA NA 838 0 306 NA NA NA NA NA NA 1347 260 291 NA NA NA NA NA NA 764 283 279 NA NA NA NA NA NA 
1760824800.0 25403.0 499 0 195 NA NA NA NA NA NA 718 0 291 NA NA NA NA NA NA 982 229 329 NA NA NA NA NA NA 753 251 355 NA NA NA NA NA NA 
1760824800.0 25403.17 598 0 196 NA NA NA NA NA NA 818 0 284 NA NA NA NA NA NA 1248 225 286 NA NA NA NA NA NA 774 242 283 NA NA NA NA NA NA 
1760824800.0 25403.18 653 0 198 NA NA NA NA NA NA 812 0 290 NA NA NA NA NA NA 1278 213 279 NA NA NA NA NA NA 824 230 288 NA NA NA NA NA NA 
1760824800.0 25405.0 516 0 197 NA NA NA NA NA NA 747 0 301 NA NA NA NA NA NA 1166 267 337 NA NA NA NA NA NA 889 350 385 NA NA NA NA NA NA 
1760824800.0 25405.17 653 0 202 NA NA NA NA NA NA 868 0 304 NA NA NA NA NA NA 1216 222 283 NA NA NA NA NA NA 741 252 305 NA NA NA NA NA NA 
1760824800.0 25405.18 626 0 189 NA NA NA NA NA NA 876 0 306 NA NA NA NA NA NA 1277 218 294 NA NA NA NA NA NA 780 270 310 NA NA NA NA NA NA 
1760824800.0 25406.0 490 0 193 NA NA NA NA NA NA 704 0 293 NA NA NA NA NA NA 674 260 369 NA NA NA NA NA NA 796 309 377 NA NA NA NA NA NA 
1760824800.0 25406.17 595 0 199 NA NA NA NA NA NA 798 0 310 NA NA NA NA NA NA 841 273 276 NA NA NA NA NA NA 697 308 349 NA NA NA NA NA NA 
1760824800.0 25406.18 652 0 199 NA NA NA NA NA NA 796 0 295 NA NA NA NA NA NA 1191 296 321 NA NA NA NA NA NA 962 318 369 NA NA NA NA NA NA 
1760824800.0 25407.0 478 0 191 NA NA NA NA NA NA 647 0 293 NA NA NA NA NA NA 699 136 262 NA NA NA NA NA NA 672 152 289 NA NA NA NA NA NA 
1760824800.0 25407.17 564 0 190 NA NA NA NA NA NA 787 0 290 NA NA NA NA NA NA 1111 156 274 NA NA NA NA NA NA 734 181 286 NA NA NA NA NA NA 
1760824800.0 25407.18 569 0 202 NA NA NA NA NA NA 721 0 283 NA NA NA NA NA NA 1395 190 353 NA NA NA NA NA NA 848 213 384 NA NA NA NA NA NA 
1760824800.0 25408.0 543 0 206 NA NA NA NA NA NA 752 0 348 NA NA NA NA NA NA 1262 255 433 NA NA NA NA NA NA 795 281 383 NA NA NA NA NA NA 
1760824800.0 25408.17 677 0 214 NA NA NA NA NA NA 897 0 358 NA NA NA NA NA NA 1473 272 338 NA NA NA NA NA NA 847 293 293 NA NA NA NA NA NA 
1760824800.0 25408.18 658 0 216 NA NA NA NA NA NA 884 0 359 NA NA NA NA NA NA 2193 351 421 NA NA NA NA NA NA 1142 373 405 NA NA NA NA NA NA 
1760824800.0 25409.0 554 0 201 NA NA NA NA NA NA 747 0 294 NA NA NA NA NA NA 945 221 349 NA NA NA NA NA NA 714 240 380 NA NA NA NA NA NA 
1760824800.0 25409.17 632 0 203 NA NA NA NA NA NA 840 0 303 NA NA NA NA NA NA 1607 284 348 NA NA NA NA NA NA 998 312 389 NA NA NA NA NA NA 
1760824800.0 25409.18 652 0 203 NA NA NA NA NA NA 814 0 315 NA NA NA NA NA NA 1343 226 287 NA NA NA NA NA NA 803 262 309 NA NA NA NA NA NA 
1760824800.0 25634.0 170 603 597 0 203 NA NA NA NA 256 803 818 0 305 NA NA NA NA 2538 857 1142 416 357 NA NA NA NA 1194 466 964 437 397 NA NA NA NA 
1760824800.0 26.0 NA 208 395 0 NA NA NA NA NA NA 286 569 0 NA NA NA NA NA NA 842 1302 319 NA NA NA NA NA NA 387 1014 366 NA NA NA NA NA 
1760824800.0 26034.0 184 613 597 0 209 NA NA NA NA 265 801 790 0 300 NA NA NA NA 2216 800 1046 395 291 NA NA NA NA 1074 482 777 439 325 NA NA NA NA 
1760824800.0 26434.0 172 544 574 0 206 NA NA NA NA 252 668 780 0 298 NA NA NA NA 2250 678 1015 350 277 NA NA NA NA 1127 347 836 366 284 NA NA NA NA 
1760824800.0 26834.0 179 594 576 0 208 NA NA NA NA 264 780 804 0 302 NA NA NA NA 2684 914 1324 457 357 NA NA NA NA 1296 526 1003 523 424 NA NA NA NA 
1760824800.0 27.0 NA 209 383 0 NA NA NA NA NA NA 290 546 0 NA NA NA NA NA NA 704 1469 389 NA NA NA NA NA NA 323 1138 474 NA NA NA NA NA 
1760824800.0 28.0 NA 196 383 0 NA NA NA NA NA NA 300 580 0 NA NA NA NA NA NA 735 1351 272 NA NA NA NA NA NA 341 875 303 NA NA NA NA NA 
1760824800.0 280.0 147 167 333 0 NA NA NA NA NA 349 254 480 0 NA NA NA NA NA 968 170 657 246 NA NA NA NA NA 543 181 706 268 NA NA NA NA NA 
1760824800.0 281.0 179 245 465 0 NA NA NA NA NA 351 328 634 0 NA NA NA NA NA 850 236 689 312 NA NA NA NA NA 468 217 647 369 NA NA NA NA NA 
1760824800.0 29.0 NA 208 403 0 NA NA NA NA NA NA 293 575 0 NA NA NA NA NA NA 853 1477 327 NA NA NA NA NA NA 387 1096 377 NA NA NA NA NA 
1760824800.0 3.0 139 175 295 NA NA NA NA NA NA 256 251 454 NA NA NA NA NA NA 2267 185 724 NA NA NA NA NA NA 1074 181 650 NA NA NA NA NA NA 
1760824800.0 30.0 NA 209 371 0 NA NA NA NA NA NA 288 545 0 NA NA NA NA NA NA 728 1413 399 NA NA NA NA NA NA 360 1026 486 NA NA NA NA NA 
1760824800.0 300.0 135 232 468 0 NA NA NA NA NA 246 348 660 0 NA NA NA NA NA 593 169 594 246 NA NA NA NA NA 597 297 708 267 NA NA NA NA NA 
1760824800.0 301.0 135 233 459 0 NA NA NA NA NA 250 337 689 0 NA NA NA NA NA 875 170 610 282 NA NA NA NA NA 754 338 713 342 NA NA NA NA NA 
1760824800.0 302.0 137 240 461 0 NA NA NA NA NA 248 345 676 0 NA NA NA NA NA 575 166 606 253 NA NA NA NA NA 531 283 673 274 NA NA NA NA NA 
1760824800.0 31.0 NA 206 363 0 NA NA NA NA NA NA 290 562 0 NA NA NA NA NA NA 753 1341 304 NA NA NA NA NA NA 349 1039 341 NA NA NA NA NA 
1760824800.0 310.0 152 232 444 0 NA NA NA NA NA 257 339 672 0 NA NA NA NA NA 765 154 589 266 NA NA NA NA NA 747 255 716 305 NA NA NA NA NA 
1760824800.0 311.0 157 236 453 0 NA NA NA NA NA 261 351 661 0 NA NA NA NA NA 1000 157 573 278 NA NA NA NA NA 864 308 657 295 NA NA NA NA NA 
1760824800.0 312.0 151 235 457 0 NA NA NA NA NA 263 349 683 0 NA NA NA NA NA 735 152 584 263 NA NA NA NA NA 766 216 723 331 NA NA NA NA NA 
1760824800.0 32.0 NA 205 388 0 NA NA NA NA NA NA 290 562 0 NA NA NA NA NA NA 757 1452 341 NA NA NA NA NA NA 374 1036 391 NA NA NA NA NA 
1760824800.0 320.0 167 241 448 0 NA NA NA NA NA 271 347 666 0 NA NA NA NA NA 824 178 552 294 NA NA NA NA NA 753 269 656 379 NA NA NA NA NA 
1760824800.0 321.0 165 290 515 0 NA NA NA NA NA 271 424 739 0 NA NA NA NA NA 1121 256 790 293 NA NA NA NA NA 1129 398 775 360 NA NA NA NA NA 
1760824800.0 322.0 169 270 460 0 NA NA NA NA NA 262 361 699 0 NA NA NA NA NA 1003 236 689 391 NA NA NA NA NA 982 386 875 416 NA NA NA NA NA 
1760824800.0 33.0 NA 196 356 0 NA NA NA NA NA NA 291 539 0 NA NA NA NA NA NA 661 1027 263 NA NA NA NA NA NA 331 779 311 NA NA NA NA NA 
1760824800.0 34.0 137 167 344 0 NA NA NA NA NA 268 247 506 0 NA NA NA NA NA 884 171 688 270 NA NA NA NA NA 492 150 684 292 NA NA NA NA NA 
1760824800.0 35.0 NA 201 366 0 NA NA NA NA NA NA 291 577 0 NA NA NA NA NA NA 697 1260 365 NA NA NA NA NA NA 339 882 418 NA NA NA NA NA 
1760824800.0 36.0 NA 194 386 0 NA NA NA NA NA NA 298 636 0 NA NA NA NA NA NA 739 3586 360 NA NA NA NA NA NA 390 1468 389 NA NA NA NA NA 
1760824800.0 37.0 NA 197 390 0 NA NA NA NA NA NA 292 600 0 NA NA NA NA NA NA 726 1688 405 NA NA NA NA NA NA 347 1026 425 NA NA NA NA NA 
1760824800.0 38.0 NA 201 376 0 NA NA NA NA NA NA 290 590 0 NA NA NA NA NA NA 726 1519 297 NA NA NA NA NA NA 331 991 313 NA NA NA NA NA 
1760824800.0 39.0 NA 199 394 0 NA NA NA NA NA NA 301 613 0 NA NA NA NA NA NA 800 2455 335 NA NA NA NA NA NA 342 1145 407 NA NA NA NA NA 
1760824800.0 4.17 NA 90 360 0 222 NA NA NA NA NA 158 533 0 337 NA NA NA NA NA 66 1194 139 450 NA NA NA NA NA 89 826 158 462 NA NA NA NA 
1760824800.0 4.22 NA 198 125 128 0 NA NA NA NA NA 321 188 198 0 NA NA NA NA NA 367 108 103 89 NA NA NA NA NA 330 138 157 113 NA NA NA NA 
1760824800.0 4.23 NA 119 380 0 NA NA NA NA NA NA 190 549 0 NA NA NA NA NA NA 128 1394 208 NA NA NA NA NA NA 239 1034 241 NA NA NA NA NA 
1760824800.0 4.24 NA 115 359 0 NA NA NA NA NA NA 188 527 0 NA NA NA NA NA NA 95 1246 143 NA NA NA NA NA NA 131 874 161 NA NA NA NA NA 
1760824800.0 4.25 NA 119 374 0 NA NA NA NA NA NA 179 529 0 NA NA NA NA NA NA 89 1237 148 NA NA NA NA NA NA 185 908 174 NA NA NA NA NA 
1760824800.0 4.26 NA 119 384 0 NA NA NA NA NA NA 181 547 0 NA NA NA NA NA NA 121 1816 192 NA NA NA NA NA NA 212 1275 222 NA NA NA NA NA 
1760824800.0 4.27 NA 123 382 0 NA NA NA NA NA NA 187 535 0 NA NA NA NA NA NA 114 1808 228 NA NA NA NA NA NA 152 1127 263 NA NA NA NA NA 
1760824800.0 4.28 NA 125 364 0 NA NA NA NA NA NA 192 547 0 NA NA NA NA NA NA 134 2062 754 NA NA NA NA NA NA 351 2106 779 NA NA NA NA NA 
1760824800.0 4.29 NA 91 364 0 219 NA NA NA NA NA 163 545 0 337 NA NA NA NA NA 70 1288 137 467 NA NA NA NA NA 169 848 167 519 NA NA NA NA 
1760824800.0 4.34 NA 123 386 0 NA NA NA NA NA NA 190 547 0 NA NA NA NA NA NA 135 1749 232 NA NA NA NA NA NA 202 1151 267 NA NA NA NA NA 
1760824800.0 4.36 NA 118 370 0 NA NA NA NA NA NA 191 539 0 NA NA NA NA NA NA 95 1436 146 NA NA NA NA NA NA 121 962 201 NA NA NA NA NA 
1760824800.0 4.37 NA 120 389 0 NA NA NA NA NA NA 186 560 0 NA NA NA NA NA NA 136 2023 212 NA NA NA NA NA NA 199 1159 247 NA NA NA NA NA 
1760824800.0 4.4 NA 95 447 0 NA NA NA NA NA NA 161 719 0 NA NA NA NA NA NA 84 1854 171 NA NA NA NA NA NA 124 1246 202 NA NA NA NA NA 
1760824800.0 4.41 NA 92 458 0 NA NA NA NA NA NA 164 755 0 NA NA NA NA NA NA 88 2373 169 NA NA NA NA NA NA 146 1244 200 NA NA NA NA NA 
1760824800.0 4.42 NA 93 468 0 NA NA NA NA NA NA 164 783 0 NA NA NA NA NA NA 92 2520 178 NA NA NA NA NA NA 165 1294 208 NA NA NA NA NA 
1760824800.0 4.43 NA 98 448 0 NA NA NA NA NA NA 165 729 0 NA NA NA NA NA NA 61 1466 139 NA NA NA NA NA NA 258 1041 164 NA NA NA NA NA 
1760824800.0 4.44 NA 95 453 0 NA NA NA NA NA NA 160 732 0 NA NA NA NA NA NA 82 2223 165 NA NA NA NA NA NA 137 1235 191 NA NA NA NA NA 
1760824800.0 4.45 NA 94 467 0 NA NA NA NA NA NA 166 778 0 NA NA NA NA NA NA 94 2979 176 NA NA NA NA NA NA 157 1372 204 NA NA NA NA NA 
1760824800.0 4.51 NA 95 465 0 NA NA NA NA NA NA 158 737 0 NA NA NA NA NA NA 86 2443 185 NA NA NA NA NA NA 176 1277 219 NA NA NA NA NA 
1760824800.0 4.52 NA 91 457 0 NA NA NA NA NA NA 163 789 0 NA NA NA NA NA NA 68 2483 148 NA NA NA NA NA NA 98 1171 170 NA NA NA NA NA 
1760824800.0 4.53 NA 93 467 0 NA NA NA NA NA NA 167 793 0 NA NA NA NA NA NA 84 2870 172 NA NA NA NA NA NA 111 1375 202 NA NA NA NA NA 
1760824800.0 4.54 NA 94 464 0 NA NA NA NA NA NA 165 782 0 NA NA NA NA NA NA 92 2743 167 NA NA NA NA NA NA 155 1415 204 NA NA NA NA NA 
1760824800.0 4.55 NA 91 459 0 NA NA NA NA NA NA 162 792 0 NA NA NA NA NA NA 71 2988 144 NA NA NA NA NA NA 130 1321 179 NA NA NA NA NA 
1760824800.0 4.57 NA 117 461 0 NA NA NA NA NA NA 177 775 0 NA NA NA NA NA NA 100 2824 144 NA NA NA NA NA NA 130 1305 164 NA NA NA NA NA 
1760824800.0 4.58 NA 95 438 0 NA NA NA NA NA NA 157 738 0 NA NA NA NA NA NA 65 1819 143 NA NA NA NA NA NA 86 1030 167 NA NA NA NA NA 
1760824800.0 4.6 NA 362 0 NA NA NA NA NA NA NA 513 0 NA NA NA NA NA NA NA 1555 221 NA NA NA NA NA NA NA 1371 256 NA NA NA NA NA NA 
1760824800.0 4.61 NA 94 469 0 NA NA NA NA NA NA 167 767 0 NA NA NA NA NA NA 87 2815 183 NA NA NA NA NA NA 170 1338 212 NA NA NA NA NA 
1760824800.0 4.62 NA 95 462 0 NA NA NA NA NA NA 165 753 0 NA NA NA NA NA NA 90 2805 173 NA NA NA NA NA NA 134 1403 204 NA NA NA NA NA 
1760824800.0 4.63 NA 85 454 0 NA NA NA NA NA NA 159 777 0 NA NA NA NA NA NA 71 2625 139 NA NA NA NA NA NA 84 1232 157 NA NA NA NA NA 
1760824800.0 4.64 NA 93 457 0 NA NA NA NA NA NA 163 783 0 NA NA NA NA NA NA 94 2895 183 NA NA NA NA NA NA 171 1490 215 NA NA NA NA NA 
1760824800.0 4.65 NA 91 470 0 NA NA NA NA NA NA 162 809 0 NA NA NA NA NA NA 74 3469 147 NA NA NA NA NA NA 114 1448 203 NA NA NA NA NA 
1760824800.0 4.67 NA 115 457 0 NA NA NA NA NA NA 184 779 0 NA NA NA NA NA NA 99 2938 154 NA NA NA NA NA NA 114 1343 216 NA NA NA NA NA 
1760824800.0 4.68 NA 94 466 0 NA NA NA NA NA NA 161 758 0 NA NA NA NA NA NA 99 2851 189 NA NA NA NA NA NA 112 1352 218 NA NA NA NA NA 
1760824800.0 4.71 NA 95 451 0 NA NA NA NA NA NA 159 735 0 NA NA NA NA NA NA 88 2151 180 NA NA NA NA NA NA 140 1240 214 NA NA NA NA NA 
1760824800.0 4.72 NA 94 457 0 NA NA NA NA NA NA 161 759 0 NA NA NA NA NA NA 87 2594 171 NA NA NA NA NA NA 199 1251 203 NA NA NA NA NA 
1760824800.0 4.73 NA 91 456 0 NA NA NA NA NA NA 165 769 0 NA NA NA NA NA NA 70 2555 144 NA NA NA NA NA NA 138 1219 162 NA NA NA NA NA 
1760824800.0 4.74 NA 94 459 0 NA NA NA NA NA NA 164 743 0 NA NA NA NA NA NA 97 2426 173 NA NA NA NA NA NA 135 1163 199 NA NA NA NA NA 
1760824800.0 4.75 NA 95 463 0 NA NA NA NA NA NA 160 768 0 NA NA NA NA NA NA 101 3125 184 NA NA NA NA NA NA 156 1491 227 NA NA NA NA NA 
1760824800.0 4.76 NA 114 458 0 NA NA NA NA NA NA 187 775 0 NA NA NA NA NA NA 105 2776 150 NA NA NA NA NA NA 131 1300 186 NA NA NA NA NA 
1760824800.0 4.77 NA 115 458 0 NA NA NA NA NA NA 190 782 0 NA NA NA NA NA NA 102 2809 142 NA NA NA NA NA NA 164 1261 161 NA NA NA NA NA 
1760824800.0 4.78 NA 93 453 0 NA NA NA NA NA NA 168 768 0 NA NA NA NA NA NA 71 2641 135 NA NA NA NA NA NA 126 1249 154 NA NA NA NA NA 
1760824800.0 4000.0 NA 211 395 NA NA NA NA NA NA NA 304 601 NA NA NA NA NA NA NA 977 2101 NA NA NA NA NA NA NA 445 1270 NA NA NA NA NA NA 
1760824800.0 4001.0 NA 249 432 NA NA NA NA NA NA NA 356 630 NA NA NA NA NA NA NA 402 1167 NA NA NA NA NA NA NA 377 1085 NA NA NA NA NA NA 
1760824800.0 4002.0 NA 207 387 NA NA NA NA NA NA NA 286 562 NA NA NA NA NA NA NA 656 1112 NA NA NA NA NA NA NA 305 842 NA NA NA NA NA NA 
1760824800.0 4003.0 NA 208 370 NA NA NA NA NA NA NA 284 556 NA NA NA NA NA NA NA 742 1573 NA NA NA NA NA NA NA 343 1127 NA NA NA NA NA NA 
1760824800.0 4006.0 116 239 408 NA NA NA NA NA NA 214 334 588 NA NA NA NA NA NA 359 334 896 NA NA NA NA NA NA 299 282 875 NA NA NA NA NA NA 
1760824800.0 4007.0 122 0 0 NA NA NA NA NA NA 204 0 0 NA NA NA NA NA NA 329 64 687 NA NA NA NA NA NA 304 157 830 NA NA NA NA NA NA 
1760824800.0 4008.0 119 0 0 NA NA NA NA NA NA 200 0 0 NA NA NA NA NA NA 280 53 544 NA NA NA NA NA NA 279 143 649 NA NA NA NA NA NA 
1760824800.0 43.0 NA 195 377 0 NA NA NA NA NA NA 289 564 0 NA NA NA NA NA NA 690 1385 369 NA NA NA NA NA NA 349 872 404 NA NA NA NA NA 
1760824800.0 44.0 NA 205 375 0 NA NA NA NA NA NA 284 564 0 NA NA NA NA NA NA 730 1491 333 NA NA NA NA NA NA 380 1087 373 NA NA NA NA NA 
1760824800.0 45.0 NA 195 375 0 NA NA NA NA NA NA 285 582 0 NA NA NA NA NA NA 683 1306 360 NA NA NA NA NA NA 362 944 398 NA NA NA NA NA 
1760824800.0 5.1 398 0 NA NA NA NA NA NA NA 529 0 NA NA NA NA NA NA NA 484 249 NA NA NA NA NA NA NA 473 304 NA NA NA NA NA NA NA 
1760824800.0 5.2 312 0 NA NA NA NA NA NA NA 424 0 NA NA NA NA NA NA NA 343 209 NA NA NA NA NA NA NA 401 229 NA NA NA NA NA NA NA 
1760824800.0 5.3 304 0 NA NA NA NA NA NA NA 427 0 NA NA NA NA NA NA NA 392 249 NA NA NA NA NA NA NA 422 290 NA NA NA NA NA NA NA 
1760824800.0 5.4 395 0 NA NA NA NA NA NA NA 516 0 NA NA NA NA NA NA NA 455 242 NA NA NA NA NA NA NA 465 271 NA NA NA NA NA NA NA 
1760824800.0 5.5 346 0 NA NA NA NA NA NA NA 534 0 NA NA NA NA NA NA NA 442 215 NA NA NA NA NA NA NA 449 245 NA NA NA NA NA NA NA 
1760824800.0 5.6 404 0 NA NA NA NA NA NA NA 511 0 NA NA NA NA NA NA NA 405 175 NA NA NA NA NA NA NA 408 192 NA NA NA NA NA NA NA 
1760824800.0 5.7 401 0 NA NA NA NA NA NA NA 515 0 NA NA NA NA NA NA NA 388 200 NA NA NA NA NA NA NA 403 232 NA NA NA NA NA NA NA 
1760824800.0 500199.0 297 NA NA NA NA NA NA NA NA 420 NA NA NA NA NA NA NA NA 663 NA NA NA NA NA NA NA NA 572 NA NA NA NA NA NA NA NA 
1760824800.0 500200.0 NA 287 416 0 NA NA NA NA NA NA 412 579 0 NA NA NA NA NA NA 1297 974 271 NA NA NA NA NA NA 612 856 333 NA NA NA NA NA 
1760824800.0 500200.1 155 277 332 NA NA NA NA NA NA 256 381 470 NA NA NA NA NA NA 907 318 1073 NA NA NA NA NA NA 473 400 857 NA NA NA NA NA NA 
1760824800.0 500202.0 NA 298 426 0 NA NA NA NA NA NA 433 623 0 NA NA NA NA NA NA 1421 1103 305 NA NA NA NA NA NA 741 776 341 NA NA NA NA NA 
1760824800.0 500203.0 NA 293 407 0 NA NA NA NA NA NA 432 592 0 NA NA NA NA NA NA 1327 1016 276 NA NA NA NA NA NA 723 756 298 NA NA NA NA NA 
1760824800.0 500204.0 NA 282 411 0 NA NA NA NA NA NA 428 592 0 NA NA NA NA NA NA 1353 1037 310 NA NA NA NA NA NA 711 781 332 NA NA NA NA NA 
1760824800.0 500205.0 NA 285 398 0 NA NA NA NA NA NA 427 565 0 NA NA NA NA NA NA 1313 936 274 NA NA NA NA NA NA 669 759 355 NA NA NA NA NA 
1760824800.0 500206.0 NA 280 404 0 NA NA NA NA NA NA 423 589 0 NA NA NA NA NA NA 1340 1013 344 NA NA NA NA NA NA 694 827 371 NA NA NA NA NA 
1760824800.0 500207.0 NA 282 401 0 NA NA NA NA NA NA 415 561 0 NA NA NA NA NA NA 1184 911 217 NA NA NA NA NA NA 614 759 241 NA NA NA NA NA 
1760824800.0 50200.0 NA 303 509 0 NA NA NA NA NA NA 431 697 0 NA NA NA NA NA NA 504 1089 270 NA NA NA NA NA NA 479 877 293 NA NA NA NA NA 
1760824800.0 50202.0 NA 309 512 0 NA NA NA NA NA NA 448 762 0 NA NA NA NA NA NA 513 1207 311 NA NA NA NA NA NA 476 1120 351 NA NA NA NA NA 
1760824800.0 50203.0 NA 299 477 0 NA NA NA NA NA NA 443 690 0 NA NA NA NA NA NA 489 1093 273 NA NA NA NA NA NA 412 1039 304 NA NA NA NA NA 
1760824800.0 50204.0 NA 286 500 0 NA NA NA NA NA NA 427 720 0 NA NA NA NA NA NA 496 1083 309 NA NA NA NA NA NA 453 1109 347 NA NA NA NA NA 
1760824800.0 50205.0 NA 288 451 0 NA NA NA NA NA NA 426 711 0 NA NA NA NA NA NA 517 1061 278 NA NA NA NA NA NA 593 1005 336 NA NA NA NA NA 
1760824800.0 50206.0 NA 300 490 0 NA NA NA NA NA NA 418 701 0 NA NA NA NA NA NA 499 1077 357 NA NA NA NA NA NA 497 957 432 NA NA NA NA NA 
1760824800.0 50207.0 NA 291 486 0 NA NA NA NA NA NA 435 678 0 NA NA NA NA NA NA 492 1008 221 NA NA NA NA NA NA 470 995 283 NA NA NA NA NA 
1760824800.0 50208.0 NA 313 510 0 NA NA NA NA NA NA 436 770 0 NA NA NA NA NA NA 515 1450 335 NA NA NA NA NA NA 461 1056 369 NA NA NA NA NA 
1760824800.0 503.0 89 0 NA NA NA NA NA NA NA 143 0 NA NA NA NA NA NA NA 1355 64 NA NA NA NA NA NA NA 765 84 NA NA NA NA NA NA NA 
1760824800.0 504.0 95 0 NA NA NA NA NA NA NA 151 0 NA NA NA NA NA NA NA 105 65 NA NA NA NA NA NA NA 109 89 NA NA NA NA NA NA NA 
1760824800.0 505.0 95 0 NA NA NA NA NA NA NA 152 0 NA NA NA NA NA NA NA 111 65 NA NA NA NA NA NA NA 129 86 NA NA NA NA NA NA NA 
1760824800.0 506.0 96 0 NA NA NA NA NA NA NA 152 0 NA NA NA NA NA NA NA 105 65 NA NA NA NA NA NA NA 107 85 NA NA NA NA NA NA NA 
1760824800.0 507.0 89 0 NA NA NA NA NA NA NA 142 0 NA NA NA NA NA NA NA 663 63 NA NA NA NA NA NA NA 423 89 NA NA NA NA NA NA NA 
1760824800.0 508.0 95 0 NA NA NA NA NA NA NA 151 0 NA NA NA NA NA NA NA 109 65 NA NA NA NA NA NA NA 125 87 NA NA NA NA NA NA NA 
1760824800.0 509.0 87 0 NA NA NA NA NA NA NA 140 0 NA NA NA NA NA NA NA 101 64 NA NA NA NA NA NA NA 108 83 NA NA NA NA NA NA NA 
1760824800.0 510.0 89 0 NA NA NA NA NA NA NA 146 0 NA NA NA NA NA NA NA 1345 66 NA NA NA NA NA NA NA 739 87 NA NA NA NA NA NA NA 
1760824800.0 511.0 97 0 NA NA NA NA NA NA NA 150 0 NA NA NA NA NA NA NA 3413 76 NA NA NA NA NA NA NA 4228 93 NA NA NA NA NA NA NA 
1760824800.0 512.0 62 97 0 NA NA NA NA NA NA 103 152 0 NA NA NA NA NA NA 2632 124 61 NA NA NA NA NA NA 1995 107 76 NA NA NA NA NA NA 
1760824800.0 513.0 63 97 0 NA NA NA NA NA NA 103 153 0 NA NA NA NA NA NA 834 127 65 NA NA NA NA NA NA 329 121 87 NA NA NA NA NA NA 
1760824800.0 514.0 63 96 0 NA NA NA NA NA NA 105 155 0 NA NA NA NA NA NA 469 109 64 NA NA NA NA NA NA 200 121 83 NA NA NA NA NA NA 
1760824800.0 515.0 63 89 0 NA NA NA NA NA NA 103 152 0 NA NA NA NA NA NA 2647 107 64 NA NA NA NA NA NA 1587 113 99 NA NA NA NA NA NA 
1760824800.0 516.0 63 95 0 NA NA NA NA NA NA 103 150 0 NA NA NA NA NA NA 3327 135 87 NA NA NA NA NA NA 1540 158 108 NA NA NA NA NA NA 
1760824800.0 517.0 62 98 0 NA NA NA NA NA NA 102 156 0 NA NA NA NA NA NA 502 110 64 NA NA NA NA NA NA 185 120 87 NA NA NA NA NA NA 
1760824800.0 518.0 62 94 0 NA NA NA NA NA NA 104 154 0 NA NA NA NA NA NA 2677 106 63 NA NA NA NA NA NA 2186 105 83 NA NA NA NA NA NA 
1760824800.0 519.0 61 91 0 NA NA NA NA NA NA 104 149 0 NA NA NA NA NA NA 2825 103 62 NA NA NA NA NA NA 2183 103 79 NA NA NA NA NA NA 
1760824800.0 520.0 62 97 0 NA NA NA NA NA NA 104 157 0 NA NA NA NA NA NA 502 111 65 NA NA NA NA NA NA 190 122 87 NA NA NA NA NA NA 
1760824800.0 521.0 60 88 0 NA NA NA NA NA NA 105 145 0 NA NA NA NA NA NA 2778 86 61 NA NA NA NA NA NA 1280 99 76 NA NA NA NA NA NA 
1760824800.0 522.0 63 91 0 NA NA NA NA NA NA 105 145 0 NA NA NA NA NA NA 817 86 63 NA NA NA NA NA NA 296 115 80 NA NA NA NA NA NA 
1760824800.0 523.0 63 93 0 NA NA NA NA NA NA 105 149 0 NA NA NA NA NA NA 1141 92 64 NA NA NA NA NA NA 365 124 83 NA NA NA NA NA NA 
1760824800.0 524.0 62 92 0 NA NA NA NA NA NA 104 150 0 NA NA NA NA NA NA 510 88 66 NA NA NA NA NA NA 224 113 87 NA NA NA NA NA NA 
1760824800.0 525.0 63 91 0 NA NA NA NA NA NA 103 146 0 NA NA NA NA NA NA 3249 114 91 NA NA NA NA NA NA 1001 149 118 NA NA NA NA NA NA 
1760824800.0 526.0 62 88 0 NA NA NA NA NA NA 105 145 0 NA NA NA NA NA NA 2680 85 63 NA NA NA NA NA NA 2187 110 87 NA NA NA NA NA NA 
1760824800.0 527.0 62 91 0 NA NA NA NA NA NA 102 151 0 NA NA NA NA NA NA 503 92 64 NA NA NA NA NA NA 188 122 85 NA NA NA NA NA NA 
1760824800.0 528.0 61 89 0 NA NA NA NA NA NA 103 149 0 NA NA NA NA NA NA 2832 84 62 NA NA NA NA NA NA 2183 101 81 NA NA NA NA NA NA 
1760824800.0 529.0 62 87 0 NA NA NA NA NA NA 105 146 0 NA NA NA NA NA NA 2645 86 61 NA NA NA NA NA NA 1487 128 74 NA NA NA NA NA NA 
1760824800.0 530.0 62 91 0 NA NA NA NA NA NA 102 152 0 NA NA NA NA NA NA 507 90 65 NA NA NA NA NA NA 208 123 86 NA NA NA NA NA NA 
1760824800.0 531.0 114 0 NA NA NA NA NA NA NA 255 0 NA NA NA NA NA NA NA 78 62 NA NA NA NA NA NA NA 94 79 NA NA NA NA NA NA NA 
1760824800.0 534.0 237 0 NA NA NA NA NA NA NA 319 0 NA NA NA NA NA NA NA 750 63 NA NA NA NA NA NA NA 969 80 NA NA NA NA NA NA NA 
1760824800.0 535.0 102 0 NA NA NA NA NA NA NA 172 0 NA NA NA NA NA NA NA 602 63 NA NA NA NA NA NA NA 329 80 NA NA NA NA NA NA NA 
1760824800.0 536.0 100 0 NA NA NA NA NA NA NA 162 0 NA NA NA NA NA NA NA 116 63 NA NA NA NA NA NA NA 152 80 NA NA NA NA NA NA NA 
1760824800.0 537.0 102 0 NA NA NA NA NA NA NA 173 0 NA NA NA NA NA NA NA 1867 66 NA NA NA NA NA NA NA 701 89 NA NA NA NA NA NA NA 
1760824800.0 538.0 99 0 NA NA NA NA NA NA NA 170 0 NA NA NA NA NA NA NA 3130 62 NA NA NA NA NA NA NA 1984 78 NA NA NA NA NA NA NA 
1760824800.0 541.0 91 0 NA NA NA NA NA NA NA 143 0 NA NA NA NA NA NA NA 92 65 NA NA NA NA NA NA NA 121 83 NA NA NA NA NA NA NA 
1760824800.0 545.0 89 0 NA NA NA NA NA NA NA 144 0 NA NA NA NA NA NA NA 106 65 NA NA NA NA NA NA NA 139 83 NA NA NA NA NA NA NA 
1760824800.0 546.0 95 99 NA NA NA NA NA NA NA 152 175 NA NA NA NA NA NA NA 111 115 NA NA NA NA NA NA NA 132 139 NA NA NA NA NA NA NA 
1760824800.0 547.0 62 96 96 NA NA NA NA NA NA 104 153 176 NA NA NA NA NA NA 2585 140 113 NA NA NA NA NA NA 1170 116 132 NA NA NA NA NA NA 
1760824800.0 548.0 62 98 100 NA NA NA NA NA NA 103 157 178 NA NA NA NA NA NA 456 138 115 NA NA NA NA NA NA 167 132 139 NA NA NA NA NA NA 
1760824800.0 551.0 63 98 0 NA NA NA NA NA NA 106 153 0 NA NA NA NA NA NA 1127 145 65 NA NA NA NA NA NA 400 132 86 NA NA NA NA NA NA 
1760824800.0 552.0 62 97 0 NA NA NA NA NA NA 102 157 0 NA NA NA NA NA NA 504 110 65 NA NA NA NA NA NA 190 139 90 NA NA NA NA NA NA 
1760824800.0 554.0 62 98 0 NA NA NA NA NA NA 102 156 0 NA NA NA NA NA NA 2381 106 63 NA NA NA NA NA NA 663 104 92 NA NA NA NA NA NA 
1760824800.0 555.0 62 91 0 NA NA NA NA NA NA 103 151 0 NA NA NA NA NA NA 1704 105 64 NA NA NA NA NA NA 511 133 83 NA NA NA NA NA NA 
1760824800.0 556.0 63 97 0 NA NA NA NA NA NA 105 156 0 NA NA NA NA NA NA 454 131 65 NA NA NA NA NA NA 171 132 86 NA NA NA NA NA NA 
1760824800.0 560.0 95 0 NA NA NA NA NA NA NA 151 0 NA NA NA NA NA NA NA 107 64 NA NA NA NA NA NA NA 121 85 NA NA NA NA NA NA NA 
1760824800.0 561.0 92 0 NA NA NA NA NA NA NA 150 0 NA NA NA NA NA NA NA 118 70 NA NA NA NA NA NA NA 138 95 NA NA NA NA NA NA NA 
1760824800.0 562.0 62 92 0 NA NA NA NA NA NA 105 151 0 NA NA NA NA NA NA 463 103 64 NA NA NA NA NA NA 200 119 84 NA NA NA NA NA NA 
1760824800.0 570.0 84 0 NA NA NA NA NA NA NA 137 0 NA NA NA NA NA NA NA 156 64 NA NA NA NA NA NA NA 142 86 NA NA NA NA NA NA NA 
1760824800.0 571.0 85 0 NA NA NA NA NA NA NA 138 0 NA NA NA NA NA NA NA 178 64 NA NA NA NA NA NA NA 172 82 NA NA NA NA NA NA NA 
1760824800.0 572.0 84 0 NA NA NA NA NA NA NA 134 0 NA NA NA NA NA NA NA 138 65 NA NA NA NA NA NA NA 137 88 NA NA NA NA NA NA NA 
1760824800.0 573.0 86 0 NA NA NA NA NA NA NA 138 0 NA NA NA NA NA NA NA 289 66 NA NA NA NA NA NA NA 193 128 NA NA NA NA NA NA NA 
1760824800.0 574.0 87 0 NA NA NA NA NA NA NA 139 0 NA NA NA NA NA NA NA 413 64 NA NA NA NA NA NA NA 248 82 NA NA NA NA NA NA NA 
1760824800.0 575.0 84 0 NA NA NA NA NA NA NA 134 0 NA NA NA NA NA NA NA 218 64 NA NA NA NA NA NA NA 165 84 NA NA NA NA NA NA NA 
1760824800.0 576.0 85 0 NA NA NA NA NA NA NA 135 0 NA NA NA NA NA NA NA 118 63 NA NA NA NA NA NA NA 108 85 NA NA NA NA NA NA NA 
1760824800.0 577.0 83 0 NA NA NA NA NA NA NA 134 0 NA NA NA NA NA NA NA 128 78 NA NA NA NA NA NA NA 158 107 NA NA NA NA NA NA NA 
1760824800.0 6.0 NA 169 325 0 NA NA NA NA NA NA 256 485 0 NA NA NA NA NA NA 564 785 205 NA NA NA NA NA NA 270 742 246 NA NA NA NA NA 
1760824800.0 7.0 122 159 185 112 0 NA NA NA NA 201 228 297 173 0 NA NA NA NA 301 107 201 101 88 NA NA NA NA 342 142 229 181 111 NA NA NA NA 
1760824800.0 7.1 119 154 185 111 0 NA NA NA NA 199 227 291 169 0 NA NA NA NA 493 100 200 102 86 NA NA NA NA 528 142 269 147 107 NA NA NA NA 
1760824800.0 7.2 123 234 281 117 0 NA NA NA NA 198 321 456 181 0 NA NA NA NA 307 441 253 107 110 NA NA NA NA 311 297 347 141 133 NA NA NA NA 
1760824800.0 7.21 123 257 285 117 0 NA NA NA NA 200 337 465 179 0 NA NA NA NA 393 638 311 147 137 NA NA NA NA 434 349 380 191 161 NA NA NA NA 
1760824800.0 7.22 122 184 238 116 0 NA NA NA NA 197 261 364 180 0 NA NA NA NA 300 105 223 114 91 NA NA NA NA 354 142 246 172 110 NA NA NA NA 
1760824800.0 7.23 133 219 285 117 0 NA NA NA NA 224 302 443 182 0 NA NA NA NA 583 177 311 116 130 NA NA NA NA 534 142 315 154 164 NA NA NA NA 
1760824800.0 7.24 124 208 274 109 0 NA NA NA NA 207 285 432 173 0 NA NA NA NA 478 105 231 86 111 NA NA NA NA 477 90 250 115 132 NA NA NA NA 
1760824800.0 7.3 119 222 268 117 0 NA NA NA NA 197 301 453 180 0 NA NA NA NA 586 318 335 130 131 NA NA NA NA 619 386 418 187 158 NA NA NA NA 
1760824800.0 7.4 121 236 282 117 0 NA NA NA NA 199 321 463 181 0 NA NA NA NA 382 500 351 143 139 NA NA NA NA 426 354 460 181 169 NA NA NA NA 
1760824800.0 8.0 NA 173 190 96 0 NA NA NA NA NA 256 295 152 0 NA NA NA NA NA 558 259 70 89 NA NA NA NA NA 286 271 88 117 NA NA NA NA 
1760824800.0 8.1 120 263 292 96 0 NA NA NA NA 198 359 471 157 0 NA NA NA NA 365 923 330 89 142 NA NA NA NA 408 375 398 123 171 NA NA NA NA 
1760824800.0 8.2 133 232 287 94 0 NA NA NA NA 215 317 449 157 0 NA NA NA NA 563 233 300 92 135 NA NA NA NA 535 151 350 125 162 NA NA NA NA 
1760824800.0 9.0 NA 203 383 0 NA NA NA NA NA NA 291 596 0 NA NA NA NA NA NA 736 1603 388 NA NA NA NA NA NA 336 920 444 NA NA NA NA NA 
