Timestamp WorkflowId PeakValueRss1 PeakValueRss2 PeakValueRss3 PeakValueRss4 PeakValueRss5 PeakValueRss6 PeakValueRss7 PeakValueRss8 PeakValueRss9 PeakValueVsize1 PeakValueVsize2 PeakValueVsize3 PeakValueVsize4 PeakValueVsize5 PeakValueVsize6 PeakValueVsize7 PeakValueVsize8 PeakValueVsize9 TotalJobCPU1 TotalJobCPU2 TotalJobCPU3 TotalJobCPU4 TotalJobCPU5 TotalJobCPU6 TotalJobCPU7 TotalJobCPU8 TotalJobCPU9 TotalJobTime1 TotalJobTime2 TotalJobTime3 TotalJobTime4 TotalJobTime5 TotalJobTime6 TotalJobTime7 TotalJobTime8 TotalJobTime9 
1734040800.0 1.0 134 149 294 NA NA NA NA NA NA 276 243 440 NA NA NA NA NA NA 860 245 697 NA NA NA NA NA NA 608 238 692 NA NA NA NA NA NA 
1734040800.0 10.0 NA 199 403 0 NA NA NA NA NA NA 314 592 0 NA NA NA NA NA NA 1010 2319 352 NA NA NA NA NA NA 402 1378 538 NA NA NA NA NA 
1734040800.0 1000.0 NA 328 222 0 92 NA NA NA NA NA 532 339 0 170 NA NA NA NA NA 1888 660 276 229 NA NA NA NA NA 1223 719 309 248 NA NA NA NA 
1734040800.0 10001.0 NA 304 502 0 145 176 NA NA NA NA 439 711 0 213 278 NA NA NA NA 1079 1217 355 249 401 NA NA NA NA 462 1213 378 288 502 NA NA NA 
1734040800.0 10002.0 NA 296 462 0 143 169 NA NA NA NA 425 702 0 212 264 NA NA NA NA 1082 1431 369 277 451 NA NA NA NA 507 1529 396 319 521 NA NA NA 
1734040800.0 10003.0 NA 292 464 0 142 169 NA NA NA NA 416 718 0 210 271 NA NA NA NA 1089 1438 369 272 450 NA NA NA NA 502 1509 395 340 529 NA NA NA 
1734040800.0 10004.0 NA 291 499 0 144 176 NA NA NA NA 443 723 0 222 278 NA NA NA NA 1070 1223 347 240 398 NA NA NA NA 474 1186 396 297 422 NA NA NA 
1734040800.0 10005.0 NA 287 464 0 141 169 NA NA NA NA 435 718 0 215 265 NA NA NA NA 1102 1408 362 280 452 NA NA NA NA 525 1529 399 338 544 NA NA NA 
1734040800.0 10006.0 NA 274 463 0 141 166 NA NA NA NA 422 697 0 205 259 NA NA NA NA 1117 1383 378 281 446 NA NA NA NA 553 1463 406 366 535 NA NA NA 
1734040800.0 10007.0 NA 273 470 0 170 166 NA NA NA NA 435 722 0 289 265 NA NA NA NA 1113 1416 368 289 478 NA NA NA NA 527 1448 392 342 602 NA NA NA 
1734040800.0 10008.0 NA 279 470 0 171 169 NA NA NA NA 435 710 0 292 264 NA NA NA NA 1100 1434 383 292 464 NA NA NA NA 497 1473 415 352 541 NA NA NA 
1734040800.0 10009.0 NA 279 468 0 173 169 NA NA NA NA 441 717 0 286 264 NA NA NA NA 1104 1448 378 287 468 NA NA NA NA 513 1458 414 340 616 NA NA NA 
1734040800.0 1001.0 NA 324 182 0 0 0 0 0 0 NA 483 259 0 0 0 0 0 0 NA 1667 276 74 54 75 177 86 182 NA 1170 273 132 95 93 205 100 196 
1734040800.0 1001.2 NA 512 215 0 0 0 0 NA NA NA 805 357 0 0 0 0 NA NA NA 7721 687 91 121 108 134 NA NA NA 2614 556 117 250 132 162 NA NA 
1734040800.0 1001.3 NA 522 203 0 NA NA NA NA NA NA 792 321 0 NA NA NA NA NA NA 6369 320 171 NA NA NA NA NA NA 2601 304 199 NA NA NA NA NA 
1734040800.0 1001.4 NA 590 174 0 0 0 NA NA NA NA 792 285 0 0 0 NA NA NA NA 6416 272 86 90 92 NA NA NA NA 2618 340 102 138 114 NA NA NA 
1734040800.0 1002.0 NA 381 119 NA NA NA NA NA NA NA 564 166 NA NA NA NA NA NA NA 2021 163 NA NA NA NA NA NA NA 1382 144 NA NA NA NA NA NA 
1734040800.0 1002.3 NA 521 222 0 NA NA NA NA NA NA 760 345 0 NA NA NA NA NA NA 5112 501 175 NA NA NA NA NA NA 2300 419 217 NA NA NA NA NA 
1734040800.0 1002.4 NA 624 0 NA NA NA NA NA NA NA 800 0 NA NA NA NA NA NA NA 7608 346 NA NA NA NA NA NA NA 2904 382 NA NA NA NA NA NA 
1734040800.0 10023.0 NA 299 562 0 144 175 NA NA NA NA 431 747 0 220 268 NA NA NA NA 1073 1216 368 248 390 NA NA NA NA 450 1183 405 303 414 NA NA NA 
1734040800.0 10024.0 NA 304 520 0 176 179 NA NA NA NA 449 732 0 291 272 NA NA NA NA 1106 1471 395 252 413 NA NA NA NA 564 1292 445 298 443 NA NA NA 
1734040800.0 10024.1 NA 303 297 0 NA NA NA NA NA NA 443 444 0 NA NA NA NA NA NA 1099 564 392 NA NA NA NA NA NA 466 521 457 NA NA NA NA NA 
1734040800.0 10024.2 NA 308 507 0 NA NA NA NA NA NA 446 712 0 NA NA NA NA NA NA 1115 1449 373 NA NA NA NA NA NA 494 1298 402 NA NA NA NA NA 
1734040800.0 10024.3 NA 303 272 0 NA NA NA NA NA NA 443 408 0 NA NA NA NA NA NA 1093 550 328 NA NA NA NA NA NA 444 680 377 NA NA NA NA NA 
1734040800.0 10024.4 NA 303 509 0 NA NA NA NA NA NA 451 737 0 NA NA NA NA NA NA 1083 1358 384 NA NA NA NA NA NA 435 1434 433 NA NA NA NA NA 
1734040800.0 10025.0 NA 301 523 0 146 177 NA NA NA NA 441 705 0 216 269 NA NA NA NA 1080 1248 388 248 400 NA NA NA NA 448 1184 449 302 421 NA NA NA 
1734040800.0 10026.0 NA 292 493 0 145 160 NA NA NA NA 440 762 0 221 263 NA NA NA NA 1153 1816 416 297 469 NA NA NA NA 547 1497 460 380 556 NA NA NA 
1734040800.0 1003.0 NA 429 0 NA NA NA NA NA NA NA 686 0 NA NA NA NA NA NA NA 2048 241 NA NA NA NA NA NA NA 1138 266 NA NA NA NA NA NA 
1734040800.0 10042.0 NA 302 470 0 175 170 NA NA NA NA 427 700 0 296 260 NA NA NA NA 1099 1469 409 296 461 NA NA NA NA 512 1533 442 381 553 NA NA NA 
1734040800.0 1005.0 NA 203 148 0 0 NA NA NA NA NA 370 249 0 0 NA NA NA NA NA 414 176 73 100 NA NA NA NA NA 469 202 96 171 NA NA NA NA 
1734040800.0 10059.0 NA 294 504 0 134 156 NA NA NA NA 443 755 0 216 270 NA NA NA NA 1153 1977 403 271 489 NA NA NA NA 552 1399 429 331 555 NA NA NA 
1734040800.0 10071.0 NA 296 479 0 144 170 NA NA NA NA 453 748 0 220 263 NA NA NA NA 1122 1570 406 281 462 NA NA NA NA 533 1532 435 332 556 NA NA NA 
1734040800.0 101.0 156 NA NA NA NA NA NA NA NA 306 NA NA NA NA NA NA NA NA 556 NA NA NA NA NA NA NA NA 479 NA NA NA NA NA NA NA NA 
1734040800.0 1010.0 NA 75 90 0 NA NA NA NA NA NA 159 167 0 NA NA NA NA NA NA 117 145 134 NA NA NA NA NA NA 164 170 154 NA NA NA NA NA 
1734040800.0 102.0 161 NA NA NA NA NA NA NA NA 287 NA NA NA NA NA NA NA NA 517 NA NA NA NA NA NA NA NA 479 NA NA NA NA NA NA NA NA 
1734040800.0 1020.0 NA 82 69 0 79 NA NA NA NA NA 175 146 0 175 NA NA NA NA NA 143 114 57 143 NA NA NA NA NA 204 147 78 190 NA NA NA NA 
1734040800.0 10224.0 NA 510 731 0 148 NA NA NA NA NA 701 1093 0 272 NA NA NA NA NA 2215 2678 422 422 NA NA NA NA NA 883 1771 448 475 NA NA NA NA 
1734040800.0 10224.15 NA 486 749 0 202 NA NA NA NA NA 720 1074 0 297 NA NA NA NA NA 2130 2471 428 599 NA NA NA NA NA 853 1699 562 542 NA NA NA NA 
1734040800.0 10225.0 NA 463 722 0 159 NA NA NA NA NA 719 1065 0 260 NA NA NA NA NA 2345 2482 431 470 NA NA NA NA NA 988 1626 507 564 NA NA NA NA 
1734040800.0 103.0 117 156 328 NA NA NA NA NA NA 224 237 514 NA NA NA NA NA NA 443 177 1094 NA NA NA NA NA NA 418 209 1081 NA NA NA NA NA NA 
1734040800.0 1030.0 NA 267 86 0 0 NA NA NA NA NA 447 159 0 0 NA NA NA NA NA 3772 136 48 47 NA NA NA NA NA 1297 143 62 61 NA NA NA NA 
1734040800.0 1040.0 NA 515 75 0 NA NA NA NA NA NA 727 140 0 NA NA NA NA NA NA 6759 103 79 NA NA NA NA NA NA 2306 126 91 NA NA NA NA NA 
1734040800.0 1040.1 NA 120 69 0 NA NA NA NA NA NA 211 137 0 NA NA NA NA NA NA 273 129 89 NA NA NA NA NA NA 346 171 109 NA NA NA NA NA 
1734040800.0 1041.0 NA 116 77 0 NA NA NA NA NA NA 210 144 0 NA NA NA NA NA NA 205 125 65 NA NA NA NA NA NA 250 152 90 NA NA NA NA NA 
1734040800.0 1042.0 NA 118 73 0 NA NA NA NA NA NA 212 142 0 NA NA NA NA NA NA 305 137 61 NA NA NA NA NA NA 445 181 81 NA NA NA NA NA 
1734040800.0 10424.0 NA 240 476 0 NA NA NA NA NA NA 381 738 0 NA NA NA NA NA NA 309 1455 414 NA NA NA NA NA NA 290 1368 459 NA NA NA NA NA 
1734040800.0 1046.0 NA 84 74 0 NA NA NA NA NA NA 183 141 0 NA NA NA NA NA NA 189 124 56 NA NA NA NA NA NA 194 151 72 NA NA NA NA NA 
1734040800.0 1047.0 NA 78 93 0 NA NA NA NA NA NA 181 166 0 NA NA NA NA NA NA 192 152 64 NA NA NA NA NA NA 203 162 82 NA NA NA NA NA 
1734040800.0 1048.0 NA 84 85 0 NA NA NA NA NA NA 178 159 0 NA NA NA NA NA NA 200 150 57 NA NA NA NA NA NA 233 158 75 NA NA NA NA NA 
1734040800.0 1049.0 NA 101 0 NA NA NA NA NA NA NA 201 0 NA NA NA NA NA NA NA 911 129 NA NA NA NA NA NA NA 1005 155 NA NA NA NA NA NA 
1734040800.0 105.0 156 150 74 NA NA NA NA NA NA 272 252 129 NA NA NA NA NA NA 948 279 119 NA NA NA NA NA NA 606 305 145 NA NA NA NA NA NA 
1734040800.0 1052.0 NA 202 149 0 NA NA NA NA NA NA 373 256 0 NA NA NA NA NA NA 384 186 61 NA NA NA NA NA NA 405 216 84 NA NA NA NA NA 
1734040800.0 1052.1 NA 134 0 NA NA NA NA NA NA NA 263 0 NA NA NA NA NA NA NA 171 59 NA NA NA NA NA NA NA 198 78 NA NA NA NA NA NA 
1734040800.0 106.0 110 0 0 NA NA NA NA NA NA 210 0 0 NA NA NA NA NA NA 374 101 967 NA NA NA NA NA NA 335 111 979 NA NA NA NA NA NA 
1734040800.0 107.0 160 170 371 NA NA NA NA NA NA 285 251 523 NA NA NA NA NA NA 1375 272 1279 NA NA NA NA NA NA 707 244 1265 NA NA NA NA NA NA 
1734040800.0 108.0 156 172 373 NA NA NA NA NA NA 277 260 551 NA NA NA NA NA NA 1410 271 1289 NA NA NA NA NA NA 756 255 1229 NA NA NA NA NA NA 
1734040800.0 10801.0 NA 283 497 0 145 180 NA NA NA NA 424 698 0 223 275 NA NA NA NA 1043 1223 363 254 409 NA NA NA NA 447 1189 423 286 436 NA NA NA 
1734040800.0 10802.0 NA 296 499 0 144 180 NA NA NA NA 416 725 0 214 270 NA NA NA NA 1024 1238 371 243 400 NA NA NA NA 421 1182 470 274 506 NA NA NA 
1734040800.0 10803.0 NA 266 468 0 142 158 NA NA NA NA 411 717 0 212 266 NA NA NA NA 1081 1441 379 287 525 NA NA NA NA 519 1470 412 351 722 NA NA NA 
1734040800.0 10804.0 NA 291 516 0 145 179 NA NA NA NA 418 725 0 213 273 NA NA NA NA 1028 1208 370 253 400 NA NA NA NA 412 1200 457 288 451 NA NA NA 
1734040800.0 10804.31 NA 292 0 NA NA NA NA NA NA NA 410 0 NA NA NA NA NA NA NA 1045 928 NA NA NA NA NA NA NA 430 1065 NA NA NA NA NA NA 
1734040800.0 10805.0 NA 266 471 0 141 171 NA NA NA NA 419 733 0 212 265 NA NA NA NA 1079 1396 368 281 463 NA NA NA NA 521 1480 391 336 557 NA NA NA 
1734040800.0 10805.31 NA 300 0 NA NA NA NA NA NA NA 410 0 NA NA NA NA NA NA NA 1048 923 NA NA NA NA NA NA NA 431 1059 NA NA NA NA NA NA 
1734040800.0 10806.0 NA 265 462 0 141 164 NA NA NA NA 416 712 0 219 261 NA NA NA NA 1070 1385 366 285 473 NA NA NA NA 504 1449 399 386 605 NA NA NA 
1734040800.0 10807.0 NA 268 565 0 172 180 NA NA NA NA 407 722 0 294 277 NA NA NA NA 1063 1256 365 256 406 NA NA NA NA 555 1219 409 290 439 NA NA NA 
1734040800.0 10808.0 NA 285 504 0 172 182 NA NA NA NA 416 748 0 296 283 NA NA NA NA 1054 1283 368 261 408 NA NA NA NA 453 1219 435 290 484 NA NA NA 
1734040800.0 10809.0 NA 285 532 0 172 183 NA NA NA NA 426 754 0 301 272 NA NA NA NA 1062 1298 367 261 411 NA NA NA NA 454 1196 418 293 513 NA NA NA 
1734040800.0 10823.0 NA 266 463 0 141 166 NA NA NA NA 421 711 0 214 263 NA NA NA NA 1078 1396 384 268 476 NA NA NA NA 513 1475 420 335 606 NA NA NA 
1734040800.0 10824.0 NA 285 478 0 174 173 NA NA NA NA 418 718 0 289 271 NA NA NA NA 1113 1574 417 285 465 NA NA NA NA 525 1540 456 324 539 NA NA NA 
1734040800.0 10824.1 NA 295 297 0 NA NA NA NA NA NA 434 461 0 NA NA NA NA NA NA 1074 555 391 NA NA NA NA NA NA 463 626 476 NA NA NA NA NA 
1734040800.0 10824.6 NA 288 479 0 176 174 NA NA NA NA 439 743 0 298 262 NA NA NA NA 1107 1531 415 285 464 NA NA NA NA 503 1422 449 329 543 NA NA NA 
1734040800.0 10824.8 NA 281 478 0 172 173 NA NA NA NA 432 740 0 293 271 NA NA NA NA 1115 1564 412 288 468 NA NA NA NA 510 1461 451 345 555 NA NA NA 
1734040800.0 10825.0 NA 286 505 0 147 181 NA NA NA NA 424 735 0 222 283 NA NA NA NA 1061 1263 402 242 400 NA NA NA NA 469 1417 488 272 492 NA NA NA 
1734040800.0 10826.0 NA 303 485 0 144 163 NA NA NA NA 439 741 0 214 262 NA NA NA NA 1094 1720 420 291 505 NA NA NA NA 502 1496 455 351 627 NA NA NA 
1734040800.0 10842.0 NA 284 468 0 173 162 NA NA NA NA 426 729 0 290 269 NA NA NA NA 1095 1497 409 290 496 NA NA NA NA 531 1572 450 340 622 NA NA NA 
1734040800.0 10859.0 NA 262 499 0 135 168 NA NA NA NA 439 737 0 219 270 NA NA NA NA 1133 2014 412 288 507 NA NA NA NA 549 1425 437 374 614 NA NA NA 
1734040800.0 10871.0 NA 300 484 0 145 169 NA NA NA NA 418 751 0 218 276 NA NA NA NA 1102 1639 406 297 517 NA NA NA NA 536 1531 436 369 668 NA NA NA 
1734040800.0 109.0 157 172 376 NA NA NA NA NA NA 277 257 546 NA NA NA NA NA NA 1426 274 1289 NA NA NA NA NA NA 714 256 1227 NA NA NA NA NA NA 
1734040800.0 11.0 NA 187 364 0 118 NA NA NA NA NA 297 534 0 183 NA NA NA NA NA 888 1380 377 224 NA NA NA NA NA 406 1124 411 292 NA NA NA NA 
1734040800.0 110.0 117 165 366 NA NA NA NA NA NA 216 251 529 NA NA NA NA NA NA 403 235 1129 NA NA NA NA NA NA 368 199 1121 NA NA NA NA NA NA 
1734040800.0 1102.0 NA 201 412 253 196 NA NA NA NA NA 324 590 356 248 NA NA NA NA NA 1103 3014 1177 291 NA NA NA NA NA 422 1551 671 265 NA NA NA NA 
1734040800.0 11024.0 NA 601 907 0 183 NA NA NA NA NA 832 1211 0 287 NA NA NA NA NA 2890 3001 411 430 NA NA NA NA NA 1088 1653 437 463 NA NA NA NA 
1734040800.0 11024.15 NA 641 0 NA NA NA NA NA NA NA 797 0 NA NA NA NA NA NA NA 2768 0 NA NA NA NA NA NA NA 1060 0 NA NA NA NA NA NA 
1734040800.0 11024.2 NA 567 869 0 177 NA NA NA NA NA 823 1257 0 272 NA NA NA NA NA 2904 3130 419 338 NA NA NA NA NA 1115 1726 436 353 NA NA NA NA 
1734040800.0 11024.6 NA 648 816 0 183 NA NA NA NA NA 816 1208 0 276 NA NA NA NA NA 2761 2892 415 421 NA NA NA NA NA 1076 1654 432 462 NA NA NA NA 
1734040800.0 11025.0 NA 622 831 0 158 NA NA NA NA NA 813 1157 0 275 NA NA NA NA NA 2815 2895 414 426 NA NA NA NA NA 1162 2299 436 486 NA NA NA NA 
1734040800.0 111.0 127 153 338 NA NA NA NA NA NA 236 242 535 NA NA NA NA NA NA 499 209 1249 NA NA NA NA NA NA 440 280 1363 NA NA NA NA NA NA 
1734040800.0 112.0 150 155 336 NA NA NA NA NA NA 272 247 517 NA NA NA NA NA NA 1000 279 1305 NA NA NA NA NA NA 593 291 1397 NA NA NA NA NA NA 
1734040800.0 11224.0 NA 247 482 0 NA NA NA NA NA NA 384 714 0 NA NA NA NA NA NA 319 1471 422 NA NA NA NA NA NA 275 1338 463 NA NA NA NA NA 
1734040800.0 11224.6 NA 260 482 0 NA NA NA NA NA NA 381 748 0 NA NA NA NA NA NA 308 1542 426 NA NA NA NA NA NA 271 1489 473 NA NA NA NA NA 
1734040800.0 113.0 163 161 357 NA NA NA NA NA NA 279 250 543 NA NA NA NA NA NA 1140 291 1271 NA NA NA NA NA NA 630 315 1372 NA NA NA NA NA NA 
1734040800.0 114.0 160 169 356 NA NA NA NA NA NA 281 256 526 NA NA NA NA NA NA 1084 273 1277 NA NA NA NA NA NA 571 292 1299 NA NA NA NA NA NA 
1734040800.0 115.0 155 165 361 NA NA NA NA NA NA 275 250 538 NA NA NA NA NA NA 1214 298 1289 NA NA NA NA NA NA 629 317 1298 NA NA NA NA NA NA 
1734040800.0 116.0 159 163 359 NA NA NA NA NA NA 279 250 533 NA NA NA NA NA NA 1241 296 1294 NA NA NA NA NA NA 630 316 1300 NA NA NA NA NA NA 
1734040800.0 11601.0 NA 292 538 0 146 NA NA NA NA NA 443 781 0 220 NA NA NA NA NA 992 1308 354 232 NA NA NA NA NA 394 1213 370 237 NA NA NA NA 
1734040800.0 11602.0 NA 293 542 0 146 NA NA NA NA NA 443 795 0 219 NA NA NA NA NA 995 1312 358 227 NA NA NA NA NA 396 1207 394 233 NA NA NA NA 
1734040800.0 11603.0 NA 294 542 0 147 NA NA NA NA NA 450 788 0 219 NA NA NA NA NA 992 1351 351 227 NA NA NA NA NA 386 1242 368 239 NA NA NA NA 
1734040800.0 11604.0 NA 292 538 0 146 NA NA NA NA NA 442 799 0 220 NA NA NA NA NA 991 1294 343 233 NA NA NA NA NA 389 1191 358 241 NA NA NA NA 
1734040800.0 11605.0 NA 293 537 0 146 NA NA NA NA NA 432 754 0 219 NA NA NA NA NA 994 1298 352 236 NA NA NA NA NA 392 1192 368 243 NA NA NA NA 
1734040800.0 11606.0 NA 288 538 0 146 NA NA NA NA NA 424 786 0 225 NA NA NA NA NA 997 1319 342 229 NA NA NA NA NA 404 1220 366 239 NA NA NA NA 
1734040800.0 11607.0 NA 293 540 0 176 NA NA NA NA NA 444 809 0 296 NA NA NA NA NA 999 1313 360 237 NA NA NA NA NA 389 1246 455 259 NA NA NA NA 
1734040800.0 11608.0 NA 294 542 0 178 NA NA NA NA NA 452 787 0 297 NA NA NA NA NA 996 1339 372 241 NA NA NA NA NA 392 1211 411 266 NA NA NA NA 
1734040800.0 11609.0 NA 297 545 0 176 NA NA NA NA NA 448 803 0 300 NA NA NA NA NA 1003 1382 357 242 NA NA NA NA NA 387 1281 372 255 NA NA NA NA 
1734040800.0 11630.0 NA 312 570 0 151 NA NA NA NA NA 469 812 0 230 NA NA NA NA NA 1061 2043 406 230 NA NA NA NA NA 414 1433 449 238 NA NA NA NA 
1734040800.0 11634.0 NA 310 560 0 180 NA NA NA NA NA 471 819 0 310 NA NA NA NA NA 1042 1525 389 242 NA NA NA NA NA 386 1294 402 244 NA NA NA NA 
1734040800.0 11634.1 NA 306 301 0 NA NA NA NA NA NA 447 452 0 NA NA NA NA NA NA 1038 578 396 NA NA NA NA NA NA 391 593 465 NA NA NA NA NA 
1734040800.0 11634.15 NA 303 578 0 180 NA NA NA NA NA 447 814 0 307 NA NA NA NA NA 1039 1772 397 233 NA NA NA NA NA 498 1431 420 243 NA NA NA NA 
1734040800.0 11634.24 NA 240 496 0 137 NA NA NA NA NA 367 759 0 213 NA NA NA NA NA 372 1278 347 224 NA NA NA NA NA 356 1243 361 233 NA NA NA NA 
1734040800.0 11634.601 NA 302 86 565 0 NA NA NA NA NA 463 150 821 0 NA NA NA NA NA 1025 90 1506 404 NA NA NA NA NA 382 93 1334 448 NA NA NA NA 
1734040800.0 11634.7 NA 308 621 0 NA NA NA NA NA NA 465 808 0 NA NA NA NA NA NA 1031 1520 395 NA NA NA NA NA NA 386 1275 450 NA NA NA NA NA 
1734040800.0 11634.91 NA 302 561 0 181 NA NA NA NA NA 448 797 0 296 NA NA NA NA NA 1034 1520 394 243 NA NA NA NA NA 412 1270 413 247 NA NA NA NA 
1734040800.0 11634.914 137 280 552 0 167 NA NA NA NA 230 394 788 0 295 NA NA NA NA 1535 1122 1667 410 326 NA NA NA NA 748 552 1488 439 449 NA NA NA NA 
1734040800.0 11640.0 NA 293 541 0 147 NA NA NA NA NA 434 803 0 214 NA NA NA NA NA 998 1302 368 232 NA NA NA NA NA 393 1203 392 252 NA NA NA NA 
1734040800.0 11643.0 NA 301 562 0 150 NA NA NA NA NA 448 819 0 220 NA NA NA NA NA 1040 1560 390 229 NA NA NA NA NA 394 1290 405 232 NA NA NA NA 
1734040800.0 11646.0 NA 296 551 0 149 NA NA NA NA NA 448 820 0 231 NA NA NA NA NA 1009 1380 392 233 NA NA NA NA NA 392 1251 413 243 NA NA NA NA 
1734040800.0 11650.0 NA 302 554 0 182 NA NA NA NA NA 453 811 0 301 NA NA NA NA NA 1016 1375 379 241 NA NA NA NA NA 425 1223 393 246 NA NA NA NA 
1734040800.0 117.0 156 168 361 NA NA NA NA NA NA 281 250 542 NA NA NA NA NA NA 1262 302 1324 NA NA NA NA NA NA 639 381 1309 NA NA NA NA NA NA 
1734040800.0 11723.17 NA 308 571 0 NA NA NA NA NA NA 469 829 0 NA NA NA NA NA NA 1058 1870 402 NA NA NA NA NA NA 404 1376 424 NA NA NA NA NA 
1734040800.0 118.0 158 173 378 NA NA NA NA NA NA 279 249 527 NA NA NA NA NA NA 1514 277 1344 NA NA NA NA NA NA 733 268 1259 NA NA NA NA NA NA 
1734040800.0 11834.0 NA 680 1015 0 NA NA NA NA NA NA 964 1568 0 NA NA NA NA NA NA 3376 4457 420 NA NA NA NA NA NA 1218 2232 439 NA NA NA NA NA 
1734040800.0 11834.13 NA 641 1167 0 NA NA NA NA NA NA 970 1558 0 NA NA NA NA NA NA 3534 5365 426 NA NA NA NA NA NA 1318 2522 443 NA NA NA NA NA 
1734040800.0 11834.19 NA 672 1062 0 NA NA NA NA NA NA 1002 1568 0 NA NA NA NA NA NA 3518 5016 425 NA NA NA NA NA NA 1251 2430 443 NA NA NA NA NA 
1734040800.0 11834.21 NA 524 401 227 173 NA NA NA NA NA 772 578 334 276 NA NA NA NA NA 3239 2111 531 305 NA NA NA NA NA 1309 955 546 315 NA NA NA NA 
1734040800.0 11834.24 NA 251 531 0 NA NA NA NA NA NA 371 769 0 NA NA NA NA NA NA 385 1231 357 NA NA NA NA NA NA 366 1171 379 NA NA NA NA NA 
1734040800.0 11834.99 NA 543 647 771 0 NA NA NA NA NA 856 940 1022 0 NA NA NA NA NA 3400 1609 3773 420 NA NA NA NA NA 1563 615 1891 444 NA NA NA NA 
1734040800.0 11846.0 NA 631 961 0 NA NA NA NA NA NA 1004 1408 0 NA NA NA NA NA NA 3607 4232 447 NA NA NA NA NA NA 1310 2120 491 NA NA NA NA NA 
1734040800.0 11846.19 NA 710 1057 0 NA NA NA NA NA NA 986 1603 0 NA NA NA NA NA NA 3403 4255 429 NA NA NA NA NA NA 1325 2102 481 NA NA NA NA NA 
1734040800.0 119.0 122 151 341 NA NA NA NA NA NA 272 244 524 NA NA NA NA NA NA 844 295 1252 NA NA NA NA NA NA 547 375 1264 NA NA NA NA NA NA 
1734040800.0 12.0 NA 199 401 0 NA NA NA NA NA NA 315 586 0 NA NA NA NA NA NA 986 2418 381 NA NA NA NA NA NA 410 1391 392 NA NA NA NA NA 
1734040800.0 120.0 115 165 361 NA NA NA NA NA NA 238 243 529 NA NA NA NA NA NA 365 240 1123 NA NA NA NA NA NA 350 224 1167 NA NA NA NA NA NA 
1734040800.0 12034.0 NA 254 509 0 NA NA NA NA NA NA 393 822 0 NA NA NA NA NA NA 330 1564 429 NA NA NA NA NA NA 230 1373 476 NA NA NA NA NA 
1734040800.0 121.0 163 173 378 NA NA NA NA NA NA 279 257 529 NA NA NA NA NA NA 1674 281 1361 NA NA NA NA NA NA 765 263 1249 NA NA NA NA NA NA 
1734040800.0 122.0 112 0 0 NA NA NA NA NA NA 211 0 0 NA NA NA NA NA NA 379 96 965 NA NA NA NA NA NA 474 107 991 NA NA NA NA NA NA 
1734040800.0 123.1 391 NA NA NA NA NA NA NA NA 529 NA NA NA NA NA NA NA NA 705 NA NA NA NA NA NA NA NA 655 NA NA NA NA NA NA NA NA 
1734040800.0 123.2 387 NA NA NA NA NA NA NA NA 529 NA NA NA NA NA NA NA NA 762 NA NA NA NA NA NA NA NA 640 NA NA NA NA NA NA NA NA 
1734040800.0 123.3 314 NA NA NA NA NA NA NA NA 415 NA NA NA NA NA NA NA NA 621 NA NA NA NA NA NA NA NA 621 NA NA NA NA NA NA NA NA 
1734040800.0 124.1 377 NA NA NA NA NA NA NA NA 478 NA NA NA NA NA NA NA NA 616 NA NA NA NA NA NA NA NA 592 NA NA NA NA NA NA NA NA 
1734040800.0 124.2 389 NA NA NA NA NA NA NA NA 527 NA NA NA NA NA NA NA NA 658 NA NA NA NA NA NA NA NA 608 NA NA NA NA NA NA NA NA 
1734040800.0 124.4 378 NA NA NA NA NA NA NA NA 480 NA NA NA NA NA NA NA NA 615 NA NA NA NA NA NA NA NA 582 NA NA NA NA NA NA NA NA 
1734040800.0 124.5 378 NA NA NA NA NA NA NA NA 489 NA NA NA NA NA NA NA NA 634 NA NA NA NA NA NA NA NA 605 NA NA NA NA NA NA NA NA 
1734040800.0 124.6 315 NA NA NA NA NA NA NA NA 425 NA NA NA NA NA NA NA NA 619 NA NA NA NA NA NA NA NA 619 NA NA NA NA NA NA NA NA 
1734040800.0 12434.0 NA 303 560 0 182 NA NA NA NA NA 452 845 0 306 NA NA NA NA NA 1365 1536 405 237 NA NA NA NA NA 481 1338 442 246 NA NA NA NA 
1734040800.0 12434.501 NA 307 157 0 NA NA NA NA NA NA 452 309 0 NA NA NA NA NA NA 1364 390 192 NA NA NA NA NA NA 483 462 218 NA NA NA NA NA 
1734040800.0 12434.505 NA 307 157 0 NA NA NA NA NA NA 436 313 0 NA NA NA NA NA NA 1362 395 215 NA NA NA NA NA NA 492 434 262 NA NA NA NA NA 
1734040800.0 12434.511 NA 308 121 0 NA NA NA NA NA NA 439 213 0 NA NA NA NA NA NA 1360 307 147 NA NA NA NA NA NA 476 344 184 NA NA NA NA NA 
1734040800.0 12434.521 NA 310 117 0 NA NA NA NA NA NA 444 189 0 NA NA NA NA NA NA 1361 301 153 NA NA NA NA NA NA 481 321 200 NA NA NA NA NA 
1734040800.0 12434.7 NA 304 561 0 NA NA NA NA NA NA 445 813 0 NA NA NA NA NA NA 1349 1508 391 NA NA NA NA NA NA 459 1267 415 NA NA NA NA NA 
1734040800.0 12446.0 NA 297 551 0 149 NA NA NA NA NA 450 827 0 226 NA NA NA NA NA 1363 1416 395 232 NA NA NA NA NA 491 1383 411 245 NA NA NA NA 
1734040800.0 12450.501 NA 304 153 0 NA NA NA NA NA NA 452 291 0 NA NA NA NA NA NA 1350 384 196 NA NA NA NA NA NA 474 415 243 NA NA NA NA NA 
1734040800.0 12450.505 NA 298 160 0 NA NA NA NA NA NA 453 313 0 NA NA NA NA NA NA 1356 376 197 NA NA NA NA NA NA 487 457 224 NA NA NA NA NA 
1734040800.0 12461.0 NA 292 534 0 144 NA NA NA NA NA 427 766 0 218 NA NA NA NA NA 1318 1289 336 233 NA NA NA NA NA 463 1279 354 241 NA NA NA NA 
1734040800.0 125.0 161 166 357 NA NA NA NA NA NA 281 253 512 NA NA NA NA NA NA 1287 292 1285 NA NA NA NA NA NA 643 414 1318 NA NA NA NA NA NA 
1734040800.0 126.0 106 149 336 NA NA NA NA NA NA 223 247 520 NA NA NA NA NA NA 673 256 1227 NA NA NA NA NA NA 504 264 1254 NA NA NA NA NA NA 
1734040800.0 12634.0 NA 623 1064 0 NA NA NA NA NA NA 948 1543 0 NA NA NA NA NA NA 3728 4201 423 NA NA NA NA NA NA 1345 2111 437 NA NA NA NA NA 
1734040800.0 12634.21 NA 536 370 225 174 NA NA NA NA NA 775 561 346 265 NA NA NA NA NA 3200 1587 497 312 NA NA NA NA NA 1137 684 448 362 NA NA NA NA 
1734040800.0 12634.99 NA 553 687 790 0 NA NA NA NA NA 900 972 1102 0 NA NA NA NA NA 3454 1942 4035 435 NA NA NA NA NA 1586 703 1997 478 NA NA NA NA 
1734040800.0 127.0 105 148 333 NA NA NA NA NA NA 213 250 500 NA NA NA NA NA NA 501 273 1218 NA NA NA NA NA NA 419 339 1277 NA NA NA NA NA NA 
1734040800.0 128.0 119 158 332 NA NA NA NA NA NA 206 244 519 NA NA NA NA NA NA 352 253 1181 NA NA NA NA NA NA 348 252 1194 NA NA NA NA NA NA 
1734040800.0 12834.0 NA 300 579 0 179 NA NA NA NA NA 457 832 0 302 NA NA NA NA NA 467 1515 385 241 NA NA NA NA NA 254 1304 434 241 NA NA NA NA 
1734040800.0 12834.402 NA 303 141 0 NA NA NA NA NA NA 439 230 0 NA NA NA NA NA NA 480 353 196 NA NA NA NA NA NA 278 387 229 NA NA NA NA NA 
1734040800.0 12834.412 NA 302 126 0 NA NA NA NA NA NA 458 201 0 NA NA NA NA NA NA 480 303 150 NA NA NA NA NA NA 278 330 193 NA NA NA NA NA 
1734040800.0 12834.7 NA 304 524 0 NA NA NA NA NA NA 458 812 0 NA NA NA NA NA NA 474 1671 424 NA NA NA NA NA NA 258 1486 464 NA NA NA NA NA 
1734040800.0 12846.0 NA 295 552 0 148 NA NA NA NA NA 450 824 0 225 NA NA NA NA NA 458 1418 379 232 NA NA NA NA NA 250 1272 399 240 NA NA NA NA 
1734040800.0 12861.0 NA 273 553 0 144 NA NA NA NA NA 423 765 0 219 NA NA NA NA NA 459 1354 349 231 NA NA NA NA NA 310 1285 362 240 NA NA NA NA 
1734040800.0 129.0 111 157 331 NA NA NA NA NA NA 210 242 524 NA NA NA NA NA NA 356 264 1204 NA NA NA NA NA NA 347 315 1298 NA NA NA NA NA NA 
1734040800.0 13.0 NA 177 354 0 NA NA NA NA NA NA 273 525 0 NA NA NA NA NA NA 233 1691 346 NA NA NA NA NA NA 259 1486 379 NA NA NA NA NA 
1734040800.0 130.0 115 166 362 NA NA NA NA NA NA 227 254 561 NA NA NA NA NA NA 384 240 1140 NA NA NA NA NA NA 403 221 1165 NA NA NA NA NA NA 
1734040800.0 1301.0 142 215 317 NA NA NA NA NA NA 267 321 499 NA NA NA NA NA NA 946 255 707 NA NA NA NA NA NA 596 214 690 NA NA NA NA NA NA 
1734040800.0 1301.17 126 286 343 NA NA NA NA NA NA 230 393 539 NA NA NA NA NA NA 1015 1065 780 NA NA NA NA NA NA 585 435 850 NA NA NA NA NA NA 
1734040800.0 1302.0 148 223 330 NA NA NA NA NA NA 271 327 507 NA NA NA NA NA NA 1499 273 815 NA NA NA NA NA NA 633 223 804 NA NA NA NA NA NA 
1734040800.0 1302.17 130 294 356 NA NA NA NA NA NA 238 405 546 NA NA NA NA NA NA 1564 1091 886 NA NA NA NA NA NA 660 431 873 NA NA NA NA NA NA 
1734040800.0 1302.18 133 286 285 198 164 NA NA NA NA 233 394 426 339 259 NA NA NA NA 1578 1086 561 597 372 NA NA NA NA 729 471 553 585 459 NA NA NA NA 
1734040800.0 1302.181 119 285 277 214 160 NA NA NA NA 231 386 434 335 263 NA NA NA NA 1728 1086 575 563 377 NA NA NA NA 841 469 685 565 512 NA NA NA NA 
1734040800.0 1303.0 145 223 328 NA NA NA NA NA NA 244 320 495 NA NA NA NA NA NA 2527 255 993 NA NA NA NA NA NA 1146 268 845 NA NA NA NA NA NA 
1734040800.0 1303.17 143 294 348 NA NA NA NA NA NA 241 403 538 NA NA NA NA NA NA 2624 1079 1113 NA NA NA NA NA NA 1199 512 956 NA NA NA NA NA NA 
1734040800.0 13034.0 NA 707 1063 0 NA NA NA NA NA NA 954 1552 0 NA NA NA NA NA NA 2652 4286 418 NA NA NA NA NA NA 1040 2090 445 NA NA NA NA NA 
1734040800.0 13034.21 NA 534 374 202 166 NA NA NA NA NA 719 557 335 256 NA NA NA NA NA 2675 1864 569 308 NA NA NA NA NA 1065 850 465 318 NA NA NA NA 
1734040800.0 13034.99 NA 611 647 730 0 NA NA NA NA NA 921 989 1012 0 NA NA NA NA NA 3169 1045 3365 432 NA NA NA NA NA 1487 526 1781 483 NA NA NA NA 
1734040800.0 1304.18 127 280 283 218 173 NA NA NA NA 229 384 437 332 274 NA NA NA NA 1164 1043 455 475 330 NA NA NA NA 653 415 641 571 380 NA NA NA NA 
1734040800.0 1304.181 129 267 285 217 174 NA NA NA NA 230 384 432 345 278 NA NA NA NA 1185 1048 455 481 325 NA NA NA NA 610 431 656 661 362 NA NA NA NA 
1734040800.0 1304.182 127 280 283 216 NA NA NA NA NA 229 392 423 336 NA NA NA NA NA 1168 1050 471 495 NA NA NA NA NA 578 436 527 533 NA NA NA NA NA 
1734040800.0 1306.0 NA 207 369 0 NA NA NA NA NA NA 342 605 0 NA NA NA NA NA NA 274 1242 295 NA NA NA NA NA NA 283 1312 332 NA NA NA NA NA 
1734040800.0 1307.0 NA 208 225 93 0 NA NA NA NA NA 343 398 159 0 NA NA NA NA NA 241 451 152 178 NA NA NA NA NA 210 485 223 244 NA NA NA NA 
1734040800.0 1308.0 NA 207 257 92 0 NA NA NA NA NA 337 393 159 0 NA NA NA NA NA 229 361 135 172 NA NA NA NA NA 207 346 167 198 NA NA NA NA 
1734040800.0 1309.0 NA 216 412 0 NA NA NA NA NA NA 358 605 0 NA NA NA NA NA NA 297 1399 339 NA NA NA NA NA NA 292 1381 381 NA NA NA NA NA 
1734040800.0 131.0 124 149 335 NA NA NA NA NA NA 224 250 530 NA NA NA NA NA NA 567 260 1226 NA NA NA NA NA NA 423 297 1274 NA NA NA NA NA NA 
1734040800.0 1310.0 NA 214 412 0 NA NA NA NA NA NA 368 610 0 NA NA NA NA NA NA 285 1371 319 NA NA NA NA NA NA 250 1332 348 NA NA NA NA NA 
1734040800.0 1311.0 NA 224 422 0 121 NA NA NA NA NA 355 594 0 190 NA NA NA NA NA 262 947 322 205 NA NA NA NA NA 279 898 339 248 NA NA NA NA 
1734040800.0 1312.0 NA 211 415 0 NA NA NA NA NA NA 362 601 0 NA NA NA NA NA NA 289 1381 337 NA NA NA NA NA NA 276 1339 380 NA NA NA NA NA 
1734040800.0 1313.0 NA 227 427 0 NA NA NA NA NA NA 370 634 0 NA NA NA NA NA NA 262 1519 311 NA NA NA NA NA NA 287 1333 337 NA NA NA NA NA 
1734040800.0 1314.0 NA 212 377 0 NA NA NA NA NA NA 358 621 0 NA NA NA NA NA NA 296 1370 324 NA NA NA NA NA NA 292 1308 360 NA NA NA NA NA 
1734040800.0 1315.0 NA 206 403 0 NA NA NA NA NA NA 350 595 0 NA NA NA NA NA NA 265 1213 282 NA NA NA NA NA NA 261 1257 316 NA NA NA NA NA 
1734040800.0 1316.0 NA 214 364 0 NA NA NA NA NA NA 343 601 0 NA NA NA NA NA NA 272 1281 295 NA NA NA NA NA NA 293 1293 325 NA NA NA NA NA 
1734040800.0 1317.0 NA 207 422 0 150 NA NA NA NA NA 349 618 0 251 NA NA NA NA NA 275 1159 295 356 NA NA NA NA NA 280 1114 331 415 NA NA NA NA 
1734040800.0 1318.0 NA 214 419 0 144 NA NA NA NA NA 354 612 0 263 NA NA NA NA NA 279 1166 293 360 NA NA NA NA NA 299 1134 334 412 NA NA NA NA 
1734040800.0 1319.0 NA 221 426 0 NA NA NA NA NA NA 351 632 0 NA NA NA NA NA NA 253 1151 282 NA NA NA NA NA NA 258 1123 309 NA NA NA NA NA 
1734040800.0 132.0 157 170 365 NA NA NA NA NA NA 279 251 517 NA NA NA NA NA NA 1299 284 1328 NA NA NA NA NA NA 710 278 1323 NA NA NA NA NA NA 
1734040800.0 1320.0 NA 209 413 0 150 NA NA NA NA NA 349 582 0 255 NA NA NA NA NA 275 1168 298 374 NA NA NA NA NA 275 1095 334 426 NA NA NA NA 
1734040800.0 1321.0 NA 213 403 0 154 NA NA NA NA NA 355 606 0 261 NA NA NA NA NA 275 1209 304 358 NA NA NA NA NA 269 1158 347 426 NA NA NA NA 
1734040800.0 1322.0 NA 212 400 0 150 NA NA NA NA NA 356 599 0 263 NA NA NA NA NA 282 1239 304 370 NA NA NA NA NA 283 1179 336 416 NA NA NA NA 
1734040800.0 1323.0 NA 211 390 0 NA NA NA NA NA NA 349 592 0 NA NA NA NA NA NA 272 1249 293 NA NA NA NA NA NA 276 1284 317 NA NA NA NA NA 
1734040800.0 13234.0 NA 634 0 NA NA NA NA NA NA NA 869 0 NA NA NA NA NA NA NA 3383 272 NA NA NA NA NA NA NA 1789 304 NA NA NA NA NA NA 
1734040800.0 1324.0 NA 230 441 0 NA NA NA NA NA NA 361 621 0 NA NA NA NA NA NA 278 1298 315 NA NA NA NA NA NA 230 1139 333 NA NA NA NA NA 
1734040800.0 1325.0 NA 231 443 0 124 171 NA NA NA NA 373 615 0 201 266 NA NA NA NA 277 1313 323 221 321 NA NA NA NA 256 1237 338 277 357 NA NA NA 
1734040800.0 1325.1 NA 233 245 0 NA NA NA NA NA NA 372 382 0 NA NA NA NA NA NA 276 486 294 NA NA NA NA NA NA 210 558 308 NA NA NA NA NA 
1734040800.0 1325.2 NA 224 419 0 NA NA NA NA NA NA 346 619 0 NA NA NA NA NA NA 293 1363 333 NA NA NA NA NA NA 277 1264 380 NA NA NA NA NA 
1734040800.0 1325.3 NA 214 231 0 NA NA NA NA NA NA 356 376 0 NA NA NA NA NA NA 313 505 288 NA NA NA NA NA NA 311 538 317 NA NA NA NA NA 
1734040800.0 1325.4 NA 218 413 0 NA NA NA NA NA NA 367 625 0 NA NA NA NA NA NA 309 1387 326 NA NA NA NA NA NA 336 1293 354 NA NA NA NA NA 
1734040800.0 1325.9 NA 243 432 0 114 NA NA NA NA NA 391 637 0 185 NA NA NA NA NA 331 1304 333 236 NA NA NA NA NA 278 1157 370 304 NA NA NA NA 
1734040800.0 1325.91 NA 243 440 0 113 NA NA NA NA NA 399 611 0 183 NA NA NA NA NA 338 1302 328 246 NA NA NA NA NA 290 1164 362 343 NA NA NA NA 
1734040800.0 1326.0 NA 232 401 0 NA NA NA NA NA NA 367 601 0 NA NA NA NA NA NA 263 1300 323 NA NA NA NA NA NA 237 1358 353 NA NA NA NA NA 
1734040800.0 1327.0 NA 218 407 0 NA NA NA NA NA NA 361 621 0 NA NA NA NA NA NA 278 1272 321 NA NA NA NA NA NA 274 1258 359 NA NA NA NA NA 
1734040800.0 1328.0 NA 214 414 0 NA NA NA NA NA NA 362 605 0 NA NA NA NA NA NA 313 1367 329 NA NA NA NA NA NA 309 1301 367 NA NA NA NA NA 
1734040800.0 1329.0 NA 211 418 0 149 NA NA NA NA NA 359 592 0 263 NA NA NA NA NA 287 1247 320 359 NA NA NA NA NA 269 1179 353 412 NA NA NA NA 
1734040800.0 133.0 161 171 377 NA NA NA NA NA NA 288 248 540 NA NA NA NA NA NA 1712 268 1411 NA NA NA NA NA NA 756 237 1243 NA NA NA NA NA NA 
1734040800.0 1330.0 NA 226 451 0 150 NA NA NA NA NA 363 654 0 264 NA NA NA NA NA 293 1326 335 368 NA NA NA NA NA 275 1227 382 465 NA NA NA NA 
1734040800.0 1331.0 NA 213 427 0 147 NA NA NA NA NA 352 604 0 255 NA NA NA NA NA 295 1222 315 360 NA NA NA NA NA 296 1156 350 419 NA NA NA NA 
1734040800.0 1332.0 NA 212 413 0 NA NA NA NA NA NA 353 606 0 NA NA NA NA NA NA 307 1314 320 NA NA NA NA NA NA 304 1297 361 NA NA NA NA NA 
1734040800.0 1333.0 NA 220 395 0 NA NA NA NA NA NA 358 591 0 NA NA NA NA NA NA 272 1287 314 NA NA NA NA NA NA 255 1320 364 NA NA NA NA NA 
1734040800.0 1334.0 NA 225 410 0 NA NA NA NA NA NA 362 621 0 NA NA NA NA NA NA 277 1354 332 NA NA NA NA NA NA 261 1427 375 NA NA NA NA NA 
1734040800.0 1335.0 NA 227 431 0 NA NA NA NA NA NA 363 614 0 NA NA NA NA NA NA 264 1174 305 NA NA NA NA NA NA 228 1114 318 NA NA NA NA NA 
1734040800.0 1336.0 NA 220 434 0 NA NA NA NA NA NA 374 628 0 NA NA NA NA NA NA 312 1943 330 NA NA NA NA NA NA 295 1470 361 NA NA NA NA NA 
1734040800.0 1337.0 NA 244 434 0 NA NA NA NA NA NA 376 628 0 NA NA NA NA NA NA 315 1776 334 NA NA NA NA NA NA 275 1493 380 NA NA NA NA NA 
1734040800.0 1338.0 NA 222 417 0 150 NA NA NA NA NA 358 632 0 250 NA NA NA NA NA 290 1382 329 366 NA NA NA NA NA 266 1280 366 431 NA NA NA NA 
1734040800.0 1339.0 NA 191 420 0 NA NA NA NA NA NA 358 624 0 NA NA NA NA NA NA 313 1567 324 NA NA NA NA NA NA 313 1304 358 NA NA NA NA NA 
1734040800.0 134.0 NA 388 74 0 NA NA NA NA NA NA 584 141 0 NA NA NA NA NA NA 2229 110 56 NA NA NA NA NA NA 1507 124 72 NA NA NA NA NA 
1734040800.0 134.701 NA 87 388 0 NA NA NA NA NA NA 182 587 0 NA NA NA NA NA NA 124 3294 284 NA NA NA NA NA NA 121 1924 317 NA NA NA NA NA 
1734040800.0 134.702 NA 80 415 0 NA NA NA NA NA NA 179 608 0 NA NA NA NA NA NA 133 3829 254 NA NA NA NA NA NA 128 1900 277 NA NA NA NA NA 
1734040800.0 134.703 NA 90 430 0 NA NA NA NA NA NA 182 624 0 NA NA NA NA NA NA 128 3869 270 NA NA NA NA NA NA 123 1952 299 NA NA NA NA NA 
1734040800.0 134.704 NA 88 418 0 NA NA NA NA NA NA 182 601 0 NA NA NA NA NA NA 127 3648 274 NA NA NA NA NA NA 120 1862 317 NA NA NA NA NA 
1734040800.0 134.705 NA 90 476 0 NA NA NA NA NA NA 188 612 0 NA NA NA NA NA NA 148 3858 290 NA NA NA NA NA NA 152 1806 331 NA NA NA NA NA 
1734040800.0 134.706 NA 90 433 0 NA NA NA NA NA NA 177 628 0 NA NA NA NA NA NA 141 3932 296 NA NA NA NA NA NA 171 1813 338 NA NA NA NA NA 
1734040800.0 134.707 NA 89 477 0 NA NA NA NA NA NA 183 608 0 NA NA NA NA NA NA 153 3493 252 NA NA NA NA NA NA 173 1706 265 NA NA NA NA NA 
1734040800.0 134.708 NA 89 444 0 NA NA NA NA NA NA 180 611 0 NA NA NA NA NA NA 152 3345 265 NA NA NA NA NA NA 145 1651 286 NA NA NA NA NA 
1734040800.0 134.709 NA 88 595 0 NA NA NA NA NA NA 179 854 0 NA NA NA NA NA NA 126 3782 265 NA NA NA NA NA NA 121 1919 292 NA NA NA NA NA 
1734040800.0 134.71 NA 74 411 0 NA NA NA NA NA NA 179 586 0 NA NA NA NA NA NA 131 2631 280 NA NA NA NA NA NA 126 1553 310 NA NA NA NA NA 
1734040800.0 134.801 NA 79 399 0 NA NA NA NA NA NA 180 607 0 NA NA NA NA NA NA 130 2837 278 NA NA NA NA NA NA 126 1648 304 NA NA NA NA NA 
1734040800.0 134.802 NA 87 428 0 NA NA NA NA NA NA 186 636 0 NA NA NA NA NA NA 156 4126 245 NA NA NA NA NA NA 158 1868 261 NA NA NA NA NA 
1734040800.0 134.803 NA 87 394 0 NA NA NA NA NA NA 183 621 0 NA NA NA NA NA NA 146 3840 251 NA NA NA NA NA NA 217 1786 267 NA NA NA NA NA 
1734040800.0 134.804 NA 88 468 0 NA NA NA NA NA NA 180 632 0 NA NA NA NA NA NA 148 4354 261 NA NA NA NA NA NA 150 1926 293 NA NA NA NA NA 
1734040800.0 134.805 NA 88 438 0 NA NA NA NA NA NA 181 644 0 NA NA NA NA NA NA 158 4263 265 NA NA NA NA NA NA 162 1925 286 NA NA NA NA NA 
1734040800.0 134.806 NA 87 480 0 NA NA NA NA NA NA 181 653 0 NA NA NA NA NA NA 153 4602 263 NA NA NA NA NA NA 152 2010 280 NA NA NA NA NA 
1734040800.0 134.807 NA 195 463 0 NA NA NA NA NA NA 310 672 0 NA NA NA NA NA NA 453 4450 335 NA NA NA NA NA NA 459 1973 350 NA NA NA NA NA 
1734040800.0 134.808 NA 194 486 0 NA NA NA NA NA NA 309 696 0 NA NA NA NA NA NA 378 4617 299 NA NA NA NA NA NA 311 2012 313 NA NA NA NA NA 
1734040800.0 134.809 NA 88 425 0 NA NA NA NA NA NA 180 615 0 NA NA NA NA NA NA 137 3931 256 NA NA NA NA NA NA 145 1836 275 NA NA NA NA NA 
1734040800.0 134.81 NA 87 429 0 NA NA NA NA NA NA 180 636 0 NA NA NA NA NA NA 147 4042 262 NA NA NA NA NA NA 180 1854 290 NA NA NA NA NA 
1734040800.0 134.811 NA 88 453 0 NA NA NA NA NA NA 183 628 0 NA NA NA NA NA NA 148 4302 248 NA NA NA NA NA NA 152 1924 263 NA NA NA NA NA 
1734040800.0 134.812 NA 84 456 0 NA NA NA NA NA NA 183 610 0 NA NA NA NA NA NA 138 2687 265 NA NA NA NA NA NA 143 1646 286 NA NA NA NA NA 
1734040800.0 134.813 NA 255 114 0 NA NA NA NA NA NA 435 189 0 NA NA NA NA NA NA 814 177 172 NA NA NA NA NA NA 440 211 197 NA NA NA NA NA 
1734040800.0 134.901 NA 84 389 0 NA NA NA NA NA NA 174 592 0 NA NA NA NA NA NA 129 3005 278 NA NA NA NA NA NA 123 1806 318 NA NA NA NA NA 
1734040800.0 134.902 NA 88 457 0 NA NA NA NA NA NA 184 607 0 NA NA NA NA NA NA 151 3341 255 NA NA NA NA NA NA 173 1662 275 NA NA NA NA NA 
1734040800.0 134.903 NA 82 417 0 NA NA NA NA NA NA 185 602 0 NA NA NA NA NA NA 143 3352 277 NA NA NA NA NA NA 137 1786 320 NA NA NA NA NA 
1734040800.0 134.904 NA 88 458 0 NA NA NA NA NA NA 183 608 0 NA NA NA NA NA NA 158 3928 247 NA NA NA NA NA NA 151 1826 262 NA NA NA NA NA 
1734040800.0 134.905 NA 79 417 0 NA NA NA NA NA NA 174 612 0 NA NA NA NA NA NA 141 3284 279 NA NA NA NA NA NA 132 1773 323 NA NA NA NA NA 
1734040800.0 134.906 NA 85 417 0 NA NA NA NA NA NA 177 616 0 NA NA NA NA NA NA 133 3867 267 NA NA NA NA NA NA 122 1949 297 NA NA NA NA NA 
1734040800.0 134.907 NA 193 487 0 NA NA NA NA NA NA 293 690 0 NA NA NA NA NA NA 408 3382 288 NA NA NA NA NA NA 518 1678 327 NA NA NA NA NA 
1734040800.0 134.908 NA 198 486 0 NA NA NA NA NA NA 310 646 0 NA NA NA NA NA NA 339 3480 278 NA NA NA NA NA NA 259 1713 300 NA NA NA NA NA 
1734040800.0 134.909 NA 88 384 0 NA NA NA NA NA NA 184 612 0 NA NA NA NA NA NA 140 3293 257 NA NA NA NA NA NA 143 1673 274 NA NA NA NA NA 
1734040800.0 134.91 NA 81 412 0 NA NA NA NA NA NA 180 616 0 NA NA NA NA NA NA 142 3246 278 NA NA NA NA NA NA 135 1782 317 NA NA NA NA NA 
1734040800.0 134.911 NA 88 408 0 NA NA NA NA NA NA 183 611 0 NA NA NA NA NA NA 138 3298 254 NA NA NA NA NA NA 149 1662 274 NA NA NA NA NA 
1734040800.0 134.912 NA 84 388 0 NA NA NA NA NA NA 174 598 0 NA NA NA NA NA NA 133 2747 281 NA NA NA NA NA NA 127 1657 308 NA NA NA NA NA 
1734040800.0 134.99601 NA 88 461 0 NA NA NA NA NA NA 183 613 0 NA NA NA NA NA NA 156 5003 270 NA NA NA NA NA NA 162 2116 289 NA NA NA NA NA 
1734040800.0 134.99602 NA 88 413 0 NA NA NA NA NA NA 177 599 0 NA NA NA NA NA NA 143 3116 264 NA NA NA NA NA NA 140 1755 295 NA NA NA NA NA 
1734040800.0 134.99603 NA 88 423 0 NA NA NA NA NA NA 182 617 0 NA NA NA NA NA NA 140 4053 276 NA NA NA NA NA NA 134 2001 319 NA NA NA NA NA 
1734040800.0 134.99901 NA 79 412 0 NA NA NA NA NA NA 177 592 0 NA NA NA NA NA NA 141 3208 283 NA NA NA NA NA NA 131 1741 323 NA NA NA NA NA 
1734040800.0 1340.0 NA 230 394 0 NA NA NA NA NA NA 353 596 0 NA NA NA NA NA NA 263 1280 318 NA NA NA NA NA NA 255 1319 346 NA NA NA NA NA 
1734040800.0 1341.0 NA 228 430 0 NA NA NA NA NA NA 368 613 0 NA NA NA NA NA NA 324 1669 337 NA NA NA NA NA NA 296 1342 364 NA NA NA NA NA 
1734040800.0 1343.0 NA 226 412 0 NA NA NA NA NA NA 356 613 0 NA NA NA NA NA NA 303 1417 339 NA NA NA NA NA NA 320 1443 367 NA NA NA NA NA 
1734040800.0 13434.0 NA 855 0 NA NA NA NA NA NA NA 1148 0 NA NA NA NA NA NA NA 8030 247 NA NA NA NA NA NA NA 3153 266 NA NA NA NA NA NA 
1734040800.0 1344.0 NA 233 413 0 NA NA NA NA NA NA 359 597 0 NA NA NA NA NA NA 273 1359 316 NA NA NA NA NA NA 256 1368 353 NA NA NA NA NA 
1734040800.0 1345.0 NA 221 414 0 NA NA NA NA NA NA 359 621 0 NA NA NA NA NA NA 288 1376 325 NA NA NA NA NA NA 275 1378 356 NA NA NA NA NA 
1734040800.0 1347.0 NA 223 408 0 NA NA NA NA NA NA 356 618 0 NA NA NA NA NA NA 281 1319 313 NA NA NA NA NA NA 252 1261 337 NA NA NA NA NA 
1734040800.0 1348.0 NA 232 403 0 NA NA NA NA NA NA 349 592 0 NA NA NA NA NA NA 267 1280 325 NA NA NA NA NA NA 259 1283 372 NA NA NA NA NA 
1734040800.0 1349.0 NA 228 433 0 NA NA NA NA NA NA 357 619 0 NA NA NA NA NA NA 265 1175 305 NA NA NA NA NA NA 234 1116 317 NA NA NA NA NA 
1734040800.0 135.1 433 0 181 168 NA NA NA NA NA 581 0 319 260 NA NA NA NA NA 713 204 493 340 NA NA NA NA NA 657 222 490 464 NA NA NA NA NA 
1734040800.0 135.11 439 0 174 168 NA NA NA NA NA 580 0 327 262 NA NA NA NA NA 793 195 601 343 NA NA NA NA NA 583 220 490 378 NA NA NA NA NA 
1734040800.0 135.12 433 0 205 165 NA NA NA NA NA 593 0 318 260 NA NA NA NA NA 682 198 466 322 NA NA NA NA NA 633 218 526 348 NA NA NA NA NA 
1734040800.0 135.13 431 0 NA NA NA NA NA NA NA 588 0 NA NA NA NA NA NA NA 705 285 NA NA NA NA NA NA NA 625 316 NA NA NA NA NA NA NA 
1734040800.0 135.14 431 0 206 167 NA NA NA NA NA 582 0 324 261 NA NA NA NA NA 698 205 487 334 NA NA NA NA NA 590 234 511 408 NA NA NA NA NA 
1734040800.0 135.2 361 0 182 165 NA NA NA NA NA 505 0 330 259 NA NA NA NA NA 603 171 452 327 NA NA NA NA NA 650 189 516 362 NA NA NA NA NA 
1734040800.0 135.3 360 0 201 165 NA NA NA NA NA 505 0 316 261 NA NA NA NA NA 609 165 461 334 NA NA NA NA NA 646 180 487 437 NA NA NA NA NA 
1734040800.0 135.4 431 0 206 166 NA NA NA NA NA 573 0 315 258 NA NA NA NA NA 650 196 461 332 NA NA NA NA NA 560 216 492 403 NA NA NA NA NA 
1734040800.0 135.5 430 0 209 165 NA NA NA NA NA 579 0 332 258 NA NA NA NA NA 657 195 461 340 NA NA NA NA NA 600 211 495 432 NA NA NA NA NA 
1734040800.0 135.6 432 0 173 166 NA NA NA NA NA 596 0 328 266 NA NA NA NA NA 700 195 489 338 NA NA NA NA NA 566 212 495 359 NA NA NA NA NA 
1734040800.0 135.7 431 0 206 165 NA NA NA NA NA 587 0 330 263 NA NA NA NA NA 654 192 466 334 NA NA NA NA NA 647 206 497 357 NA NA NA NA NA 
1734040800.0 135.8 174 NA NA NA NA NA NA NA NA 277 NA NA NA NA NA NA NA NA 513 NA NA NA NA NA NA NA NA 323 NA NA NA NA NA NA NA NA 
1734040800.0 135.9 433 0 201 165 NA NA NA NA NA 583 0 324 267 NA NA NA NA NA 639 195 448 322 NA NA NA NA NA 556 212 469 346 NA NA NA NA NA 
1734040800.0 1350.0 NA 230 433 0 NA NA NA NA NA NA 366 614 0 NA NA NA NA NA NA 271 1192 301 NA NA NA NA NA NA 324 1158 317 NA NA NA NA NA 
1734040800.0 1351.0 NA 226 402 0 NA NA NA NA NA NA 362 601 0 NA NA NA NA NA NA 273 1293 310 NA NA NA NA NA NA 254 1265 340 NA NA NA NA NA 
1734040800.0 1352.0 NA 213 412 0 NA NA NA NA NA NA 352 602 0 NA NA NA NA NA NA 279 1292 310 NA NA NA NA NA NA 282 1283 340 NA NA NA NA NA 
1734040800.0 1353.0 NA 228 440 0 NA NA NA NA NA NA 357 625 0 NA NA NA NA NA NA 274 1260 302 NA NA NA NA NA NA 263 1148 317 NA NA NA NA NA 
1734040800.0 1354.0 NA 234 413 0 NA NA NA NA NA NA 358 597 0 NA NA NA NA NA NA 276 1355 337 NA NA NA NA NA NA 260 1335 388 NA NA NA NA NA 
1734040800.0 1355.0 NA 216 412 0 NA NA NA NA NA NA 368 605 0 NA NA NA NA NA NA 302 1384 315 NA NA NA NA NA NA 263 1364 344 NA NA NA NA NA 
1734040800.0 1356.0 146 224 463 0 217 NA NA NA NA 267 324 653 0 334 NA NA NA NA 1181 258 1136 308 457 NA NA NA NA 667 219 1013 326 411 NA NA NA NA 
1734040800.0 136.721 NA 169 466 0 NA NA NA NA NA NA 288 685 0 NA NA NA NA NA NA 277 3962 264 NA NA NA NA NA NA 351 1794 311 NA NA NA NA NA 
1734040800.0 136.722 NA 169 437 0 NA NA NA NA NA NA 290 649 0 NA NA NA NA NA NA 269 4527 187 NA NA NA NA NA NA 226 2072 203 NA NA NA NA NA 
1734040800.0 136.723 NA 170 494 0 NA NA NA NA NA NA 278 672 0 NA NA NA NA NA NA 272 4255 251 NA NA NA NA NA NA 202 1878 267 NA NA NA NA NA 
1734040800.0 136.724 NA 169 444 0 NA NA NA NA NA NA 284 636 0 NA NA NA NA NA NA 285 5245 176 NA NA NA NA NA NA 250 2226 193 NA NA NA NA NA 
1734040800.0 136.725 NA 170 475 0 NA NA NA NA NA NA 288 668 0 NA NA NA NA NA NA 270 4357 172 NA NA NA NA NA NA 216 1992 186 NA NA NA NA NA 
1734040800.0 136.726 NA 169 400 0 NA NA NA NA NA NA 280 587 0 NA NA NA NA NA NA 272 4733 165 NA NA NA NA NA NA 209 2080 182 NA NA NA NA NA 
1734040800.0 136.727 NA 269 525 0 NA NA NA NA NA NA 399 720 0 NA NA NA NA NA NA 490 4490 271 NA NA NA NA NA NA 628 1916 299 NA NA NA NA NA 
1734040800.0 136.728 NA 272 522 0 NA NA NA NA NA NA 421 701 0 NA NA NA NA NA NA 561 4908 255 NA NA NA NA NA NA 494 2041 271 NA NA NA NA NA 
1734040800.0 136.729 NA 169 472 0 NA NA NA NA NA NA 287 680 0 NA NA NA NA NA NA 259 4590 209 NA NA NA NA NA NA 209 1957 222 NA NA NA NA NA 
1734040800.0 136.73 NA 169 479 0 NA NA NA NA NA NA 288 683 0 NA NA NA NA NA NA 268 4595 198 NA NA NA NA NA NA 203 2075 212 NA NA NA NA NA 
1734040800.0 136.731 NA 170 448 0 NA NA NA NA NA NA 288 627 0 NA NA NA NA NA NA 267 4631 185 NA NA NA NA NA NA 206 2072 203 NA NA NA NA NA 
1734040800.0 136.732 NA 169 542 0 NA NA NA NA NA NA 292 694 0 NA NA NA NA NA NA 257 3649 269 NA NA NA NA NA NA 217 1719 312 NA NA NA NA NA 
1734040800.0 136.733 NA 259 123 0 NA NA NA NA NA NA 438 198 0 NA NA NA NA NA NA 709 217 188 NA NA NA NA NA NA 515 296 221 NA NA NA NA NA 
1734040800.0 136.734 NA 170 402 0 NA NA NA NA NA NA 286 610 0 NA NA NA NA NA NA 295 4486 199 NA NA NA NA NA NA 211 2059 220 NA NA NA NA NA 
1734040800.0 136.735 NA 174 369 0 NA NA NA NA NA NA 297 569 0 NA NA NA NA NA NA 272 1910 243 NA NA NA NA NA NA 265 1697 281 NA NA NA NA NA 
1734040800.0 136.736 NA 168 483 0 NA NA NA NA NA NA 286 704 0 NA NA NA NA NA NA 312 6539 254 NA NA NA NA NA NA 348 2417 268 NA NA NA NA NA 
1734040800.0 136.737 NA 160 389 0 NA NA NA NA NA NA 277 657 0 NA NA NA NA NA NA 348 7677 199 NA NA NA NA NA NA 300 3002 241 NA NA NA NA NA 
1734040800.0 136.738 NA 169 479 0 NA NA NA NA NA NA 289 697 0 NA NA NA NA NA NA 344 7227 261 NA NA NA NA NA NA 363 2634 285 NA NA NA NA NA 
1734040800.0 136.739 NA 165 429 0 NA NA NA NA NA NA 280 661 0 NA NA NA NA NA NA 358 8961 203 NA NA NA NA NA NA 295 3336 238 NA NA NA NA NA 
1734040800.0 136.74 NA 161 402 0 NA NA NA NA NA NA 285 668 0 NA NA NA NA NA NA 351 7674 189 NA NA NA NA NA NA 300 3042 226 NA NA NA NA NA 
1734040800.0 136.741 NA 163 376 0 NA NA NA NA NA NA 279 631 0 NA NA NA NA NA NA 364 7808 179 NA NA NA NA NA NA 278 3032 211 NA NA NA NA NA 
1734040800.0 136.742 NA 168 480 0 NA NA NA NA NA NA 283 696 0 NA NA NA NA NA NA 318 6935 216 NA NA NA NA NA NA 245 2668 237 NA NA NA NA NA 
1734040800.0 136.743 NA 170 562 0 NA NA NA NA NA NA 289 751 0 NA NA NA NA NA NA 337 6228 208 NA NA NA NA NA NA 277 2332 223 NA NA NA NA NA 
1734040800.0 136.744 NA 156 394 0 NA NA NA NA NA NA 277 660 0 NA NA NA NA NA NA 351 7732 196 NA NA NA NA NA NA 273 3029 228 NA NA NA NA NA 
1734040800.0 136.745 NA 168 522 0 NA NA NA NA NA NA 283 743 0 NA NA NA NA NA NA 301 5160 274 NA NA NA NA NA NA 239 2208 300 NA NA NA NA NA 
1734040800.0 136.746 NA 156 380 0 NA NA NA NA NA NA 271 642 0 NA NA NA NA NA NA 381 7445 211 NA NA NA NA NA NA 274 3015 265 NA NA NA NA NA 
1734040800.0 136.747 NA 167 505 0 NA NA NA NA NA NA 282 688 0 NA NA NA NA NA NA 318 6628 259 NA NA NA NA NA NA 318 2525 273 NA NA NA NA NA 
1734040800.0 136.748 NA 160 381 0 NA NA NA NA NA NA 279 603 0 NA NA NA NA NA NA 341 6899 194 NA NA NA NA NA NA 290 2789 223 NA NA NA NA NA 
1734040800.0 136.749 NA 170 518 0 NA NA NA NA NA NA 292 724 0 NA NA NA NA NA NA 344 7730 259 NA NA NA NA NA NA 284 2784 289 NA NA NA NA NA 
1734040800.0 136.75 NA 168 490 0 NA NA NA NA NA NA 280 662 0 NA NA NA NA NA NA 325 8864 184 NA NA NA NA NA NA 233 3226 211 NA NA NA NA NA 
1734040800.0 136.751 NA 169 471 0 NA NA NA NA NA NA 281 684 0 NA NA NA NA NA NA 333 9149 198 NA NA NA NA NA NA 219 3333 225 NA NA NA NA NA 
1734040800.0 136.752 NA 161 349 0 NA NA NA NA NA NA 279 639 0 NA NA NA NA NA NA 356 7569 183 NA NA NA NA NA NA 289 3046 233 NA NA NA NA NA 
1734040800.0 136.753 NA 169 490 0 NA NA NA NA NA NA 280 689 0 NA NA NA NA NA NA 314 7341 208 NA NA NA NA NA NA 269 2882 228 NA NA NA NA NA 
1734040800.0 136.754 NA 175 543 0 NA NA NA NA NA NA 293 763 0 NA NA NA NA NA NA 312 6105 213 NA NA NA NA NA NA 262 2397 234 NA NA NA NA NA 
1734040800.0 136.755 NA 158 427 0 NA NA NA NA NA NA 280 678 0 NA NA NA NA NA NA 362 8232 203 NA NA NA NA NA NA 288 3128 232 NA NA NA NA NA 
1734040800.0 136.756 NA 170 525 0 NA NA NA NA NA NA 290 754 0 NA NA NA NA NA NA 304 4982 264 NA NA NA NA NA NA 232 2164 278 NA NA NA NA NA 
1734040800.0 136.757 NA 162 390 0 NA NA NA NA NA NA 289 634 0 NA NA NA NA NA NA 372 7175 213 NA NA NA NA NA NA 281 2867 248 NA NA NA NA NA 
1734040800.0 136.758 NA 162 466 0 NA NA NA NA NA NA 286 718 0 NA NA NA NA NA NA 357 8389 273 NA NA NA NA NA NA 302 3026 296 NA NA NA NA NA 
1734040800.0 136.759 NA 168 486 0 NA NA NA NA NA NA 283 672 0 NA NA NA NA NA NA 336 10137 204 NA NA NA NA NA NA 240 3618 232 NA NA NA NA NA 
1734040800.0 136.76 NA 169 518 0 NA NA NA NA NA NA 286 738 0 NA NA NA NA NA NA 343 9828 271 NA NA NA NA NA NA 224 3290 340 NA NA NA NA NA 
1734040800.0 136.761 NA 155 438 0 NA NA NA NA NA NA 281 701 0 NA NA NA NA NA NA 391 11662 189 NA NA NA NA NA NA 315 3933 219 NA NA NA NA NA 
1734040800.0 136.762 NA 162 441 0 NA NA NA NA NA NA 280 677 0 NA NA NA NA NA NA 380 12142 192 NA NA NA NA NA NA 327 4078 230 NA NA NA NA NA 
1734040800.0 136.763 NA 169 425 0 NA NA NA NA NA NA 284 635 0 NA NA NA NA NA NA 346 10012 165 NA NA NA NA NA NA 223 3441 179 NA NA NA NA NA 
1734040800.0 136.764 NA 167 500 0 NA NA NA NA NA NA 281 725 0 NA NA NA NA NA NA 342 9432 221 NA NA NA NA NA NA 243 3289 379 NA NA NA NA NA 
1734040800.0 136.765 NA 160 523 0 NA NA NA NA NA NA 283 765 0 NA NA NA NA NA NA 367 8740 246 NA NA NA NA NA NA 287 3154 293 NA NA NA NA NA 
1734040800.0 136.766 NA 169 520 0 NA NA NA NA NA NA 284 702 0 NA NA NA NA NA NA 334 9602 182 NA NA NA NA NA NA 234 3395 198 NA NA NA NA NA 
1734040800.0 136.767 NA 167 530 0 NA NA NA NA NA NA 284 761 0 NA NA NA NA NA NA 315 7064 272 NA NA NA NA NA NA 338 2826 307 NA NA NA NA NA 
1734040800.0 136.768 NA 168 421 0 NA NA NA NA NA NA 286 642 0 NA NA NA NA NA NA 354 9492 216 NA NA NA NA NA NA 252 3389 247 NA NA NA NA NA 
1734040800.0 136.769 NA 170 505 0 NA NA NA NA NA NA 284 698 0 NA NA NA NA NA NA 295 6325 260 NA NA NA NA NA NA 280 2375 287 NA NA NA NA NA 
1734040800.0 136.77 NA 168 454 0 NA NA NA NA NA NA 283 650 0 NA NA NA NA NA NA 294 7167 189 NA NA NA NA NA NA 256 2773 205 NA NA NA NA NA 
1734040800.0 136.771 NA 170 527 0 NA NA NA NA NA NA 282 708 0 NA NA NA NA NA NA 323 6935 267 NA NA NA NA NA NA 276 2608 313 NA NA NA NA NA 
1734040800.0 136.772 NA 157 411 0 NA NA NA NA NA NA 277 661 0 NA NA NA NA NA NA 329 8720 187 NA NA NA NA NA NA 286 3289 219 NA NA NA NA NA 
1734040800.0 136.773 NA 157 394 0 NA NA NA NA NA NA 281 657 0 NA NA NA NA NA NA 327 7306 188 NA NA NA NA NA NA 291 2911 215 NA NA NA NA NA 
1734040800.0 136.774 NA 160 382 0 NA NA NA NA NA NA 278 620 0 NA NA NA NA NA NA 337 7380 176 NA NA NA NA NA NA 279 2938 210 NA NA NA NA NA 
1734040800.0 136.775 NA 168 486 0 NA NA NA NA NA NA 289 700 0 NA NA NA NA NA NA 291 6403 203 NA NA NA NA NA NA 229 2411 219 NA NA NA NA NA 
1734040800.0 136.776 NA 171 544 0 NA NA NA NA NA NA 285 726 0 NA NA NA NA NA NA 301 6263 210 NA NA NA NA NA NA 248 2402 221 NA NA NA NA NA 
1734040800.0 136.777 NA 158 399 0 NA NA NA NA NA NA 277 651 0 NA NA NA NA NA NA 323 7590 201 NA NA NA NA NA NA 262 3059 237 NA NA NA NA NA 
1734040800.0 136.778 NA 170 522 0 NA NA NA NA NA NA 286 716 0 NA NA NA NA NA NA 282 4493 260 NA NA NA NA NA NA 250 1968 273 NA NA NA NA NA 
1734040800.0 136.779 NA 169 435 0 NA NA NA NA NA NA 274 609 0 NA NA NA NA NA NA 318 6199 201 NA NA NA NA NA NA 339 2448 216 NA NA NA NA NA 
1734040800.0 136.78 NA 191 612 0 NA NA NA NA NA NA 308 845 0 NA NA NA NA NA NA 294 8556 292 NA NA NA NA NA NA 221 3134 314 NA NA NA NA NA 
1734040800.0 136.7801 NA 170 0 NA NA NA NA NA NA NA 272 0 NA NA NA NA NA NA NA 407 159 NA NA NA NA NA NA NA 451 189 NA NA NA NA NA NA 
1734040800.0 136.7802 NA 119 0 NA NA NA NA NA NA NA 212 0 NA NA NA NA NA NA NA 268 147 NA NA NA NA NA NA NA 321 177 NA NA NA NA NA NA 
1734040800.0 136.7803 NA 177 0 NA NA NA NA NA NA NA 289 0 NA NA NA NA NA NA NA 510 150 NA NA NA NA NA NA NA 651 183 NA NA NA NA NA NA 
1734040800.0 136.781 NA 190 544 0 NA NA NA NA NA NA 304 759 0 NA NA NA NA NA NA 292 9034 238 NA NA NA NA NA NA 223 3293 266 NA NA NA NA NA 
1734040800.0 136.782 NA 190 620 0 NA NA NA NA NA NA 313 860 0 NA NA NA NA NA NA 338 9202 291 NA NA NA NA NA NA 238 3298 318 NA NA NA NA NA 
1734040800.0 136.783 NA 191 423 0 NA NA NA NA NA NA 316 755 0 NA NA NA NA NA NA 324 11604 233 NA NA NA NA NA NA 279 4042 278 NA NA NA NA NA 
1734040800.0 136.784 NA 192 465 0 NA NA NA NA NA NA 321 747 0 NA NA NA NA NA NA 290 8371 235 NA NA NA NA NA NA 256 3176 295 NA NA NA NA NA 
1734040800.0 136.785 NA 192 481 0 NA NA NA NA NA NA 308 697 0 NA NA NA NA NA NA 320 9212 211 NA NA NA NA NA NA 239 3551 228 NA NA NA NA NA 
1734040800.0 136.786 NA 185 541 0 NA NA NA NA NA NA 311 846 0 NA NA NA NA NA NA 308 9235 280 NA NA NA NA NA NA 266 3371 309 NA NA NA NA NA 
1734040800.0 136.787 NA 191 730 0 NA NA NA NA NA NA 308 947 0 NA NA NA NA NA NA 310 9151 286 NA NA NA NA NA NA 248 3825 312 NA NA NA NA NA 
1734040800.0 136.788 NA 190 542 0 NA NA NA NA NA NA 308 785 0 NA NA NA NA NA NA 298 10430 235 NA NA NA NA NA NA 253 3648 253 NA NA NA NA NA 
1734040800.0 136.789 NA 182 595 0 NA NA NA NA NA NA 305 891 0 NA NA NA NA NA NA 316 8358 326 NA NA NA NA NA NA 286 3188 368 NA NA NA NA NA 
1734040800.0 136.79 NA 196 460 0 NA NA NA NA NA NA 324 687 0 NA NA NA NA NA NA 287 5031 227 NA NA NA NA NA NA 295 2286 240 NA NA NA NA NA 
1734040800.0 136.791 NA 194 547 0 NA NA NA NA NA NA 314 693 0 NA NA NA NA NA NA 241 1967 256 NA NA NA NA NA NA 200 1598 273 NA NA NA NA NA 
1734040800.0 136.792 NA 194 603 0 NA NA NA NA NA NA 313 823 0 NA NA NA NA NA NA 288 7200 302 NA NA NA NA NA NA 253 2766 383 NA NA NA NA NA 
1734040800.0 136.793 NA 184 440 0 NA NA NA NA NA NA 314 770 0 NA NA NA NA NA NA 307 7133 243 NA NA NA NA NA NA 268 2882 273 NA NA NA NA NA 
1734040800.0 136.794 NA 183 539 0 NA NA NA NA NA NA 304 834 0 NA NA NA NA NA NA 333 7806 327 NA NA NA NA NA NA 282 2990 379 NA NA NA NA NA 
1734040800.0 136.795 NA 192 587 0 NA NA NA NA NA NA 313 770 0 NA NA NA NA NA NA 288 8353 229 NA NA NA NA NA NA 246 3156 265 NA NA NA NA NA 
1734040800.0 136.796 NA 183 432 0 NA NA NA NA NA NA 314 671 0 NA NA NA NA NA NA 311 7255 253 NA NA NA NA NA NA 283 2968 301 NA NA NA NA NA 
1734040800.0 136.797 NA 185 427 0 NA NA NA NA NA NA 319 700 0 NA NA NA NA NA NA 331 8154 216 NA NA NA NA NA NA 266 3252 245 NA NA NA NA NA 
1734040800.0 136.798 NA 191 617 0 NA NA NA NA NA NA 313 828 0 NA NA NA NA NA NA 276 7420 260 NA NA NA NA NA NA 473 2870 288 NA NA NA NA NA 
1734040800.0 136.799 NA 192 705 0 NA NA NA NA NA NA 304 921 0 NA NA NA NA NA NA 305 7187 272 NA NA NA NA NA NA 302 2867 316 NA NA NA NA NA 
1734040800.0 136.8 NA 193 610 0 NA NA NA NA NA NA 315 782 0 NA NA NA NA NA NA 291 7821 241 NA NA NA NA NA NA 286 2959 269 NA NA NA NA NA 
1734040800.0 136.801 NA 192 669 0 NA NA NA NA NA NA 314 845 0 NA NA NA NA NA NA 264 4974 301 NA NA NA NA NA NA 240 2207 369 NA NA NA NA NA 
1734040800.0 136.802 NA 193 455 0 NA NA NA NA NA NA 308 694 0 NA NA NA NA NA NA 307 6469 230 NA NA NA NA NA NA 267 2654 245 NA NA NA NA NA 
1734040800.0 136.803 NA 194 486 0 NA NA NA NA NA NA 314 694 0 NA NA NA NA NA NA 244 1922 257 NA NA NA NA NA NA 218 1582 271 NA NA NA NA NA 
1734040800.0 136.804 NA 192 625 0 NA NA NA NA NA NA 319 810 0 NA NA NA NA NA NA 287 6968 297 NA NA NA NA NA NA 258 2718 327 NA NA NA NA NA 
1734040800.0 136.805 NA 184 460 0 NA NA NA NA NA NA 314 741 0 NA NA NA NA NA NA 312 7666 244 NA NA NA NA NA NA 281 3050 281 NA NA NA NA NA 
1734040800.0 136.806 NA 192 621 0 NA NA NA NA NA NA 304 853 0 NA NA NA NA NA NA 305 7029 301 NA NA NA NA NA NA 295 2650 335 NA NA NA NA NA 
1734040800.0 136.807 NA 182 454 0 NA NA NA NA NA NA 305 762 0 NA NA NA NA NA NA 322 8492 244 NA NA NA NA NA NA 265 3325 275 NA NA NA NA NA 
1734040800.0 136.808 NA 186 459 0 NA NA NA NA NA NA 310 727 0 NA NA NA NA NA NA 311 7592 239 NA NA NA NA NA NA 272 3028 273 NA NA NA NA NA 
1734040800.0 136.809 NA 186 422 0 NA NA NA NA NA NA 299 703 0 NA NA NA NA NA NA 332 7515 218 NA NA NA NA NA NA 274 3039 259 NA NA NA NA NA 
1734040800.0 136.81 NA 193 632 0 NA NA NA NA NA NA 320 828 0 NA NA NA NA NA NA 281 7097 253 NA NA NA NA NA NA 278 2824 275 NA NA NA NA NA 
1734040800.0 136.811 NA 192 683 0 NA NA NA NA NA NA 314 896 0 NA NA NA NA NA NA 299 7416 268 NA NA NA NA NA NA 284 2946 295 NA NA NA NA NA 
1734040800.0 136.812 NA 194 618 0 NA NA NA NA NA NA 302 753 0 NA NA NA NA NA NA 286 8579 237 NA NA NA NA NA NA 215 3217 292 NA NA NA NA NA 
1734040800.0 136.813 NA 193 678 0 NA NA NA NA NA NA 318 902 0 NA NA NA NA NA NA 266 4913 287 NA NA NA NA NA NA 241 2162 304 NA NA NA NA NA 
1734040800.0 136.814 NA 184 429 0 NA NA NA NA NA NA 304 681 0 NA NA NA NA NA NA 331 7190 264 NA NA NA NA NA NA 272 2940 308 NA NA NA NA NA 
1734040800.0 136.815 NA 195 564 0 NA NA NA NA NA NA 320 704 0 NA NA NA NA NA NA 246 2000 246 NA NA NA NA NA NA 216 1564 261 NA NA NA NA NA 
1734040800.0 136.816 NA 193 637 0 NA NA NA NA NA NA 321 895 0 NA NA NA NA NA NA 309 9956 300 NA NA NA NA NA NA 229 3359 363 NA NA NA NA NA 
1734040800.0 136.817 NA 192 559 0 NA NA NA NA NA NA 308 789 0 NA NA NA NA NA NA 305 8983 241 NA NA NA NA NA NA 228 3505 274 NA NA NA NA NA 
1734040800.0 136.818 NA 193 639 0 NA NA NA NA NA NA 309 860 0 NA NA NA NA NA NA 331 9610 293 NA NA NA NA NA NA 252 3287 311 NA NA NA NA NA 
1734040800.0 136.819 NA 180 487 0 NA NA NA NA NA NA 310 775 0 NA NA NA NA NA NA 342 11510 234 NA NA NA NA NA NA 319 4063 268 NA NA NA NA NA 
1734040800.0 136.82 NA 192 508 0 NA NA NA NA NA NA 308 734 0 NA NA NA NA NA NA 312 10211 220 NA NA NA NA NA NA 296 3602 237 NA NA NA NA NA 
1734040800.0 136.821 NA 194 485 0 NA NA NA NA NA NA 314 715 0 NA NA NA NA NA NA 319 9853 232 NA NA NA NA NA NA 234 3457 264 NA NA NA NA NA 
1734040800.0 136.822 NA 179 564 0 NA NA NA NA NA NA 315 843 0 NA NA NA NA NA NA 313 9272 260 NA NA NA NA NA NA 264 3255 286 NA NA NA NA NA 
1734040800.0 136.823 NA 192 699 0 NA NA NA NA NA NA 308 921 0 NA NA NA NA NA NA 308 8852 261 NA NA NA NA NA NA 217 3298 278 NA NA NA NA NA 
1734040800.0 136.824 NA 184 510 0 NA NA NA NA NA NA 309 798 0 NA NA NA NA NA NA 355 11793 238 NA NA NA NA NA NA 321 4075 276 NA NA NA NA NA 
1734040800.0 136.825 NA 192 726 0 NA NA NA NA NA NA 312 912 0 NA NA NA NA NA NA 267 6429 290 NA NA NA NA NA NA 250 2585 306 NA NA NA NA NA 
1734040800.0 136.826 NA 193 514 0 NA NA NA NA NA NA 313 736 0 NA NA NA NA NA NA 329 9535 248 NA NA NA NA NA NA 226 3449 279 NA NA NA NA NA 
1734040800.0 136.827 NA 194 550 0 NA NA NA NA NA NA 307 714 0 NA NA NA NA NA NA 246 2066 248 NA NA NA NA NA NA 221 1696 264 NA NA NA NA NA 
1734040800.0 136.828 NA 192 664 0 NA NA NA NA NA NA 308 895 0 NA NA NA NA NA NA 309 10901 295 NA NA NA NA NA NA 229 3672 308 NA NA NA NA NA 
1734040800.0 136.829 NA 180 471 0 NA NA NA NA NA NA 314 762 0 NA NA NA NA NA NA 336 10866 233 NA NA NA NA NA NA 307 3833 266 NA NA NA NA NA 
1734040800.0 136.83 NA 193 629 0 NA NA NA NA NA NA 314 854 0 NA NA NA NA NA NA 328 10623 298 NA NA NA NA NA NA 266 3592 314 NA NA NA NA NA 
1734040800.0 136.831 NA 188 524 0 NA NA NA NA NA NA 309 794 0 NA NA NA NA NA NA 344 12180 229 NA NA NA NA NA NA 322 4146 260 NA NA NA NA NA 
1734040800.0 136.832 NA 186 481 0 NA NA NA NA NA NA 312 778 0 NA NA NA NA NA NA 350 12987 229 NA NA NA NA NA NA 320 4438 263 NA NA NA NA NA 
1734040800.0 136.833 NA 188 447 0 NA NA NA NA NA NA 309 736 0 NA NA NA NA NA NA 352 11426 226 NA NA NA NA NA NA 296 3982 262 NA NA NA NA NA 
1734040800.0 136.834 NA 192 633 0 NA NA NA NA NA NA 324 854 0 NA NA NA NA NA NA 313 10687 254 NA NA NA NA NA NA 274 3621 266 NA NA NA NA NA 
1734040800.0 136.835 NA 193 740 0 NA NA NA NA NA NA 308 963 0 NA NA NA NA NA NA 314 10006 271 NA NA NA NA NA NA 243 3565 290 NA NA NA NA NA 
1734040800.0 136.836 NA 184 467 0 NA NA NA NA NA NA 306 797 0 NA NA NA NA NA NA 349 12117 237 NA NA NA NA NA NA 314 4137 274 NA NA NA NA NA 
1734040800.0 136.837 NA 194 710 0 NA NA NA NA NA NA 314 928 0 NA NA NA NA NA NA 295 8377 314 NA NA NA NA NA NA 241 3105 344 NA NA NA NA NA 
1734040800.0 136.838 NA 192 549 0 NA NA NA NA NA NA 307 755 0 NA NA NA NA NA NA 333 9672 236 NA NA NA NA NA NA 240 3377 256 NA NA NA NA NA 
1734040800.0 136.839 NA 199 563 0 NA NA NA NA NA NA 321 721 0 NA NA NA NA NA NA 253 2080 252 NA NA NA NA NA NA 222 1568 268 NA NA NA NA NA 
1734040800.0 136.8391 NA 224 578 0 NA NA NA NA NA NA 378 872 0 NA NA NA NA NA NA 897 9538 275 NA NA NA NA NA NA 752 3426 315 NA NA NA NA NA 
1734040800.0 136.84 NA 193 504 0 NA NA NA NA NA NA 318 730 0 NA NA NA NA NA NA 305 9955 232 NA NA NA NA NA NA 260 3789 255 NA NA NA NA NA 
1734040800.0 136.841 NA 195 474 0 NA NA NA NA NA NA 318 733 0 NA NA NA NA NA NA 295 9180 210 NA NA NA NA NA NA 224 3413 235 NA NA NA NA NA 
1734040800.0 136.842 NA 184 443 0 NA NA NA NA NA NA 312 726 0 NA NA NA NA NA NA 342 12410 219 NA NA NA NA NA NA 308 4257 260 NA NA NA NA NA 
1734040800.0 136.843 NA 185 457 0 NA NA NA NA NA NA 310 740 0 NA NA NA NA NA NA 365 13833 231 NA NA NA NA NA NA 333 4598 268 NA NA NA NA NA 
1734040800.0 136.844 NA 192 458 0 NA NA NA NA NA NA 298 704 0 NA NA NA NA NA NA 324 7709 222 NA NA NA NA NA NA 265 2916 243 NA NA NA NA NA 
1734040800.0 136.845 NA 180 422 0 NA NA NA NA NA NA 312 678 0 NA NA NA NA NA NA 340 6928 221 NA NA NA NA NA NA 296 2850 259 NA NA NA NA NA 
1734040800.0 136.846 NA 182 415 0 NA NA NA NA NA NA 306 724 0 NA NA NA NA NA NA 329 6652 215 NA NA NA NA NA NA 266 2835 243 NA NA NA NA NA 
1734040800.0 136.847 NA 192 472 0 NA NA NA NA NA NA 308 715 0 NA NA NA NA NA NA 337 10098 241 NA NA NA NA NA NA 250 3675 263 NA NA NA NA NA 
1734040800.0 136.848 NA 193 512 0 NA NA NA NA NA NA 308 745 0 NA NA NA NA NA NA 333 10922 217 NA NA NA NA NA NA 228 3748 234 NA NA NA NA NA 
1734040800.0 136.849 NA 193 639 0 NA NA NA NA NA NA 319 799 0 NA NA NA NA NA NA 273 6990 298 NA NA NA NA NA NA 267 2761 317 NA NA NA NA NA 
1734040800.0 136.85 NA 180 509 0 NA NA NA NA NA NA 300 802 0 NA NA NA NA NA NA 304 7881 244 NA NA NA NA NA NA 295 3181 275 NA NA NA NA NA 
1734040800.0 136.8501 NA 191 478 0 NA NA NA NA NA NA 299 697 0 NA NA NA NA NA NA 271 7999 217 NA NA NA NA NA NA 261 3060 235 NA NA NA NA NA 
1734040800.0 136.851 NA 185 547 0 NA NA NA NA NA NA 310 827 0 NA NA NA NA NA NA 325 7690 329 NA NA NA NA NA NA 304 2949 380 NA NA NA NA NA 
1734040800.0 136.852 NA 192 595 0 NA NA NA NA NA NA 304 787 0 NA NA NA NA NA NA 286 9460 258 NA NA NA NA NA NA 237 3743 314 NA NA NA NA NA 
1734040800.0 136.853 NA 183 493 0 NA NA NA NA NA NA 311 743 0 NA NA NA NA NA NA 303 7384 247 NA NA NA NA NA NA 399 2958 293 NA NA NA NA NA 
1734040800.0 136.854 NA 193 454 0 NA NA NA NA NA NA 313 742 0 NA NA NA NA NA NA 294 8099 207 NA NA NA NA NA NA 290 3115 224 NA NA NA NA NA 
1734040800.0 136.855 NA 192 703 0 NA NA NA NA NA NA 315 912 0 NA NA NA NA NA NA 280 7337 257 NA NA NA NA NA NA 256 2936 277 NA NA NA NA NA 
1734040800.0 136.856 NA 192 678 0 NA NA NA NA NA NA 302 869 0 NA NA NA NA NA NA 239 5519 308 NA NA NA NA NA NA 259 2596 329 NA NA NA NA NA 
1734040800.0 136.8561 NA 180 440 0 NA NA NA NA NA NA 310 671 0 NA NA NA NA NA NA 216 1776 284 NA NA NA NA NA NA 248 1516 308 NA NA NA NA NA 
1734040800.0 136.8562 NA 169 436 0 NA NA NA NA NA NA 291 680 0 NA NA NA NA NA NA 200 1638 277 NA NA NA NA NA NA 233 1488 303 NA NA NA NA NA 
1734040800.0 136.857 NA 182 434 0 NA NA NA NA NA NA 305 718 0 NA NA NA NA NA NA 332 7300 259 NA NA NA NA NA NA 281 3020 306 NA NA NA NA NA 
1734040800.0 136.858 NA 193 551 0 NA NA NA NA NA NA 326 712 0 NA NA NA NA NA NA 238 2007 254 NA NA NA NA NA NA 219 1607 278 NA NA NA NA NA 
1734040800.0 136.859 NA 194 517 0 NA NA NA NA NA NA 303 737 0 NA NA NA NA NA NA 290 9629 208 NA NA NA NA NA NA 271 3366 223 NA NA NA NA NA 
1734040800.0 136.86 NA 184 426 0 NA NA NA NA NA NA 304 685 0 NA NA NA NA NA NA 319 7371 232 NA NA NA NA NA NA 269 2987 271 NA NA NA NA NA 
1734040800.0 136.861 NA 192 579 0 NA NA NA NA NA NA 310 863 0 NA NA NA NA NA NA 294 9393 294 NA NA NA NA NA NA 223 3322 319 NA NA NA NA NA 
1734040800.0 136.862 NA 192 602 0 NA NA NA NA NA NA 304 784 0 NA NA NA NA NA NA 286 9627 208 NA NA NA NA NA NA 279 3431 221 NA NA NA NA NA 
1734040800.0 136.863 NA 191 654 0 NA NA NA NA NA NA 324 833 0 NA NA NA NA NA NA 322 9814 293 NA NA NA NA NA NA 241 3486 309 NA NA NA NA NA 
1734040800.0 136.864 NA 186 529 0 NA NA NA NA NA NA 300 841 0 NA NA NA NA NA NA 334 12213 235 NA NA NA NA NA NA 311 4112 268 NA NA NA NA NA 
1734040800.0 136.8642 NA 187 475 0 NA NA NA NA NA NA 305 819 0 NA NA NA NA NA NA 325 12684 230 NA NA NA NA NA NA 286 4356 272 NA NA NA NA NA 
1734040800.0 136.865 NA 188 451 0 NA NA NA NA NA NA 294 803 0 NA NA NA NA NA NA 320 10973 228 NA NA NA NA NA NA 300 3926 262 NA NA NA NA NA 
1734040800.0 136.866 NA 193 551 0 NA NA NA NA NA NA 313 730 0 NA NA NA NA NA NA 309 9744 216 NA NA NA NA NA NA 231 3442 239 NA NA NA NA NA 
1734040800.0 136.867 NA 192 730 0 NA NA NA NA NA NA 317 951 0 NA NA NA NA NA NA 298 9691 264 NA NA NA NA NA NA 272 3519 277 NA NA NA NA NA 
1734040800.0 136.868 NA 192 707 0 NA NA NA NA NA NA 310 920 0 NA NA NA NA NA NA 277 8225 327 NA NA NA NA NA NA 231 3263 381 NA NA NA NA NA 
1734040800.0 136.869 NA 192 499 0 NA NA NA NA NA NA 319 724 0 NA NA NA NA NA NA 328 10177 226 NA NA NA NA NA NA 249 3560 241 NA NA NA NA NA 
1734040800.0 136.87 NA 197 485 0 NA NA NA NA NA NA 320 730 0 NA NA NA NA NA NA 238 2140 252 NA NA NA NA NA NA 200 1591 272 NA NA NA NA NA 
1734040800.0 136.871 NA 182 457 0 NA NA NA NA NA NA 304 780 0 NA NA NA NA NA NA 329 13812 218 NA NA NA NA NA NA 291 4655 254 NA NA NA NA NA 
1734040800.0 136.872 NA 193 532 0 NA NA NA NA NA NA 308 761 0 NA NA NA NA NA NA 308 9664 213 NA NA NA NA NA NA 222 3393 236 NA NA NA NA NA 
1734040800.0 136.873 NA 179 557 0 NA NA NA NA NA NA 309 822 0 NA NA NA NA NA NA 318 8833 306 NA NA NA NA NA NA 300 3149 331 NA NA NA NA NA 
1734040800.0 136.874 NA 192 634 0 NA NA NA NA NA NA 304 809 0 NA NA NA NA NA NA 283 9249 250 NA NA NA NA NA NA 226 3732 271 NA NA NA NA NA 
1734040800.0 136.875 NA 187 553 0 NA NA NA NA NA NA 304 864 0 NA NA NA NA NA NA 343 9232 304 NA NA NA NA NA NA 292 3328 328 NA NA NA NA NA 
1734040800.0 136.876 NA 191 613 0 NA NA NA NA NA NA 304 812 0 NA NA NA NA NA NA 289 11229 227 NA NA NA NA NA NA 225 3848 248 NA NA NA NA NA 
1734040800.0 136.877 NA 193 596 0 NA NA NA NA NA NA 316 759 0 NA NA NA NA NA NA 290 9678 249 NA NA NA NA NA NA 235 3719 288 NA NA NA NA NA 
1734040800.0 136.878 NA 192 515 0 NA NA NA NA NA NA 314 752 0 NA NA NA NA NA NA 301 9150 206 NA NA NA NA NA NA 222 3313 247 NA NA NA NA NA 
1734040800.0 136.879 NA 192 667 0 NA NA NA NA NA NA 314 934 0 NA NA NA NA NA NA 296 9015 286 NA NA NA NA NA NA 237 3377 419 NA NA NA NA NA 
1734040800.0 136.88 NA 184 583 0 NA NA NA NA NA NA 303 907 0 NA NA NA NA NA NA 293 7218 319 NA NA NA NA NA NA 275 3158 363 NA NA NA NA NA 
1734040800.0 136.881 NA 182 420 0 NA NA NA NA NA NA 309 730 0 NA NA NA NA NA NA 346 8248 260 NA NA NA NA NA NA 270 3142 295 NA NA NA NA NA 
1734040800.0 136.882 NA 196 602 0 NA NA NA NA NA NA 309 782 0 NA NA NA NA NA NA 254 2561 270 NA NA NA NA NA NA 303 1724 297 NA NA NA NA NA 
1734040800.0 136.883 NA 187 475 0 NA NA NA NA NA NA 310 779 0 NA NA NA NA NA NA 319 11634 223 NA NA NA NA NA NA 289 3956 263 NA NA NA NA NA 
1734040800.0 136.884 NA 192 507 0 NA NA NA NA NA NA 313 713 0 NA NA NA NA NA NA 305 8518 221 NA NA NA NA NA NA 228 3185 263 NA NA NA NA NA 
1734040800.0 136.885 NA 184 546 0 NA NA NA NA NA NA 304 833 0 NA NA NA NA NA NA 305 9229 305 NA NA NA NA NA NA 278 3452 331 NA NA NA NA NA 
1734040800.0 136.8855 NA 191 145 0 NA NA NA NA NA NA 304 296 0 NA NA NA NA NA NA 283 400 126 NA NA NA NA NA NA 220 375 143 NA NA NA NA NA 
1734040800.0 136.886 NA 192 598 0 NA NA NA NA NA NA 310 788 0 NA NA NA NA NA NA 279 8485 229 NA NA NA NA NA NA 219 3161 329 NA NA NA NA NA 
1734040800.0 136.8861 NA 199 569 0 NA NA NA NA NA NA 324 784 0 NA NA NA NA NA NA 303 8192 274 NA NA NA NA NA NA 313 3412 296 NA NA NA NA NA 
1734040800.0 136.8862 NA 194 552 0 NA NA NA NA NA NA 315 768 0 NA NA NA NA NA NA 280 9032 229 NA NA NA NA NA NA 251 3529 252 NA NA NA NA NA 
1734040800.0 136.887 NA 180 542 0 NA NA NA NA NA NA 311 849 0 NA NA NA NA NA NA 328 8621 302 NA NA NA NA NA NA 284 3144 323 NA NA NA NA NA 
1734040800.0 136.888 NA 192 629 0 NA NA NA NA NA NA 304 830 0 NA NA NA NA NA NA 299 10375 225 NA NA NA NA NA NA 273 3675 238 NA NA NA NA NA 
1734040800.0 136.8885 NA 192 147 0 NA NA NA NA NA NA 314 300 0 NA NA NA NA NA NA 290 403 131 NA NA NA NA NA NA 223 378 147 NA NA NA NA NA 
1734040800.0 136.889 NA 193 642 0 NA NA NA NA NA NA 319 800 0 NA NA NA NA NA NA 283 9686 213 NA NA NA NA NA NA 231 3402 227 NA NA NA NA NA 
1734040800.0 136.89 NA 192 517 0 NA NA NA NA NA NA 313 720 0 NA NA NA NA NA NA 301 9586 235 NA NA NA NA NA NA 233 3689 258 NA NA NA NA NA 
1734040800.0 136.891 NA 191 745 0 NA NA NA NA NA NA 305 960 0 NA NA NA NA NA NA 300 9400 300 NA NA NA NA NA NA 271 3642 324 NA NA NA NA NA 
1734040800.0 136.892 NA 191 684 0 NA NA NA NA NA NA 315 926 0 NA NA NA NA NA NA 277 8786 341 NA NA NA NA NA NA 227 3506 375 NA NA NA NA NA 
1734040800.0 136.893 NA 193 512 0 NA NA NA NA NA NA 318 730 0 NA NA NA NA NA NA 310 9358 250 NA NA NA NA NA NA 223 3472 273 NA NA NA NA NA 
1734040800.0 136.894 NA 197 548 0 NA NA NA NA NA NA 323 773 0 NA NA NA NA NA NA 248 4192 267 NA NA NA NA NA NA 201 2069 288 NA NA NA NA NA 
1734040800.0 136.895 NA 191 483 0 NA NA NA NA NA NA 313 749 0 NA NA NA NA NA NA 294 11033 220 NA NA NA NA NA NA 274 3776 247 NA NA NA NA NA 
1734040800.0 136.896 NA 192 536 0 NA NA NA NA NA NA 318 737 0 NA NA NA NA NA NA 303 8806 228 NA NA NA NA NA NA 215 3242 258 NA NA NA NA NA 
1734040800.0 136.897 NA 303 110 0 NA NA NA NA NA NA 517 191 0 NA NA NA NA NA NA 702 189 235 NA NA NA NA NA NA 462 225 266 NA NA NA NA NA 
1734040800.0 136.898 NA 192 507 0 NA NA NA NA NA NA 314 749 0 NA NA NA NA NA NA 305 9155 221 NA NA NA NA NA NA 265 3378 251 NA NA NA NA NA 
1734040800.0 136.899 NA 318 157 0 NA NA NA NA NA NA 535 271 0 NA NA NA NA NA NA 864 201 229 NA NA NA NA NA NA 501 227 265 NA NA NA NA NA 
1734040800.0 136.901 NA 241 220 248 122 230 246 NA NA NA 419 370 346 187 367 363 NA NA NA 5770 1283 946 276 609 855 NA NA NA 5990 1433 1090 325 807 975 NA NA 
1734040800.0 136.902 NA 247 226 225 122 218 252 NA NA NA 406 370 346 190 367 395 NA NA NA 5208 1188 1099 265 591 870 NA NA NA 5382 1330 1234 302 757 1005 NA NA 
1734040800.0 136.903 NA 275 267 310 143 278 268 NA NA NA 488 412 436 202 423 422 NA NA NA 7189 3657 3045 514 890 1270 NA NA NA 7340 3841 3199 552 977 1406 NA NA 
1734040800.0 136.904 NA 280 257 291 135 251 266 NA NA NA 488 427 430 195 423 422 NA NA NA 6634 2352 1958 390 799 1110 NA NA NA 6791 2529 2081 441 974 1263 NA NA 
1734040800.0 1360.0 0 NA NA NA NA NA NA NA NA 0 NA NA NA NA NA NA NA NA 842 NA NA NA NA NA NA NA NA 436 NA NA NA NA NA NA NA NA 
1734040800.0 1361.0 0 NA NA NA NA NA NA NA NA 0 NA NA NA NA NA NA NA NA 436 NA NA NA NA NA NA NA NA 431 NA NA NA NA NA NA NA NA 
1734040800.0 1361.17 0 NA NA NA NA NA NA NA NA 0 NA NA NA NA NA NA NA NA 459 NA NA NA NA NA NA NA NA 458 NA NA NA NA NA NA NA NA 
1734040800.0 1361.18 0 NA NA NA NA NA NA NA NA 0 NA NA NA NA NA NA NA NA 448 NA NA NA NA NA NA NA NA 438 NA NA NA NA NA NA NA NA 
1734040800.0 1361.181 0 NA NA NA NA NA NA NA NA 0 NA NA NA NA NA NA NA NA 449 NA NA NA NA NA NA NA NA 430 NA NA NA NA NA NA NA NA 
1734040800.0 1362.0 0 NA NA NA NA NA NA NA NA 0 NA NA NA NA NA NA NA NA 449 NA NA NA NA NA NA NA NA 470 NA NA NA NA NA NA NA NA 
1734040800.0 1362.17 0 NA NA NA NA NA NA NA NA 0 NA NA NA NA NA NA NA NA 448 NA NA NA NA NA NA NA NA 427 NA NA NA NA NA NA NA NA 
1734040800.0 1362.18 0 NA NA NA NA NA NA NA NA 0 NA NA NA NA NA NA NA NA 454 NA NA NA NA NA NA NA NA 435 NA NA NA NA NA NA NA NA 
1734040800.0 1363.0 0 NA NA NA NA NA NA NA NA 0 NA NA NA NA NA NA NA NA 443 NA NA NA NA NA NA NA NA 453 NA NA NA NA NA NA NA NA 
1734040800.0 1363.17 0 NA NA NA NA NA NA NA NA 0 NA NA NA NA NA NA NA NA 453 NA NA NA NA NA NA NA NA 434 NA NA NA NA NA NA NA NA 
1734040800.0 1363.18 0 NA NA NA NA NA NA NA NA 0 NA NA NA NA NA NA NA NA 460 NA NA NA NA NA NA NA NA 440 NA NA NA NA NA NA NA NA 
1734040800.0 1364.0 NA 213 404 0 NA NA NA NA NA NA 363 620 0 NA NA NA NA NA NA 284 1292 321 NA NA NA NA NA NA 289 1257 369 NA NA NA NA NA 
1734040800.0 1365.0 NA 238 406 0 NA NA NA NA NA NA 360 620 0 NA NA NA NA NA NA 273 1328 312 NA NA NA NA NA NA 246 1367 342 NA NA NA NA NA 
1734040800.0 1366.0 NA 217 412 0 NA NA NA NA NA NA 356 604 0 NA NA NA NA NA NA 288 1291 334 NA NA NA NA NA NA 291 1300 368 NA NA NA NA NA 
1734040800.0 137.8 NA 192 557 NA 190 510 0 NA NA NA 300 846 NA 289 795 0 NA NA NA 327 8978 NA 320 8774 284 NA NA NA 341 3354 NA 348 3383 316 NA NA 
1734040800.0 1370.0 51 147 225 404 0 170 NA NA NA 113 270 327 622 0 265 NA NA NA 34 1317 293 1253 309 319 NA NA NA 70 645 348 1165 338 368 NA NA NA 
1734040800.0 1370.17 45 136 297 499 0 152 NA NA NA 110 236 417 749 0 266 NA NA NA 38 1635 1118 1462 400 405 NA NA NA 73 789 513 1378 436 548 NA NA NA 
1734040800.0 1370.18 52 136 287 495 0 155 NA NA NA 110 238 396 730 0 263 NA NA NA 41 1587 1100 1448 402 378 NA NA NA 97 769 551 1343 433 452 NA NA NA 
1734040800.0 138.1 NA 314 143 0 NA NA NA NA NA NA 523 242 0 NA NA NA NA NA NA 758 214 242 NA NA NA NA NA NA 506 260 272 NA NA NA NA NA 
1734040800.0 138.2 NA 307 137 0 NA NA NA NA NA NA 512 238 0 NA NA NA NA NA NA 777 216 241 NA NA NA NA NA NA 491 266 270 NA NA NA NA NA 
1734040800.0 138.3 NA 59 493 0 NA NA NA NA NA NA 149 760 0 NA NA NA NA NA NA 56 28908 282 NA NA NA NA NA NA 230 12062 315 NA NA NA NA NA 
1734040800.0 138.4 NA 411 0 NA NA NA NA NA NA NA 640 0 NA NA NA NA NA NA NA 1098 288 NA NA NA NA NA NA NA 747 309 NA NA NA NA NA NA 
1734040800.0 138.5 NA 433 207 0 NA NA NA NA NA NA 669 321 0 NA NA NA NA NA NA 1704 287 292 NA NA NA NA NA NA 1399 299 311 NA NA NA NA NA 
1734040800.0 139.001 NA 199 459 0 NA NA NA NA NA NA 312 697 0 NA NA NA NA NA NA 262 2291 228 NA NA NA NA NA NA 181 2000 246 NA NA NA NA NA 
1734040800.0 139.002 NA 193 582 0 NA NA NA NA NA NA 311 779 0 NA NA NA NA NA NA 251 2508 306 NA NA NA NA NA NA 181 2044 338 NA NA NA NA NA 
1734040800.0 139.003 NA 196 398 0 NA NA NA NA NA NA 322 532 0 NA NA NA NA NA NA 255 1934 152 NA NA NA NA NA NA 184 1691 176 NA NA NA NA NA 
1734040800.0 139.004 NA 197 511 0 NA NA NA NA NA NA 310 693 0 NA NA NA NA NA NA 294 2114 281 NA NA NA NA NA NA 183 1599 325 NA NA NA NA NA 
1734040800.0 139.005 NA 145 119 NA NA NA NA NA NA NA 285 260 NA NA NA NA NA NA NA 12115 9056 NA NA NA NA NA NA NA 3416 2633 NA NA NA NA NA NA 
1734040800.0 139901.0 NA 232 410 0 NA NA NA NA NA NA 362 583 0 NA NA NA NA NA NA 290 1340 334 NA NA NA NA NA NA 292 1300 363 NA NA NA NA NA 
1734040800.0 139902.0 NA 226 420 0 NA NA NA NA NA NA 368 597 0 NA NA NA NA NA NA 298 1411 327 NA NA NA NA NA NA 257 1320 354 NA NA NA NA NA 
1734040800.0 13992501.0 NA 460 712 0 NA NA NA NA NA NA 646 918 0 NA NA NA NA NA NA 1258 2101 316 NA NA NA NA NA NA 599 1454 330 NA NA NA NA NA 
1734040800.0 13992502.0 NA 418 681 0 NA NA NA NA NA NA 646 951 0 NA NA NA NA NA NA 1316 2394 320 NA NA NA NA NA NA 671 1540 348 NA NA NA NA NA 
1734040800.0 14.0 NA 198 415 0 NA NA NA NA NA NA 316 581 0 NA NA NA NA NA NA 1088 3343 362 NA NA NA NA NA NA 454 1587 399 NA NA NA NA NA 
1734040800.0 140.001 NA 194 457 0 NA NA NA NA NA NA 311 725 0 NA NA NA NA NA NA 255 1923 279 NA NA NA NA NA NA 175 1558 312 NA NA NA NA NA 
1734040800.0 140.002 NA 194 471 0 NA NA NA NA NA NA 302 738 0 NA NA NA NA NA NA 316 2372 268 NA NA NA NA NA NA 186 1635 289 NA NA NA NA NA 
1734040800.0 140.003 NA 183 498 0 NA NA NA NA NA NA 318 746 0 NA NA NA NA NA NA 264 1890 277 NA NA NA NA NA NA 191 1571 304 NA NA NA NA NA 
1734040800.0 140.004 NA 0 0 0 NA NA NA NA NA NA 0 0 0 NA NA NA NA NA NA 112 1713 468 NA NA NA NA NA NA 132 1631 505 NA NA NA NA NA 
1734040800.0 140.005 NA 196 460 0 NA NA NA NA NA NA 318 739 0 NA NA NA NA NA NA 255 2004 271 NA NA NA NA NA NA 175 1512 299 NA NA NA NA NA 
1734040800.0 140.006 NA 0 0 0 NA NA NA NA NA NA 0 0 0 NA NA NA NA NA NA 115 1700 461 NA NA NA NA NA NA 140 1629 517 NA NA NA NA NA 
1734040800.0 140.007 NA 182 518 0 NA NA NA NA NA NA 306 741 0 NA NA NA NA NA NA 177 1905 425 NA NA NA NA NA NA 173 1641 440 NA NA NA NA NA 
1734040800.0 140.008 NA 174 563 0 NA NA NA NA NA NA 303 743 0 NA NA NA NA NA NA 142 1763 436 NA NA NA NA NA NA 161 1624 455 NA NA NA NA NA 
1734040800.0 140.009 NA 0 0 0 NA NA NA NA NA NA 0 0 0 NA NA NA NA NA NA 117 1731 465 NA NA NA NA NA NA 139 1684 509 NA NA NA NA NA 
1734040800.0 140.01 NA 198 528 0 NA NA NA NA NA NA 308 741 0 NA NA NA NA NA NA 354 2565 286 NA NA NA NA NA NA 203 1586 298 NA NA NA NA NA 
1734040800.0 140.011 NA 0 0 0 NA NA NA NA NA NA 0 0 0 NA NA NA NA NA NA 121 1747 468 NA NA NA NA NA NA 153 1699 552 NA NA NA NA NA 
1734040800.0 140.021 NA 0 0 0 NA NA NA NA NA NA 0 0 0 NA NA NA NA NA NA 112 1750 468 NA NA NA NA NA NA 134 1684 498 NA NA NA NA NA 
1734040800.0 140.022 NA 194 630 0 NA NA NA NA NA NA 325 848 0 NA NA NA NA NA NA 378 6845 281 NA NA NA NA NA NA 245 2600 305 NA NA NA NA NA 
1734040800.0 140.023 NA 195 634 0 NA NA NA NA NA NA 316 850 0 NA NA NA NA NA NA 293 4777 272 NA NA NA NA NA NA 185 2120 304 NA NA NA NA NA 
1734040800.0 140.024 NA 181 590 0 NA NA NA NA NA NA 316 843 0 NA NA NA NA NA NA 402 9003 285 NA NA NA NA NA NA 225 3205 307 NA NA NA NA NA 
1734040800.0 140.025 NA 188 567 0 NA NA NA NA NA NA 301 817 0 NA NA NA NA NA NA 378 9041 287 NA NA NA NA NA NA 224 3290 320 NA NA NA NA NA 
1734040800.0 140.026 NA 194 672 0 NA NA NA NA NA NA 321 886 0 NA NA NA NA NA NA 393 9316 276 NA NA NA NA NA NA 225 3281 322 NA NA NA NA NA 
1734040800.0 140.027 NA 184 539 0 NA NA NA NA NA NA 315 847 0 NA NA NA NA NA NA 385 8676 286 NA NA NA NA NA NA 266 3223 318 NA NA NA NA NA 
1734040800.0 140.028 NA 193 611 0 NA NA NA NA NA NA 321 838 0 NA NA NA NA NA NA 363 7008 263 NA NA NA NA NA NA 260 2729 285 NA NA NA NA NA 
1734040800.0 140.029 NA 184 538 0 NA NA NA NA NA NA 315 837 0 NA NA NA NA NA NA 377 8017 285 NA NA NA NA NA NA 224 3029 313 NA NA NA NA NA 
1734040800.0 140.03 NA 195 614 0 NA NA NA NA NA NA 306 867 0 NA NA NA NA NA NA 374 7345 267 NA NA NA NA NA NA 219 2820 293 NA NA NA NA NA 
1734040800.0 140.031 NA 186 551 0 NA NA NA NA NA NA 312 853 0 NA NA NA NA NA NA 400 8321 285 NA NA NA NA NA NA 226 3063 319 NA NA NA NA NA 
1734040800.0 140.042 NA 194 658 0 NA NA NA NA NA NA 310 861 0 NA NA NA NA NA NA 396 9763 289 NA NA NA NA NA NA 223 3522 318 NA NA NA NA NA 
1734040800.0 140.043 NA 194 672 0 NA NA NA NA NA NA 311 886 0 NA NA NA NA NA NA 342 5563 284 NA NA NA NA NA NA 254 2347 381 NA NA NA NA NA 
1734040800.0 140.044 NA 194 614 0 NA NA NA NA NA NA 311 851 0 NA NA NA NA NA NA 403 10350 278 NA NA NA NA NA NA 228 3520 294 NA NA NA NA NA 
1734040800.0 140.045 NA 222 660 0 NA NA NA NA NA NA 312 880 0 NA NA NA NA NA NA 405 10960 287 NA NA NA NA NA NA 235 3670 309 NA NA NA NA NA 
1734040800.0 140.046 NA 193 683 0 NA NA NA NA NA NA 305 908 0 NA NA NA NA NA NA 432 11782 281 NA NA NA NA NA NA 239 3918 293 NA NA NA NA NA 
1734040800.0 140.047 NA 193 662 0 NA NA NA NA NA NA 319 887 0 NA NA NA NA NA NA 405 10125 275 NA NA NA NA NA NA 233 3426 299 NA NA NA NA NA 
1734040800.0 140.048 NA 185 593 0 NA NA NA NA NA NA 307 869 0 NA NA NA NA NA NA 399 9577 280 NA NA NA NA NA NA 222 3430 310 NA NA NA NA NA 
1734040800.0 140.049 NA 193 608 0 NA NA NA NA NA NA 314 844 0 NA NA NA NA NA NA 416 9600 263 NA NA NA NA NA NA 242 3329 292 NA NA NA NA NA 
1734040800.0 140.05 NA 181 553 0 NA NA NA NA NA NA 315 872 0 NA NA NA NA NA NA 432 9344 282 NA NA NA NA NA NA 237 3377 307 NA NA NA NA NA 
1734040800.0 140.051 NA 184 531 0 NA NA NA NA NA NA 309 833 0 NA NA NA NA NA NA 422 9637 282 NA NA NA NA NA NA 231 3393 304 NA NA NA NA NA 
1734040800.0 140.062 NA 192 639 0 NA NA NA NA NA NA 308 925 0 NA NA NA NA NA NA 464 10288 275 NA NA NA NA NA NA 253 3543 309 NA NA NA NA NA 
1734040800.0 140.063 NA 194 688 0 NA NA NA NA NA NA 311 889 0 NA NA NA NA NA NA 360 6898 275 NA NA NA NA NA NA 237 2752 292 NA NA NA NA NA 
1734040800.0 140.064 NA 191 640 0 NA NA NA NA NA NA 300 899 0 NA NA NA NA NA NA 450 11093 278 NA NA NA NA NA NA 241 3778 295 NA NA NA NA NA 
1734040800.0 140.065 NA 182 617 0 NA NA NA NA NA NA 306 878 0 NA NA NA NA NA NA 453 11725 275 NA NA NA NA NA NA 248 3906 303 NA NA NA NA NA 
1734040800.0 140.066 NA 186 574 0 NA NA NA NA NA NA 304 920 0 NA NA NA NA NA NA 452 14747 288 NA NA NA NA NA NA 230 4802 327 NA NA NA NA NA 
1734040800.0 140.067 NA 192 677 0 NA NA NA NA NA NA 317 876 0 NA NA NA NA NA NA 432 10824 276 NA NA NA NA NA NA 243 3728 291 NA NA NA NA NA 
1734040800.0 140.068 NA 192 651 0 NA NA NA NA NA NA 305 893 0 NA NA NA NA NA NA 417 10974 273 NA NA NA NA NA NA 228 3685 289 NA NA NA NA NA 
1734040800.0 140.069 NA 193 614 0 NA NA NA NA NA NA 314 876 0 NA NA NA NA NA NA 450 10353 261 NA NA NA NA NA NA 243 3517 271 NA NA NA NA NA 
1734040800.0 140.071 NA 194 638 0 NA NA NA NA NA NA 304 835 0 NA NA NA NA NA NA 369 6470 285 NA NA NA NA NA NA 215 2610 347 NA NA NA NA NA 
1734040800.0 140.072 NA 202 604 0 NA NA NA NA NA NA 320 857 0 NA NA NA NA NA NA 308 4640 269 NA NA NA NA NA NA 204 2060 284 NA NA NA NA NA 
1734040800.0 140.073 NA 186 571 0 NA NA NA NA NA NA 305 819 0 NA NA NA NA NA NA 391 8081 286 NA NA NA NA NA NA 239 3043 324 NA NA NA NA NA 
1734040800.0 140.074 NA 184 532 0 NA NA NA NA NA NA 313 841 0 NA NA NA NA NA NA 385 8639 304 NA NA NA NA NA NA 247 3189 360 NA NA NA NA NA 
1734040800.0 140.075 NA 185 523 0 NA NA NA NA NA NA 301 815 0 NA NA NA NA NA NA 389 8402 286 NA NA NA NA NA NA 216 3087 322 NA NA NA NA NA 
1734040800.0 140.076 NA 193 631 0 NA NA NA NA NA NA 321 850 0 NA NA NA NA NA NA 360 6721 274 NA NA NA NA NA NA 243 2643 339 NA NA NA NA NA 
1734040800.0 140.077 NA 193 640 0 NA NA NA NA NA NA 315 818 0 NA NA NA NA NA NA 354 6378 290 NA NA NA NA NA NA 218 2552 359 NA NA NA NA NA 
1734040800.0 140.078 NA 193 602 0 NA NA NA NA NA NA 310 810 0 NA NA NA NA NA NA 374 7221 270 NA NA NA NA NA NA 225 2783 314 NA NA NA NA NA 
1734040800.0 140.101 NA 192 708 0 NA NA NA NA NA NA 315 921 0 NA NA NA NA NA NA 369 7642 283 NA NA NA NA NA NA 289 3074 305 NA NA NA NA NA 
1734040800.0 140.102 NA 179 634 0 NA NA NA NA NA NA 299 895 0 NA NA NA NA NA NA 467 11717 277 NA NA NA NA NA NA 263 4028 308 NA NA NA NA NA 
1734040800.0 140.103 NA 187 583 0 NA NA NA NA NA NA 311 955 0 NA NA NA NA NA NA 434 12819 277 NA NA NA NA NA NA 236 4491 315 NA NA NA NA NA 
1734040800.0 140.104 NA 192 0 NA NA NA NA NA NA NA 302 0 NA NA NA NA NA NA NA 464 0 NA NA NA NA NA NA NA 243 0 NA NA NA NA NA NA 
1734040800.0 140.105 NA 179 651 0 NA NA NA NA NA NA 307 955 0 NA NA NA NA NA NA 456 10964 279 NA NA NA NA NA NA 248 3888 316 NA NA NA NA NA 
1734040800.0 140.106 NA 191 595 0 NA NA NA NA NA NA 304 898 0 NA NA NA NA NA NA 452 11218 286 NA NA NA NA NA NA 241 3982 331 NA NA NA NA NA 
1734040800.0 140.107 NA 185 0 NA NA NA NA NA NA NA 305 0 NA NA NA NA NA NA NA 442 0 NA NA NA NA NA NA NA 234 0 NA NA NA NA NA NA 
1734040800.0 140.108 NA 193 706 0 NA NA NA NA NA NA 321 898 0 NA NA NA NA NA NA 432 10646 277 NA NA NA NA NA NA 237 3772 298 NA NA NA NA NA 
1734040800.0 140.109 NA 195 622 0 NA NA NA NA NA NA 316 883 0 NA NA NA NA NA NA 359 4794 276 NA NA NA NA NA NA 222 2302 320 NA NA NA NA NA 
1734040800.0 140.11 NA 193 666 0 NA NA NA NA NA NA 313 905 0 NA NA NA NA NA NA 445 9793 270 NA NA NA NA NA NA 238 3556 289 NA NA NA NA NA 
1734040800.0 140.111 NA 190 535 0 NA NA NA NA NA NA 307 916 0 NA NA NA NA NA NA 434 10712 281 NA NA NA NA NA NA 242 3855 314 NA NA NA NA NA 
1734040800.0 140.112 NA 186 0 NA NA NA NA NA NA NA 304 0 NA NA NA NA NA NA NA 451 0 NA NA NA NA NA NA NA 264 0 NA NA NA NA NA NA 
1734040800.0 140.113 NA 0 0 0 NA NA NA NA NA NA 0 0 0 NA NA NA NA NA NA 121 1279 798 NA NA NA NA NA NA 137 1319 828 NA NA NA NA NA 
1734040800.0 140.56 NA 1000 0 NA NA NA NA NA NA NA 1281 0 NA NA NA NA NA NA NA 8973 273 NA NA NA NA NA NA NA 3424 316 NA NA NA NA NA NA 
1734040800.0 140.5611 NA 249 0 NA NA NA NA NA NA NA 396 0 NA NA NA NA NA NA NA 1666 136 NA NA NA NA NA NA NA 933 181 NA NA NA NA NA NA 
1734040800.0 140.57 NA 579 0 NA NA NA NA NA NA NA 840 0 NA NA NA NA NA NA NA 1559 274 NA NA NA NA NA NA NA 990 290 NA NA NA NA NA NA 
1734040800.0 140.58 NA 98 0 NA NA NA NA NA NA NA 192 0 NA NA NA NA NA NA NA 115 0 NA NA NA NA NA NA NA 276 0 NA NA NA NA NA NA 
1734040800.0 140.6 NA 80 419 0 NA NA NA NA NA NA 163 639 0 NA NA NA NA NA NA 80 693 253 NA NA NA NA NA NA 133 596 280 NA NA NA NA NA 
1734040800.0 140.61 NA 426 0 NA NA NA NA NA NA NA 637 0 NA NA NA NA NA NA NA 1292 265 NA NA NA NA NA NA NA 829 300 NA NA NA NA NA NA 
1734040800.0 14034.0 NA 634 0 NA NA NA NA NA NA NA 867 0 NA NA NA NA NA NA NA 3569 287 NA NA NA NA NA NA NA 1685 323 NA NA NA NA NA NA 
1734040800.0 141.001 NA 192 664 0 NA NA NA NA NA NA 311 902 0 NA NA NA NA NA NA 434 10354 258 NA NA NA NA NA NA 266 3498 276 NA NA NA NA NA 
1734040800.0 141.002 NA 194 628 0 NA NA NA NA NA NA 319 854 0 NA NA NA NA NA NA 324 5904 279 NA NA NA NA NA NA 225 2448 351 NA NA NA NA NA 
1734040800.0 141.003 NA 193 698 0 NA NA NA NA NA NA 319 864 0 NA NA NA NA NA NA 392 10098 261 NA NA NA NA NA NA 226 3422 282 NA NA NA NA NA 
1734040800.0 141.004 NA 183 522 0 NA NA NA NA NA NA 317 772 0 NA NA NA NA NA NA 319 2786 280 NA NA NA NA NA NA 205 1674 308 NA NA NA NA NA 
1734040800.0 141.005 NA 195 586 0 NA NA NA NA NA NA 325 802 0 NA NA NA NA NA NA 377 5727 289 NA NA NA NA NA NA 237 2379 335 NA NA NA NA NA 
1734040800.0 141.006 NA 193 574 0 NA NA NA NA NA NA 324 793 0 NA NA NA NA NA NA 367 6296 275 NA NA NA NA NA NA 256 2604 293 NA NA NA NA NA 
1734040800.0 141.007 NA 181 529 0 NA NA NA NA NA NA 312 833 0 NA NA NA NA NA NA 377 8278 333 NA NA NA NA NA NA 222 3181 379 NA NA NA NA NA 
1734040800.0 141.008 NA 179 629 0 NA NA NA NA NA NA 311 921 0 NA NA NA NA NA NA 448 12289 281 NA NA NA NA NA NA 247 4080 318 NA NA NA NA NA 
1734040800.0 141.008505 NA 192 157 0 NA NA NA NA NA NA 311 294 0 NA NA NA NA NA NA 430 740 138 NA NA NA NA NA NA 257 462 173 NA NA NA NA NA 
1734040800.0 141.008511 NA 193 117 0 NA NA NA NA NA NA 308 203 0 NA NA NA NA NA NA 422 393 148 NA NA NA NA NA NA 246 364 183 NA NA NA NA NA 
1734040800.0 141.008521 NA 192 122 0 NA NA NA NA NA NA 303 195 0 NA NA NA NA NA NA 418 390 147 NA NA NA NA NA NA 234 320 193 NA NA NA NA NA 
1734040800.0 141.009 NA 0 0 0 NA NA NA NA NA NA 0 0 0 NA NA NA NA NA NA 119 2196 711 NA NA NA NA NA NA 138 2126 751 NA NA NA NA NA 
1734040800.0 141.01 NA 191 682 0 NA NA NA NA NA NA 314 886 0 NA NA NA NA NA NA 426 11525 283 NA NA NA NA NA NA 244 3846 300 NA NA NA NA NA 
1734040800.0 141.011 NA 192 683 0 NA NA NA NA NA NA 300 857 0 NA NA NA NA NA NA 389 9795 272 NA NA NA NA NA NA 235 3382 286 NA NA NA NA NA 
1734040800.0 141.012 NA 192 631 0 NA NA NA NA NA NA 325 858 0 NA NA NA NA NA NA 358 6934 264 NA NA NA NA NA NA 235 2881 280 NA NA NA NA NA 
1734040800.0 141.013 NA 197 642 0 NA NA NA NA NA NA 315 922 0 NA NA NA NA NA NA 402 10259 271 NA NA NA NA NA NA 228 3459 284 NA NA NA NA NA 
1734040800.0 141.031 NA 192 689 0 NA NA NA NA NA NA 312 887 0 NA NA NA NA NA NA 442 11235 268 NA NA NA NA NA NA 255 3785 287 NA NA NA NA NA 
1734040800.0 141.032 NA 194 606 0 NA NA NA NA NA NA 302 878 0 NA NA NA NA NA NA 352 7896 301 NA NA NA NA NA NA 204 3006 345 NA NA NA NA NA 
1734040800.0 141.033 NA 192 618 0 NA NA NA NA NA NA 304 897 0 NA NA NA NA NA NA 461 12778 279 NA NA NA NA NA NA 241 4166 319 NA NA NA NA NA 
1734040800.0 141.034 NA 184 571 0 NA NA NA NA NA NA 306 875 0 NA NA NA NA NA NA 443 13801 275 NA NA NA NA NA NA 243 4489 316 NA NA NA NA NA 
1734040800.0 141.035 NA 193 582 0 NA NA NA NA NA NA 308 936 0 NA NA NA NA NA NA 435 13621 278 NA NA NA NA NA NA 244 4461 314 NA NA NA NA NA 
1734040800.0 141.036 NA 196 574 0 NA NA NA NA NA NA 307 770 0 NA NA NA NA NA NA 312 3766 270 NA NA NA NA NA NA 198 1852 307 NA NA NA NA NA 
1734040800.0 141.037 NA 192 668 0 NA NA NA NA NA NA 311 880 0 NA NA NA NA NA NA 420 10473 282 NA NA NA NA NA NA 244 3663 299 NA NA NA NA NA 
1734040800.0 141.038 NA 192 682 0 NA NA NA NA NA NA 316 870 0 NA NA NA NA NA NA 431 11590 274 NA NA NA NA NA NA 237 3878 287 NA NA NA NA NA 
1734040800.0 141.039 NA 192 679 0 NA NA NA NA NA NA 307 914 0 NA NA NA NA NA NA 449 11393 274 NA NA NA NA NA NA 259 3807 292 NA NA NA NA NA 
1734040800.0 141.041 NA 185 604 0 NA NA NA NA NA NA 313 901 0 NA NA NA NA NA NA 484 15664 285 NA NA NA NA NA NA 260 4936 327 NA NA NA NA NA 
1734040800.0 141.042 NA 193 674 0 NA NA NA NA NA NA 315 902 0 NA NA NA NA NA NA 367 9468 267 NA NA NA NA NA NA 223 3325 281 NA NA NA NA NA 
1734040800.0 141.043 NA 193 600 0 NA NA NA NA NA NA 315 921 0 NA NA NA NA NA NA 506 19456 281 NA NA NA NA NA NA 256 5960 319 NA NA NA NA NA 
1734040800.0 141.044 NA 182 633 0 NA NA NA NA NA NA 316 927 0 NA NA NA NA NA NA 476 16510 291 NA NA NA NA NA NA 275 5093 332 NA NA NA NA NA 
1734040800.0 141.045 NA 191 681 0 NA NA NA NA NA NA 309 977 0 NA NA NA NA NA NA 486 21624 289 NA NA NA NA NA NA 256 6449 325 NA NA NA NA NA 
1734040800.0 141.046 NA 193 613 0 NA NA NA NA NA NA 312 878 0 NA NA NA NA NA NA 447 15567 283 NA NA NA NA NA NA 250 4914 318 NA NA NA NA NA 
1734040800.0 141.047 NA 180 641 0 NA NA NA NA NA NA 311 888 0 NA NA NA NA NA NA 505 17105 288 NA NA NA NA NA NA 279 5242 328 NA NA NA NA NA 
1734040800.0 141.048 NA 182 591 0 NA NA NA NA NA NA 320 923 0 NA NA NA NA NA NA 487 17023 283 NA NA NA NA NA NA 253 5274 313 NA NA NA NA NA 
1734040800.0 141.049 NA 192 675 0 NA NA NA NA NA NA 315 889 0 NA NA NA NA NA NA 443 11388 272 NA NA NA NA NA NA 368 3848 284 NA NA NA NA NA 
1734040800.0 141.101 NA 194 708 0 NA NA NA NA NA NA 317 999 0 NA NA NA NA NA NA 367 8598 280 NA NA NA NA NA NA 227 3799 296 NA NA NA NA NA 
1734040800.0 141.102 NA 183 635 0 NA NA NA NA NA NA 315 973 0 NA NA NA NA NA NA 466 13649 302 NA NA NA NA NA NA 257 5083 338 NA NA NA NA NA 
1734040800.0 141.103 NA 192 619 0 NA NA NA NA NA NA 303 964 0 NA NA NA NA NA NA 444 15188 293 NA NA NA NA NA NA 238 5619 321 NA NA NA NA NA 
1734040800.0 141.104 NA 193 652 0 NA NA NA NA NA NA 303 996 0 NA NA NA NA NA NA 456 14984 292 NA NA NA NA NA NA 248 5526 324 NA NA NA NA NA 
1734040800.0 141.105 NA 195 628 0 NA NA NA NA NA NA 300 853 0 NA NA NA NA NA NA 314 5034 279 NA NA NA NA NA NA 214 3005 292 NA NA NA NA NA 
1734040800.0 141.106 NA 194 651 0 NA NA NA NA NA NA 318 960 0 NA NA NA NA NA NA 381 11844 293 NA NA NA NA NA NA 218 4734 329 NA NA NA NA NA 
1734040800.0 141.107 NA 184 622 0 NA NA NA NA NA NA 307 953 0 NA NA NA NA NA NA 446 12700 297 NA NA NA NA NA NA 241 4959 341 NA NA NA NA NA 
1734040800.0 141.108 NA 183 628 0 NA NA NA NA NA NA 307 967 0 NA NA NA NA NA NA 456 13095 289 NA NA NA NA NA NA 248 5017 318 NA NA NA NA NA 
1734040800.0 141.109 NA 196 702 0 NA NA NA NA NA NA 319 990 0 NA NA NA NA NA NA 362 7722 284 NA NA NA NA NA NA 219 3563 298 NA NA NA NA NA 
1734040800.0 141.11 NA 188 619 0 NA NA NA NA NA NA 315 990 0 NA NA NA NA NA NA 522 14695 285 NA NA NA NA NA NA 285 5407 318 NA NA NA NA NA 
1734040800.0 141.111 NA 183 613 0 NA NA NA NA NA NA 310 966 0 NA NA NA NA NA NA 445 13075 292 NA NA NA NA NA NA 253 4974 321 NA NA NA NA NA 
1734040800.0 141.112 NA 187 649 0 NA NA NA NA NA NA 315 954 0 NA NA NA NA NA NA 449 14532 298 NA NA NA NA NA NA 247 5307 336 NA NA NA NA NA 
1734040800.0 141.113 NA 0 0 0 NA NA NA NA NA NA 0 0 0 NA NA NA NA NA NA 117 735 437 NA NA NA NA NA NA 140 693 451 NA NA NA NA NA 
1734040800.0 141.114 NA 183 632 0 NA NA NA NA NA NA 303 960 0 NA NA NA NA NA NA 464 12544 302 NA NA NA NA NA NA 247 4892 347 NA NA NA NA NA 
1734040800.0 141.901 NA 480 0 NA NA NA NA NA NA NA 750 0 NA NA NA NA NA NA NA 4913 262 NA NA NA NA NA NA NA 1672 297 NA NA NA NA NA NA 
1734040800.0 141.902 NA 446 0 NA NA NA NA NA NA NA 657 0 NA NA NA NA NA NA NA 4163 254 NA NA NA NA NA NA NA 1475 280 NA NA NA NA NA NA 
1734040800.0 142.0 NA 465 842 0 NA NA NA NA NA NA 837 1387 0 NA NA NA NA NA NA 2607 19012 316 NA NA NA NA NA NA 845 6169 366 NA NA NA NA NA 
1734040800.0 142.901 NA 483 0 NA NA NA NA NA NA NA 710 0 NA NA NA NA NA NA NA 4879 251 NA NA NA NA NA NA NA 1691 268 NA NA NA NA NA NA 
1734040800.0 142.902 NA 475 0 NA NA NA NA NA NA NA 660 0 NA NA NA NA NA NA NA 4196 264 NA NA NA NA NA NA NA 1493 301 NA NA NA NA NA NA 
1734040800.0 142.903 NA 347 0 NA NA NA NA NA NA NA 544 0 NA NA NA NA NA NA NA 1530 215 NA NA NA NA NA NA NA 863 269 NA NA NA NA NA NA 
1734040800.0 14234.0 NA 814 0 NA NA NA NA NA NA NA 1141 0 NA NA NA NA NA NA NA 7282 252 NA NA NA NA NA NA NA 2822 323 NA NA NA NA NA NA 
1734040800.0 143.201 132 323 562 0 NA NA NA NA NA 236 538 761 0 NA NA NA NA NA 1100 407 1267 426 NA NA NA NA NA 1258 420 1206 446 NA NA NA NA NA 
1734040800.0 143.202 194 406 186 667 0 NA NA NA NA 332 651 282 866 0 NA NA NA NA 7757 1599 210 7823 467 NA NA NA NA 7604 1520 261 3597 518 NA NA NA NA 
1734040800.0 144.6 NA 385 NA NA NA NA NA NA NA NA 572 NA NA NA NA NA NA NA NA 2096 NA NA NA NA NA NA NA NA 1799 NA NA NA NA NA NA NA 
1734040800.0 148.0 150 267 487 0 NA NA NA NA NA 254 387 756 0 NA NA NA NA NA 2509 522 2064 401 NA NA NA NA NA 2580 562 1738 437 NA NA NA NA NA 
1734040800.0 149.0 123 263 478 0 NA NA NA NA NA 230 374 731 0 NA NA NA NA NA 614 621 1183 357 NA NA NA NA NA 496 448 1215 424 NA NA NA NA NA 
1734040800.0 149.1 134 245 492 0 NA NA NA NA NA 229 375 691 0 NA NA NA NA NA 880 272 1182 366 NA NA NA NA NA 761 208 1156 395 NA NA NA NA NA 
1734040800.0 15.0 NA 173 350 0 NA NA NA NA NA NA 281 536 0 NA NA NA NA NA NA 828 1565 329 NA NA NA NA NA NA 424 1363 373 NA NA NA NA NA 
1734040800.0 158.0 119 215 457 99 0 NA NA NA NA 230 329 701 176 0 NA NA NA NA 1334 236 1241 187 421 NA NA NA NA 1351 249 1161 223 465 NA NA NA NA 
1734040800.0 158.1 NA 268 510 0 NA NA NA NA NA NA 416 722 0 NA NA NA NA NA NA 306 1192 394 NA NA NA NA NA NA 232 1031 415 NA NA NA NA NA 
1734040800.0 158.2 NA 263 503 0 NA NA NA NA NA NA 401 711 0 NA NA NA NA NA NA 292 1184 384 NA NA NA NA NA NA 228 1064 404 NA NA NA NA NA 
1734040800.0 158.3 NA 265 505 0 NA NA NA NA NA NA 422 699 0 NA NA NA NA NA NA 301 1159 392 NA NA NA NA NA NA 317 1114 408 NA NA NA NA NA 
1734040800.0 158.5 115 210 462 107 0 NA NA NA NA 216 297 669 174 0 NA NA NA NA 650 212 1130 183 404 NA NA NA NA 742 286 1084 213 487 NA NA NA NA 
1734040800.0 159.0 137 224 445 110 0 NA NA NA NA 233 330 682 178 0 NA NA NA NA 1396 202 960 169 370 NA NA NA NA 1373 170 902 199 393 NA NA NA NA 
1734040800.0 159.01 NA 206 0 NA NA NA NA NA NA NA 325 0 NA NA NA NA NA NA NA 1249 147 NA NA NA NA NA NA NA 859 171 NA NA NA NA NA NA 
1734040800.0 159.02 134 212 94 429 99 0 NA NA NA 237 319 166 678 174 0 NA NA NA 1610 227 128 1086 188 402 NA NA NA 1561 207 190 1015 222 454 NA NA NA 
1734040800.0 159.03 234 367 216 361 203 NA NA NA NA 397 543 339 621 285 NA NA NA NA 17428 3353 238 1554 584 NA NA NA NA 17127 3271 243 1295 539 NA NA NA NA 
1734040800.0 159.1 144 258 486 0 NA NA NA NA NA 241 361 687 0 NA NA NA NA NA 1750 306 1034 369 NA NA NA NA NA 1019 225 898 383 NA NA NA NA NA 
1734040800.0 159.2 133 251 448 0 NA NA NA NA NA 237 361 691 0 NA NA NA NA NA 1435 306 1091 401 NA NA NA NA NA 864 213 1023 446 NA NA NA NA NA 
1734040800.0 159.3 141 257 486 0 NA NA NA NA NA 232 364 697 0 NA NA NA NA NA 1343 304 1022 380 NA NA NA NA NA 925 211 889 406 NA NA NA NA NA 
1734040800.0 159.4 136 239 454 0 NA NA NA NA NA 227 354 680 0 NA NA NA NA NA 1407 310 1092 402 NA NA NA NA NA 861 217 985 443 NA NA NA NA NA 
1734040800.0 16.0 NA 186 379 0 NA NA NA NA NA NA 287 555 0 NA NA NA NA NA NA 873 1830 345 NA NA NA NA NA NA 416 1378 391 NA NA NA NA NA 
1734040800.0 160.0 132 226 493 110 0 NA NA NA NA 230 330 701 175 0 NA NA NA NA 1071 232 949 175 367 NA NA NA NA 1005 224 1020 187 389 NA NA NA NA 
1734040800.0 160.02 131 222 98 448 110 0 NA NA NA 232 332 155 662 180 0 NA NA NA 1102 251 107 924 170 368 NA NA NA 1095 260 207 890 205 393 NA NA NA 
1734040800.0 160.03 201 336 186 339 194 NA NA NA NA 340 461 288 536 282 NA NA NA NA 9564 1707 192 759 444 NA NA NA NA 9319 1657 229 645 401 NA NA NA NA 
1734040800.0 160.1 142 281 526 0 NA NA NA NA NA 234 394 730 0 NA NA NA NA NA 1521 491 1051 375 NA NA NA NA NA 970 242 1039 407 NA NA NA NA NA 
1734040800.0 160.2 139 280 496 0 NA NA NA NA NA 235 402 719 0 NA NA NA NA NA 1211 482 1011 374 NA NA NA NA NA 846 235 1052 402 NA NA NA NA NA 
1734040800.0 160.3 139 297 523 0 NA NA NA NA NA 234 393 731 0 NA NA NA NA NA 1087 479 1031 372 NA NA NA NA NA 843 246 997 388 NA NA NA NA NA 
1734040800.0 160.4 136 277 485 0 NA NA NA NA NA 227 380 698 0 NA NA NA NA NA 1184 484 1085 393 NA NA NA NA NA 816 243 1019 435 NA NA NA NA NA 
1734040800.0 160.501 127 216 95 515 175 NA NA NA NA 220 321 155 738 263 NA NA NA NA 846 228 101 927 322 NA NA NA NA 1014 207 402 914 370 NA NA NA NA 
1734040800.0 161.0 133 327 580 112 0 NA NA NA NA 230 541 789 182 0 NA NA NA NA 1186 392 1284 170 424 NA NA NA NA 1354 364 1229 188 443 NA NA NA NA 
1734040800.0 161.02 125 304 98 491 103 0 NA NA NA 229 552 169 746 178 0 NA NA NA 1159 401 132 1360 188 463 NA NA NA 1087 379 191 1325 222 503 NA NA NA 
1734040800.0 161.03 157 326 133 293 187 NA NA NA NA 259 587 194 459 269 NA NA NA NA 2670 530 182 466 361 NA NA NA NA 2604 509 286 481 327 NA NA NA NA 
1734040800.0 161.1 142 383 574 0 NA NA NA NA NA 233 770 767 0 NA NA NA NA NA 1520 644 1356 439 NA NA NA NA NA 931 412 1204 496 NA NA NA NA NA 
1734040800.0 161.2 139 397 637 0 NA NA NA NA NA 233 677 779 0 NA NA NA NA NA 1178 621 1297 421 NA NA NA NA NA 824 380 1165 433 NA NA NA NA NA 
1734040800.0 161.3 139 402 566 0 NA NA NA NA NA 231 781 746 0 NA NA NA NA NA 1091 622 1309 442 NA NA NA NA NA 821 392 1156 491 NA NA NA NA NA 
1734040800.0 161.4 139 449 623 0 NA NA NA NA NA 245 781 749 0 NA NA NA NA NA 1220 616 1325 427 NA NA NA NA NA 869 370 1208 466 NA NA NA NA NA 
1734040800.0 16434.0 NA 633 0 NA NA NA NA NA NA NA 912 0 NA NA NA NA NA NA NA 3628 278 NA NA NA NA NA NA NA 1751 328 NA NA NA NA NA NA 
1734040800.0 16634.0 NA 840 0 NA NA NA NA NA NA NA 1128 0 NA NA NA NA NA NA NA 7391 261 NA NA NA NA NA NA NA 3042 285 NA NA NA NA NA NA 
1734040800.0 16834.0 NA 469 650 0 191 NA NA NA NA NA 664 895 0 307 NA NA NA NA NA 859 2190 508 270 NA NA NA NA NA 871 1921 523 300 NA NA NA NA 
1734040800.0 17.0 NA 184 353 0 NA NA NA NA NA NA 295 555 0 NA NA NA NA NA NA 841 1665 329 NA NA NA NA NA NA 404 1420 364 NA NA NA NA NA 
1734040800.0 17034.0 NA 686 882 0 NA NA NA NA NA NA 931 1296 0 NA NA NA NA NA NA 2219 3365 544 NA NA NA NA NA NA 1121 2390 557 NA NA NA NA NA 
1734040800.0 18.0 NA 172 348 0 NA NA NA NA NA NA 276 541 0 NA NA NA NA NA NA 821 1504 316 NA NA NA NA NA NA 549 1354 360 NA NA NA NA NA 
1734040800.0 180.0 130 278 508 123 0 NA NA NA NA 226 388 728 196 0 NA NA NA NA 841 481 1197 185 347 NA NA NA NA 729 267 1139 201 359 NA NA NA NA 
1734040800.0 180.1 0 NA NA NA NA NA NA NA NA 0 NA NA NA NA NA NA NA NA 834 NA NA NA NA NA NA NA NA 694 NA NA NA NA NA NA NA NA 
1734040800.0 181.0 124 338 531 115 0 NA NA NA NA 235 582 777 185 0 NA NA NA NA 898 600 1686 215 459 NA NA NA NA 747 391 1583 296 494 NA NA NA NA 
1734040800.0 181.1 0 NA NA NA NA NA NA NA NA 0 NA NA NA NA NA NA NA NA 841 NA NA NA NA NA NA NA NA 661 NA NA NA NA NA NA NA NA 
1734040800.0 19.0 NA 171 352 0 NA NA NA NA NA NA 269 541 0 NA NA NA NA NA NA 830 1571 323 NA NA NA NA NA NA 404 1439 368 NA NA NA NA NA 
1734040800.0 2.0 148 173 307 NA NA NA NA NA NA 293 251 453 NA NA NA NA NA NA 1633 273 831 NA NA NA NA NA NA 676 216 885 NA NA NA NA NA NA 
1734040800.0 20.0 NA 172 349 0 NA NA NA NA NA NA 275 513 0 NA NA NA NA NA NA 861 1748 366 NA NA NA NA NA NA 416 1394 406 NA NA NA NA NA 
1734040800.0 200.0 NA 235 459 0 NA NA NA NA NA NA 364 651 0 NA NA NA NA NA NA 443 1458 323 NA NA NA NA NA NA 368 1258 367 NA NA NA NA NA 
1734040800.0 2017.1 502 0 208 168 NA NA NA NA NA 652 0 333 260 NA NA NA NA NA 757 229 492 334 NA NA NA NA NA 639 258 496 395 NA NA NA NA NA 
1734040800.0 2017.11 508 0 216 168 NA NA NA NA NA 676 0 336 268 NA NA NA NA NA 869 224 617 328 NA NA NA NA NA 726 247 529 355 NA NA NA NA NA 
1734040800.0 2017.12 494 0 206 166 NA NA NA NA NA 663 0 336 258 NA NA NA NA NA 726 219 466 336 NA NA NA NA NA 744 242 464 401 NA NA NA NA NA 
1734040800.0 2017.13 473 0 NA NA NA NA NA NA NA 672 0 NA NA NA NA NA NA NA 827 347 NA NA NA NA NA NA NA 747 384 NA NA NA NA NA NA NA 
1734040800.0 2017.2 431 0 202 165 NA NA NA NA NA 597 0 321 259 NA NA NA NA NA 645 198 452 337 NA NA NA NA NA 579 224 493 451 NA NA NA NA NA 
1734040800.0 2017.3 427 0 203 166 NA NA NA NA NA 573 0 324 255 NA NA NA NA NA 648 200 458 336 NA NA NA NA NA 597 226 504 362 NA NA NA NA NA 
1734040800.0 2017.4 501 0 208 166 NA NA NA NA NA 663 0 328 265 NA NA NA NA NA 707 215 460 336 NA NA NA NA NA 581 230 475 455 NA NA NA NA NA 
1734040800.0 2017.5 488 0 205 164 NA NA NA NA NA 652 0 320 260 NA NA NA NA NA 707 218 465 337 NA NA NA NA NA 581 268 477 482 NA NA NA NA NA 
1734040800.0 2017.6 501 0 209 166 NA NA NA NA NA 652 0 312 257 NA NA NA NA NA 758 223 490 341 NA NA NA NA NA 641 262 502 514 NA NA NA NA NA 
1734040800.0 2017.7 499 0 205 165 NA NA NA NA NA 636 0 314 257 NA NA NA NA NA 706 216 468 330 NA NA NA NA NA 593 284 494 454 NA NA NA NA NA 
1734040800.0 2017.8 206 NA NA NA NA NA NA NA NA 322 NA NA NA NA NA NA NA NA 528 NA NA NA NA NA NA NA NA 337 NA NA NA NA NA NA NA NA 
1734040800.0 2017.9 490 0 204 166 NA NA NA NA NA 663 0 322 259 NA NA NA NA NA 673 215 451 334 NA NA NA NA NA 626 228 473 405 NA NA NA NA NA 
1734040800.0 2018.1 497 0 205 171 NA NA NA NA NA 649 0 320 269 NA NA NA NA NA 764 222 492 337 NA NA NA NA NA 646 240 478 357 NA NA NA NA NA 
1734040800.0 2018.11 510 0 214 172 NA NA NA NA NA 660 0 343 273 NA NA NA NA NA 885 224 621 350 NA NA NA NA NA 727 240 482 467 NA NA NA NA NA 
1734040800.0 2018.12 496 0 204 169 NA NA NA NA NA 660 0 323 266 NA NA NA NA NA 740 217 469 341 NA NA NA NA NA 677 233 508 435 NA NA NA NA NA 
1734040800.0 2018.13 471 0 NA NA NA NA NA NA NA 687 0 NA NA NA NA NA NA NA 845 354 NA NA NA NA NA NA NA 767 394 NA NA NA NA NA NA NA 
1734040800.0 2018.2 425 0 207 169 NA NA NA NA NA 578 0 307 263 NA NA NA NA NA 667 200 448 337 NA NA NA NA NA 549 258 497 365 NA NA NA NA NA 
1734040800.0 2018.3 420 0 201 169 NA NA NA NA NA 565 0 321 270 NA NA NA NA NA 663 194 449 325 NA NA NA NA NA 551 210 446 346 NA NA NA NA NA 
1734040800.0 2018.4 497 0 204 170 NA NA NA NA NA 640 0 316 266 NA NA NA NA NA 716 210 457 345 NA NA NA NA NA 615 233 506 437 NA NA NA NA NA 
1734040800.0 2018.5 494 0 179 169 NA NA NA NA NA 666 0 309 264 NA NA NA NA NA 718 211 464 331 NA NA NA NA NA 722 227 468 434 NA NA NA NA NA 
1734040800.0 2018.6 501 0 208 170 NA NA NA NA NA 647 0 319 265 NA NA NA NA NA 761 224 495 347 NA NA NA NA NA 588 285 531 412 NA NA NA NA NA 
1734040800.0 2018.7 494 0 173 169 NA NA NA NA NA 655 0 319 266 NA NA NA NA NA 733 207 462 330 NA NA NA NA NA 713 225 461 361 NA NA NA NA NA 
1734040800.0 2018.8 204 NA NA NA NA NA NA NA NA 323 NA NA NA NA NA NA NA NA 519 NA NA NA NA NA NA NA NA 350 NA NA NA NA NA NA NA NA 
1734040800.0 2018.9 494 0 203 170 NA NA NA NA NA 671 0 308 268 NA NA NA NA NA 688 211 458 329 NA NA NA NA NA 570 225 503 397 NA NA NA NA NA 
1734040800.0 202.0 NA 240 454 0 NA NA NA NA NA NA 380 687 0 NA NA NA NA NA NA 461 1548 344 NA NA NA NA NA NA 466 1209 404 NA NA NA NA NA 
1734040800.0 2022.000001 NA 181 529 0 NA NA NA NA NA NA 305 840 0 NA NA NA NA NA NA 386 8343 286 NA NA NA NA NA NA 221 3106 317 NA NA NA NA NA 
1734040800.0 2022.001001 NA 194 638 0 NA NA NA NA NA NA 316 829 0 NA NA NA NA NA NA 366 6823 268 NA NA NA NA NA NA 253 2718 322 NA NA NA NA NA 
1734040800.0 2022.002001 NA 197 619 0 NA NA NA NA NA NA 320 859 0 NA NA NA NA NA NA 323 4154 265 NA NA NA NA NA NA 268 1942 282 NA NA NA NA NA 
1734040800.0 2023.000001 NA 195 594 0 NA NA NA NA NA NA 309 891 0 NA NA NA NA NA NA 455 16434 290 NA NA NA NA NA NA 253 5185 324 NA NA NA NA NA 
1734040800.0 2023.001001 NA 194 653 0 NA NA NA NA NA NA 310 845 0 NA NA NA NA NA NA 384 10667 281 NA NA NA NA NA NA 229 3620 295 NA NA NA NA NA 
1734040800.0 2023.002001 NA 195 693 0 NA NA NA NA NA NA 325 889 0 NA NA NA NA NA NA 333 6584 277 NA NA NA NA NA NA 236 2613 338 NA NA NA NA NA 
1734040800.0 2024.000001 NA 410 688 0 NA NA NA NA NA NA 569 960 0 NA NA NA NA NA NA 1773 9257 344 NA NA NA NA NA NA 794 3960 381 NA NA NA NA NA 
1734040800.0 2024.001001 NA 407 614 0 NA NA NA NA NA NA 602 923 0 NA NA NA NA NA NA 1827 9795 455 NA NA NA NA NA NA 844 4300 494 NA NA NA NA NA 
1734040800.0 2024.002001 NA 408 634 0 NA NA NA NA NA NA 593 896 0 NA NA NA NA NA NA 1850 10918 359 NA NA NA NA NA NA 807 4388 408 NA NA NA NA NA 
1734040800.0 2024.003001 NA 417 640 0 NA NA NA NA NA NA 595 891 0 NA NA NA NA NA NA 1849 9447 483 NA NA NA NA NA NA 811 4238 537 NA NA NA NA NA 
1734040800.0 2024.100001 NA 403 726 0 NA NA NA NA NA NA 593 918 0 NA NA NA NA NA NA 1387 6265 330 NA NA NA NA NA NA 694 3262 349 NA NA NA NA NA 
1734040800.0 2024.101001 NA 410 629 0 NA NA NA NA NA NA 592 900 0 NA NA NA NA NA NA 2117 10804 362 NA NA NA NA NA NA 889 4404 407 NA NA NA NA NA 
1734040800.0 2024.102001 NA 431 619 0 NA NA NA NA NA NA 627 952 0 NA NA NA NA NA NA 2388 16145 352 NA NA NA NA NA NA 936 5808 396 NA NA NA NA NA 
1734040800.0 2024.103001 NA 414 610 0 NA NA NA NA NA NA 590 933 0 NA NA NA NA NA NA 2062 10493 347 NA NA NA NA NA NA 881 4339 390 NA NA NA NA NA 
1734040800.0 2024.200001 NA 358 645 0 NA NA NA NA NA NA 593 887 0 NA NA NA NA NA NA 1544 7049 342 NA NA NA NA NA NA 764 3460 386 NA NA NA NA NA 
1734040800.0 2024.201001 NA 373 627 0 NA NA NA NA NA NA 602 907 0 NA NA NA NA NA NA 1929 8726 344 NA NA NA NA NA NA 876 3857 384 NA NA NA NA NA 
1734040800.0 2024.202001 NA 410 612 0 NA NA NA NA NA NA 611 907 0 NA NA NA NA NA NA 1848 10816 360 NA NA NA NA NA NA 798 4377 407 NA NA NA NA NA 
1734040800.0 2024.203001 NA 420 619 0 NA NA NA NA NA NA 621 916 0 NA NA NA NA NA NA 2034 10395 357 NA NA NA NA NA NA 866 4298 403 NA NA NA NA NA 
1734040800.0 2024.300001 NA 369 658 0 NA NA NA NA NA NA 582 945 0 NA NA NA NA NA NA 1433 6319 345 NA NA NA NA NA NA 751 3331 378 NA NA NA NA NA 
1734040800.0 2024.301001 NA 411 618 0 NA NA NA NA NA NA 598 881 0 NA NA NA NA NA NA 2013 10385 342 NA NA NA NA NA NA 857 4328 378 NA NA NA NA NA 
1734040800.0 2024.302001 NA 410 642 0 NA NA NA NA NA NA 582 877 0 NA NA NA NA NA NA 1823 9429 349 NA NA NA NA NA NA 810 3993 387 NA NA NA NA NA 
1734040800.0 2024.303001 NA 389 618 0 NA NA NA NA NA NA 601 923 0 NA NA NA NA NA NA 1869 8928 355 NA NA NA NA NA NA 835 3941 398 NA NA NA NA NA 
1734040800.0 203.0 NA 240 469 0 NA NA NA NA NA NA 376 682 0 NA NA NA NA NA NA 480 1508 334 NA NA NA NA NA NA 409 1211 361 NA NA NA NA NA 
1734040800.0 204.0 138 227 441 0 NA NA NA NA NA 274 360 653 0 NA NA NA NA NA 1210 446 1439 325 NA NA NA NA NA 618 399 1200 355 NA NA NA NA NA 
1734040800.0 205.0 NA 234 415 0 NA NA NA NA NA NA 395 640 0 NA NA NA NA NA NA 509 1662 352 NA NA NA NA NA NA 406 1444 387 NA NA NA NA NA 
1734040800.0 21.0 NA 172 362 0 NA NA NA NA NA NA 275 529 0 NA NA NA NA NA NA 867 1777 369 NA NA NA NA NA NA 386 1343 403 NA NA NA NA NA 
1734040800.0 22.0 NA 185 371 0 NA NA NA NA NA NA 286 554 0 NA NA NA NA NA NA 916 2022 354 NA NA NA NA NA NA 437 1358 386 NA NA NA NA NA 
1734040800.0 23.0 NA 201 398 0 NA NA NA NA NA NA 310 579 0 NA NA NA NA NA NA 1026 2154 397 NA NA NA NA NA NA 449 1437 427 NA NA NA NA NA 
1734040800.0 23634.0 NA 608 602 0 217 NA NA NA NA NA 823 831 0 336 NA NA NA NA NA 1471 1938 462 589 NA NA NA NA NA 813 1470 506 646 NA NA NA NA 
1734040800.0 24.0 NA 199 408 0 NA NA NA NA NA NA 328 609 0 NA NA NA NA NA NA 1055 2633 378 NA NA NA NA NA NA 420 1488 436 NA NA NA NA NA 
1734040800.0 24034.0 NA 513 604 0 230 NA NA NA NA NA 704 793 0 334 NA NA NA NA NA 1260 1906 436 509 NA NA NA NA NA 660 1514 456 515 NA NA NA NA 
1734040800.0 24834.0 NA 600 623 0 221 NA NA NA NA NA 825 860 0 336 NA NA NA NA NA 1518 1977 469 597 NA NA NA NA NA 847 1504 516 580 NA NA NA NA 
1734040800.0 24834.703 NA 614 273 0 NA NA NA NA NA NA 829 449 0 NA NA NA NA NA NA 1472 669 219 NA NA NA NA NA NA 798 552 233 NA NA NA NA NA 
1734040800.0 24834.911 173 587 654 0 235 NA NA NA NA 271 810 867 0 338 NA NA NA NA 6916 4573 4673 1360 595 NA NA NA NA 3394 2615 2759 1397 625 NA NA NA NA 
1734040800.0 25.0 NA 210 435 0 128 NA NA NA NA NA 315 605 0 198 NA NA NA NA NA 1093 3052 364 217 NA NA NA NA NA 429 1640 379 253 NA NA NA NA 
1734040800.0 2500.001 NA 227 0 NA NA NA NA NA NA NA 430 0 NA NA NA NA NA NA NA 36842 131 NA NA NA NA NA NA NA 9720 163 NA NA NA NA NA NA 
1734040800.0 2500.002 NA 307 0 NA NA NA NA NA NA NA 591 0 NA NA NA NA NA NA NA 41666 139 NA NA NA NA NA NA NA 11107 183 NA NA NA NA NA NA 
1734040800.0 2500.003 NA 290 0 NA NA NA NA NA NA NA 514 0 NA NA NA NA NA NA NA 39523 137 NA NA NA NA NA NA NA 10543 179 NA NA NA NA NA NA 
1734040800.0 2500.011 NA 271 0 NA NA NA NA NA NA NA 415 0 NA NA NA NA NA NA NA 23639 126 NA NA NA NA NA NA NA 6452 155 NA NA NA NA NA NA 
1734040800.0 2500.012 NA 290 0 NA NA NA NA NA NA NA 452 0 NA NA NA NA NA NA NA 41980 137 NA NA NA NA NA NA NA 11198 185 NA NA NA NA NA NA 
1734040800.0 2500.013 NA 282 0 NA NA NA NA NA NA NA 449 0 NA NA NA NA NA NA NA 27918 131 NA NA NA NA NA NA NA 7608 167 NA NA NA NA NA NA 
1734040800.0 2500.021 NA 262 191 0 NA NA NA NA NA NA 416 289 0 NA NA NA NA NA NA 1461 500 140 NA NA NA NA NA NA 1008 482 169 NA NA NA NA NA 
1734040800.0 2500.022 NA 240 177 0 NA NA NA NA NA NA 391 283 0 NA NA NA NA NA NA 1607 563 140 NA NA NA NA NA NA 1016 625 180 NA NA NA NA NA 
1734040800.0 2500.023 NA 253 172 0 NA NA NA NA NA NA 399 266 0 NA NA NA NA NA NA 1537 534 137 NA NA NA NA NA NA 974 591 170 NA NA NA NA NA 
1734040800.0 2500.024 NA 282 197 0 NA NA NA NA NA NA 416 292 0 NA NA NA NA NA NA 1823 539 139 NA NA NA NA NA NA 1109 524 163 NA NA NA NA NA 
1734040800.0 2500.031 NA 267 180 0 NA NA NA NA NA NA 416 259 0 NA NA NA NA NA NA 1619 447 136 NA NA NA NA NA NA 941 450 189 NA NA NA NA NA 
1734040800.0 2500.032 NA 260 180 0 NA NA NA NA NA NA 421 252 0 NA NA NA NA NA NA 1628 460 125 NA NA NA NA NA NA 1002 470 139 NA NA NA NA NA 
1734040800.0 2500.033 NA 271 182 0 NA NA NA NA NA NA 426 257 0 NA NA NA NA NA NA 1622 456 131 NA NA NA NA NA NA 991 454 147 NA NA NA NA NA 
1734040800.0 2500.034 NA 273 186 0 NA NA NA NA NA NA 434 257 0 NA NA NA NA NA NA 1622 474 131 NA NA NA NA NA NA 940 476 145 NA NA NA NA NA 
1734040800.0 2500.101 NA 290 0 NA NA NA NA NA NA NA 507 0 NA NA NA NA NA NA NA 9747 118 NA NA NA NA NA NA NA 3381 138 NA NA NA NA NA NA 
1734040800.0 2500.111 NA 239 0 NA NA NA NA NA NA NA 386 0 NA NA NA NA NA NA NA 5771 118 NA NA NA NA NA NA NA 2225 140 NA NA NA NA NA NA 
1734040800.0 2500.112 NA 239 0 NA NA NA NA NA NA NA 367 0 NA NA NA NA NA NA NA 1015 135 NA NA NA NA NA NA NA 670 168 NA NA NA NA NA NA 
1734040800.0 2500.131 NA 146 NA NA NA NA NA NA NA NA 260 NA NA NA NA NA NA NA NA 4363 NA NA NA NA NA NA NA NA 1280 NA NA NA NA NA NA NA 
1734040800.0 2500.201 NA 234 0 NA NA NA NA NA NA NA 405 0 NA NA NA NA NA NA NA 10568 132 NA NA NA NA NA NA NA 4893 189 NA NA NA NA NA NA 
1734040800.0 2500.211 NA 251 0 NA NA NA NA NA NA NA 427 0 NA NA NA NA NA NA NA 6821 122 NA NA NA NA NA NA NA 2378 147 NA NA NA NA NA NA 
1734040800.0 2500.212 NA 246 0 NA NA NA NA NA NA NA 364 0 NA NA NA NA NA NA NA 1173 132 NA NA NA NA NA NA NA 700 167 NA NA NA NA NA NA 
1734040800.0 2500.221 NA 206 NA NA NA NA NA NA NA NA 351 NA NA NA NA NA NA NA NA 1463 NA NA NA NA NA NA NA NA 719 NA NA NA NA NA NA NA 
1734040800.0 2500.222 NA 221 NA NA NA NA NA NA NA NA 345 NA NA NA NA NA NA NA NA 1574 NA NA NA NA NA NA NA NA 797 NA NA NA NA NA NA NA 
1734040800.0 2500.223 NA 235 NA NA NA NA NA NA NA NA 378 NA NA NA NA NA NA NA NA 5091 NA NA NA NA NA NA NA NA 1567 NA NA NA NA NA NA NA 
1734040800.0 2500.224 NA 213 NA NA NA NA NA NA NA NA 365 NA NA NA NA NA NA NA NA 16915 NA NA NA NA NA NA NA NA 4523 NA NA NA NA NA NA NA 
1734040800.0 2500.225 NA 262 NA NA NA NA NA NA NA NA 447 NA NA NA NA NA NA NA NA 17595 NA NA NA NA NA NA NA NA 4720 NA NA NA NA NA NA NA 
1734040800.0 2500.226 NA 220 NA NA NA NA NA NA NA NA 359 NA NA NA NA NA NA NA NA 1505 NA NA NA NA NA NA NA NA 758 NA NA NA NA NA NA NA 
1734040800.0 2500.227 NA 142 NA NA NA NA NA NA NA NA 253 NA NA NA NA NA NA NA NA 6220 NA NA NA NA NA NA NA NA 1780 NA NA NA NA NA NA NA 
1734040800.0 2500.231 NA 225 NA NA NA NA NA NA NA NA 349 NA NA NA NA NA NA NA NA 1058 NA NA NA NA NA NA NA NA 622 NA NA NA NA NA NA NA 
1734040800.0 2500.232 NA 238 NA NA NA NA NA NA NA NA 363 NA NA NA NA NA NA NA NA 1133 NA NA NA NA NA NA NA NA 676 NA NA NA NA NA NA NA 
1734040800.0 2500.233 NA 250 NA NA NA NA NA NA NA NA 372 NA NA NA NA NA NA NA NA 3729 NA NA NA NA NA NA NA NA 1223 NA NA NA NA NA NA NA 
1734040800.0 2500.234 NA 252 NA NA NA NA NA NA NA NA 382 NA NA NA NA NA NA NA NA 13057 NA NA NA NA NA NA NA NA 3765 NA NA NA NA NA NA NA 
1734040800.0 2500.235 NA 277 NA NA NA NA NA NA NA NA 431 NA NA NA NA NA NA NA NA 13572 NA NA NA NA NA NA NA NA 3872 NA NA NA NA NA NA NA 
1734040800.0 2500.236 NA 236 NA NA NA NA NA NA NA NA 361 NA NA NA NA NA NA NA NA 1079 NA NA NA NA NA NA NA NA 642 NA NA NA NA NA NA NA 
1734040800.0 2500.237 NA 143 NA NA NA NA NA NA NA NA 239 NA NA NA NA NA NA NA NA 4661 NA NA NA NA NA NA NA NA 1337 NA NA NA NA NA NA NA 
1734040800.0 2500.241 NA 203 NA NA NA NA NA NA NA NA 385 NA NA NA NA NA NA NA NA 434 NA NA NA NA NA NA NA NA 408 NA NA NA NA NA NA NA 
1734040800.0 2500.242 NA 162 NA NA NA NA NA NA NA NA 260 NA NA NA NA NA NA NA NA 1077 NA NA NA NA NA NA NA NA 498 NA NA NA NA NA NA NA 
1734040800.0 2500.243 NA 97 NA NA NA NA NA NA NA NA 187 NA NA NA NA NA NA NA NA 206 NA NA NA NA NA NA NA NA 232 NA NA NA NA NA NA NA 
1734040800.0 2500.244 NA 169 NA NA NA NA NA NA NA NA 307 NA NA NA NA NA NA NA NA 1681 NA NA NA NA NA NA NA NA 675 NA NA NA NA NA NA NA 
1734040800.0 2500.245 NA 171 NA NA NA NA NA NA NA NA 303 NA NA NA NA NA NA NA NA 1329 NA NA NA NA NA NA NA NA 581 NA NA NA NA NA NA NA 
1734040800.0 2500.901 NA 133 NA NA NA NA NA NA NA NA 238 NA NA NA NA NA NA NA NA 612 NA NA NA NA NA NA NA NA 517 NA NA NA NA NA NA NA 
1734040800.0 2500.902 NA 123 NA NA NA NA NA NA NA NA 235 NA NA NA NA NA NA NA NA 614 NA NA NA NA NA NA NA NA 527 NA NA NA NA NA NA NA 
1734040800.0 2500.911 85 96 NA NA NA NA NA NA NA 150 173 NA NA NA NA NA NA NA 207 226 NA NA NA NA NA NA NA 228 261 NA NA NA NA NA NA NA 
1734040800.0 2500.912 0 NA NA NA NA NA NA NA NA 0 NA NA NA NA NA NA NA NA 106 NA NA NA NA NA NA NA NA 81 NA NA NA NA NA NA NA NA 
1734040800.0 2500.913 0 NA NA NA NA NA NA NA NA 0 NA NA NA NA NA NA NA NA 120 NA NA NA NA NA NA NA NA 86 NA NA NA NA NA NA NA NA 
1734040800.0 250199.0 387 NA NA NA NA NA NA NA NA 616 NA NA NA NA NA NA NA NA 1454 NA NA NA NA NA NA NA NA 836 NA NA NA NA NA NA NA NA 
1734040800.0 250199.17 399 NA NA NA NA NA NA NA NA 637 NA NA NA NA NA NA NA NA 1586 NA NA NA NA NA NA NA NA 886 NA NA NA NA NA NA NA NA 
1734040800.0 250199.18 468 NA NA NA NA NA NA NA NA 743 NA NA NA NA NA NA NA NA 2305 NA NA NA NA NA NA NA NA 1075 NA NA NA NA NA NA NA NA 
1734040800.0 250200.0 NA 478 513 0 NA NA NA NA NA NA 720 725 0 NA NA NA NA NA NA 3531 1752 309 NA NA NA NA NA NA 1457 1169 331 NA NA NA NA NA 
1734040800.0 250200.1 157 414 362 NA NA NA NA NA NA 265 602 538 NA NA NA NA NA NA 1145 542 1394 NA NA NA NA NA NA 624 487 1113 NA NA NA NA NA NA 
1734040800.0 250200.117 134 501 383 NA NA NA NA NA NA 232 709 577 NA NA NA NA NA NA 1208 1434 1260 NA NA NA NA NA NA 640 783 1002 NA NA NA NA NA NA 
1734040800.0 250200.118 115 554 414 166 NA NA NA NA NA 228 793 588 263 NA NA NA NA NA 1235 1451 1415 340 NA NA NA NA NA 696 730 949 393 NA NA NA NA NA 
1734040800.0 250200.17 NA 507 585 0 NA NA NA NA NA NA 764 862 0 NA NA NA NA NA NA 4768 1925 431 NA NA NA NA NA NA 1758 1352 475 NA NA NA NA NA 
1734040800.0 250200.18 NA 668 641 0 NA NA NA NA NA NA 887 870 0 NA NA NA NA NA NA 5792 2176 392 NA NA NA NA NA NA 2193 1422 408 NA NA NA NA NA 
1734040800.0 250200.182 128 548 651 0 NA NA NA NA NA 232 823 893 0 NA NA NA NA NA 1182 1429 2349 389 NA NA NA NA NA 590 658 1397 408 NA NA NA NA NA 
1734040800.0 250202.0 NA 455 540 0 NA NA NA NA NA NA 722 746 0 NA NA NA NA NA NA 3685 1904 335 NA NA NA NA NA NA 1409 1234 421 NA NA NA NA NA 
1734040800.0 250202.1 NA 381 428 530 0 NA NA NA NA NA 632 667 741 0 NA NA NA NA NA 1459 3703 2101 337 NA NA NA NA NA 793 1389 1919 351 NA NA NA NA 
1734040800.0 250202.118 130 532 421 175 NA NA NA NA NA 240 781 602 272 NA NA NA NA NA 1518 1432 1469 337 NA NA NA NA NA 669 650 937 628 NA NA NA NA NA 
1734040800.0 250202.17 NA 505 592 0 NA NA NA NA NA NA 805 913 0 NA NA NA NA NA NA 4988 2294 437 NA NA NA NA NA NA 1792 1544 502 NA NA NA NA NA 
1734040800.0 250202.171 NA 399 530 619 0 NA NA NA NA NA 613 765 873 0 NA NA NA NA NA 1560 5142 2304 447 NA NA NA NA NA 823 1869 1570 562 NA NA NA NA 
1734040800.0 250202.172 NA 510 575 0 NA NA NA NA NA NA 796 829 0 NA NA NA NA NA NA 4898 2235 444 NA NA NA NA NA NA 1760 1525 496 NA NA NA NA NA 
1734040800.0 250202.18 NA 719 637 0 NA NA NA NA NA NA 880 918 0 NA NA NA NA NA NA 5999 2455 409 NA NA NA NA NA NA 2184 1556 429 NA NA NA NA NA 
1734040800.0 250202.181 NA 455 582 0 NA NA NA NA NA NA 743 856 0 NA NA NA NA NA NA 2402 5950 0 NA NA NA NA NA NA 1074 2109 0 NA NA NA NA NA 
1734040800.0 250202.182 137 536 675 0 NA NA NA NA NA 236 856 920 0 NA NA NA NA NA 1508 1631 3109 422 NA NA NA NA NA 660 827 1694 453 NA NA NA NA NA 
1734040800.0 250202.183 150 547 649 0 NA NA NA NA NA 243 836 958 0 NA NA NA NA NA 1622 1524 2987 570 NA NA NA NA NA 725 729 1838 704 NA NA NA NA NA 
1734040800.0 250202.184 NA 434 574 0 NA NA NA NA NA NA 698 860 0 NA NA NA NA NA NA 2337 6471 0 NA NA NA NA NA NA 1060 2199 0 NA NA NA NA NA 
1734040800.0 250202.2 NA 435 500 0 NA NA NA NA NA NA 738 699 0 NA NA NA NA NA NA 6456 1951 345 NA NA NA NA NA NA 1998 1539 392 NA NA NA NA NA 
1734040800.0 250202.3 NA 479 482 487 0 NA NA NA NA NA 632 712 730 0 NA NA NA NA NA 1437 6225 2078 360 NA NA NA NA NA 801 1838 1714 397 NA NA NA NA 
1734040800.0 250202.4 NA 433 485 0 NA NA NA NA NA NA 741 726 0 NA NA NA NA NA NA 6492 1939 347 NA NA NA NA NA NA 1978 1433 400 NA NA NA NA NA 
1734040800.0 250202.5 NA 398 481 519 0 NA NA NA NA NA 591 718 725 0 NA NA NA NA NA 1449 6471 1924 335 NA NA NA NA NA 784 1934 1351 357 NA NA NA NA 
1734040800.0 250203.0 NA 554 496 0 NA NA NA NA NA NA 714 714 0 NA NA NA NA NA NA 3543 1771 312 NA NA NA NA NA NA 1408 1217 330 NA NA NA NA NA 
1734040800.0 250203.17 NA 517 601 0 NA NA NA NA NA NA 802 881 0 NA NA NA NA NA NA 4773 2052 424 NA NA NA NA NA NA 1750 1405 495 NA NA NA NA NA 
1734040800.0 250203.18 NA 652 637 0 NA NA NA NA NA NA 906 902 0 NA NA NA NA NA NA 5846 2364 411 NA NA NA NA NA NA 2226 1444 426 NA NA NA NA NA 
1734040800.0 250204.0 NA 506 523 0 NA NA NA NA NA NA 707 731 0 NA NA NA NA NA NA 3549 1756 329 NA NA NA NA NA NA 1441 1159 393 NA NA NA NA NA 
1734040800.0 250204.17 NA 500 586 0 NA NA NA NA NA NA 792 839 0 NA NA NA NA NA NA 4922 2046 432 NA NA NA NA NA NA 1814 1408 492 NA NA NA NA NA 
1734040800.0 250204.18 NA 634 665 0 NA NA NA NA NA NA 919 922 0 NA NA NA NA NA NA 5854 2434 405 NA NA NA NA NA NA 2164 1479 419 NA NA NA NA NA 
1734040800.0 250205.0 NA 433 500 0 NA NA NA NA NA NA 702 712 0 NA NA NA NA NA NA 3425 1689 313 NA NA NA NA NA NA 1348 1257 327 NA NA NA NA NA 
1734040800.0 250205.17 NA 502 609 0 NA NA NA NA NA NA 770 855 0 NA NA NA NA NA NA 4687 1936 421 NA NA NA NA NA NA 1732 1351 476 NA NA NA NA NA 
1734040800.0 250205.18 NA 610 676 0 NA NA NA NA NA NA 884 924 0 NA NA NA NA NA NA 5842 2498 404 NA NA NA NA NA NA 2228 1656 450 NA NA NA NA NA 
1734040800.0 250206.0 NA 525 521 0 NA NA NA NA NA NA 675 733 0 NA NA NA NA NA NA 3601 1635 320 NA NA NA NA NA NA 1395 1129 345 NA NA NA NA NA 
1734040800.0 250206.118 130 531 402 164 NA NA NA NA NA 226 744 607 253 NA NA NA NA NA 737 1269 1212 368 NA NA NA NA NA 511 656 985 477 NA NA NA NA NA 
1734040800.0 250206.17 NA 501 593 0 NA NA NA NA NA NA 796 861 0 NA NA NA NA NA NA 4684 2035 440 NA NA NA NA NA NA 1711 1398 481 NA NA NA NA NA 
1734040800.0 250206.18 NA 605 696 0 NA NA NA NA NA NA 858 993 0 NA NA NA NA NA NA 5883 2340 420 NA NA NA NA NA NA 2212 1542 435 NA NA NA NA NA 
1734040800.0 250206.181 NA 441 558 690 0 NA NA NA NA NA 708 844 978 0 NA NA NA NA NA 2450 5865 2290 423 NA NA NA NA NA 1134 2091 1559 467 NA NA NA NA 
1734040800.0 250206.182 127 525 706 0 NA NA NA NA NA 234 784 974 0 NA NA NA NA NA 736 1265 1823 392 NA NA NA NA NA 488 614 1333 407 NA NA NA NA NA 
1734040800.0 250207.0 NA 550 502 0 NA NA NA NA NA NA 707 727 0 NA NA NA NA NA NA 3255 1672 297 NA NA NA NA NA NA 1398 1243 309 NA NA NA NA NA 
1734040800.0 250207.17 NA 495 553 0 NA NA NA NA NA NA 796 795 0 NA NA NA NA NA NA 4552 1822 407 NA NA NA NA NA NA 1774 1396 448 NA NA NA NA NA 
1734040800.0 250207.18 NA 665 683 0 NA NA NA NA NA NA 880 888 0 NA NA NA NA NA NA 5444 2069 383 NA NA NA NA NA NA 2109 1404 400 NA NA NA NA NA 
1734040800.0 250208.17 NA 647 664 0 NA NA NA NA NA NA 823 931 0 NA NA NA NA NA NA 5013 2787 414 NA NA NA NA NA NA 1749 1539 431 NA NA NA NA NA 
1734040800.0 250208.18 NA 585 667 0 NA NA NA NA NA NA 908 939 0 NA NA NA NA NA NA 6364 3768 444 NA NA NA NA NA NA 2301 1930 495 NA NA NA NA NA 
1734040800.0 250399.0 292 NA NA NA NA NA NA NA NA 445 NA NA NA NA NA NA NA NA 568 NA NA NA NA NA NA NA NA 548 NA NA NA NA NA NA NA NA 
1734040800.0 250399.17 338 NA NA NA NA NA NA NA NA 517 NA NA NA NA NA NA NA NA 790 NA NA NA NA NA NA NA NA 652 NA NA NA NA NA NA NA NA 
1734040800.0 250399.18 351 NA NA NA NA NA NA NA NA 518 NA NA NA NA NA NA NA NA 766 NA NA NA NA NA NA NA NA 556 NA NA NA NA NA NA NA NA 
1734040800.0 250400.0 463 0 217 NA NA NA NA NA NA 673 0 326 NA NA NA NA NA NA 724 191 457 NA NA NA NA NA NA 682 204 431 NA NA NA NA NA NA 
1734040800.0 250400.17 536 0 213 NA NA NA NA NA NA 744 0 345 NA NA NA NA NA NA 846 220 484 NA NA NA NA NA NA 763 238 462 NA NA NA NA NA NA 
1734040800.0 250400.18 542 0 212 NA NA NA NA NA NA 741 0 331 NA NA NA NA NA NA 857 209 492 NA NA NA NA NA NA 726 223 467 NA NA NA NA NA NA 
1734040800.0 250402.0 466 0 211 NA NA NA NA NA NA 688 0 315 NA NA NA NA NA NA 790 200 503 NA NA NA NA NA NA 696 217 527 NA NA NA NA NA NA 
1734040800.0 250402.1 291 449 0 NA NA NA NA NA NA 456 607 0 NA NA NA NA NA NA 509 737 203 NA NA NA NA NA NA 438 546 259 NA NA NA NA NA NA 
1734040800.0 250402.17 541 0 214 NA NA NA NA NA NA 762 0 336 NA NA NA NA NA NA 899 234 510 NA NA NA NA NA NA 828 249 467 NA NA NA NA NA NA 
1734040800.0 250402.171 341 536 0 NA NA NA NA NA NA 523 700 0 NA NA NA NA NA NA 698 903 233 NA NA NA NA NA NA 481 639 277 NA NA NA NA NA NA 
1734040800.0 250402.18 548 0 212 NA NA NA NA NA NA 749 0 331 NA NA NA NA NA NA 922 220 506 NA NA NA NA NA NA 790 233 458 NA NA NA NA NA NA 
1734040800.0 250402.181 342 569 0 NA NA NA NA NA NA 532 697 0 NA NA NA NA NA NA 736 900 224 NA NA NA NA NA NA 526 657 246 NA NA NA NA NA NA 
1734040800.0 250403.0 461 0 209 NA NA NA NA NA NA 686 0 327 NA NA NA NA NA NA 738 197 474 NA NA NA NA NA NA 805 217 434 NA NA NA NA NA NA 
1734040800.0 250403.17 539 0 212 NA NA NA NA NA NA 758 0 329 NA NA NA NA NA NA 857 206 506 NA NA NA NA NA NA 725 225 528 NA NA NA NA NA NA 
1734040800.0 250403.18 539 0 217 NA NA NA NA NA NA 749 0 336 NA NA NA NA NA NA 876 214 480 NA NA NA NA NA NA 735 234 449 NA NA NA NA NA NA 
1734040800.0 250405.0 457 0 206 NA NA NA NA NA NA 667 0 320 NA NA NA NA NA NA 709 189 466 NA NA NA NA NA NA 665 208 451 NA NA NA NA NA NA 
1734040800.0 250405.17 533 0 209 NA NA NA NA NA NA 727 0 328 NA NA NA NA NA NA 842 211 488 NA NA NA NA NA NA 753 227 581 NA NA NA NA NA NA 
1734040800.0 250405.18 545 0 211 NA NA NA NA NA NA 773 0 310 NA NA NA NA NA NA 879 216 484 NA NA NA NA NA NA 801 230 443 NA NA NA NA NA NA 
1734040800.0 250406.0 456 0 212 NA NA NA NA NA NA 663 0 326 NA NA NA NA NA NA 679 191 458 NA NA NA NA NA NA 650 203 438 NA NA NA NA NA NA 
1734040800.0 250406.17 528 0 210 NA NA NA NA NA NA 727 0 327 NA NA NA NA NA NA 763 220 458 NA NA NA NA NA NA 753 235 448 NA NA NA NA NA NA 
1734040800.0 250406.18 537 0 208 NA NA NA NA NA NA 741 0 314 NA NA NA NA NA NA 775 210 466 NA NA NA NA NA NA 760 226 443 NA NA NA NA NA NA 
1734040800.0 250407.0 394 0 203 NA NA NA NA NA NA 600 0 310 NA NA NA NA NA NA 652 163 466 NA NA NA NA NA NA 649 175 524 NA NA NA NA NA NA 
1734040800.0 250407.17 462 0 208 NA NA NA NA NA NA 657 0 335 NA NA NA NA NA NA 766 190 473 NA NA NA NA NA NA 793 206 449 NA NA NA NA NA NA 
1734040800.0 250407.18 476 0 210 NA NA NA NA NA NA 699 0 323 NA NA NA NA NA NA 782 193 458 NA NA NA NA NA NA 733 209 427 NA NA NA NA NA NA 
1734040800.0 250408.0 460 0 211 NA NA NA NA NA NA 690 0 335 NA NA NA NA NA NA 777 193 498 NA NA NA NA NA NA 704 212 452 NA NA NA NA NA NA 
1734040800.0 250408.17 539 0 214 NA NA NA NA NA NA 759 0 336 NA NA NA NA NA NA 910 230 522 NA NA NA NA NA NA 760 241 479 NA NA NA NA NA NA 
1734040800.0 250408.18 543 0 213 NA NA NA NA NA NA 740 0 335 NA NA NA NA NA NA 895 220 509 NA NA NA NA NA NA 688 240 458 NA NA NA NA NA NA 
1734040800.0 250409.0 476 0 214 NA NA NA NA NA NA 719 0 344 NA NA NA NA NA NA 903 198 628 NA NA NA NA NA NA 723 212 479 NA NA NA NA NA NA 
1734040800.0 250409.17 544 0 218 NA NA NA NA NA NA 772 0 331 NA NA NA NA NA NA 1072 227 624 NA NA NA NA NA NA 853 245 494 NA NA NA NA NA NA 
1734040800.0 250409.18 555 0 217 NA NA NA NA NA NA 788 0 335 NA NA NA NA NA NA 1065 223 621 NA NA NA NA NA NA 782 238 497 NA NA NA NA NA NA 
1734040800.0 25200.0 NA 433 669 0 155 NA NA NA NA NA 664 922 0 263 NA NA NA NA NA 1371 2326 340 374 NA NA NA NA NA 668 1556 393 427 NA NA NA NA 
1734040800.0 25202.0 NA 424 758 0 172 NA NA NA NA NA 666 1006 0 268 NA NA NA NA NA 1322 2356 324 337 NA NA NA NA NA 715 1502 343 440 NA NA NA NA 
1734040800.0 25202.1 NA 452 665 0 NA NA NA NA NA NA 691 958 0 NA NA NA NA NA NA 1545 2103 321 NA NA NA NA NA NA 724 1491 347 NA NA NA NA NA 
1734040800.0 25202.15 NA 427 676 0 190 NA NA NA NA NA 656 973 0 292 NA NA NA NA NA 1314 2485 332 459 NA NA NA NA NA 747 1639 355 428 NA NA NA NA 
1734040800.0 25202.2 NA 445 667 0 NA NA NA NA NA NA 707 969 0 NA NA NA NA NA NA 1539 2136 326 NA NA NA NA NA NA 699 1674 351 NA NA NA NA NA 
1734040800.0 25203.0 NA 412 673 0 156 NA NA NA NA NA 664 956 0 253 NA NA NA NA NA 1415 2401 346 383 NA NA NA NA NA 681 1554 394 512 NA NA NA NA 
1734040800.0 25204.0 NA 468 759 0 NA NA NA NA NA NA 669 991 0 NA NA NA NA NA NA 1356 2256 321 NA NA NA NA NA NA 680 1504 337 NA NA NA NA NA 
1734040800.0 25205.0 NA 421 725 0 170 NA NA NA NA NA 666 983 0 270 NA NA NA NA NA 1254 2095 317 336 NA NA NA NA NA 709 1461 353 402 NA NA NA NA 
1734040800.0 25206.0 NA 476 714 0 171 NA NA NA NA NA 666 995 0 269 NA NA NA NA NA 1339 2185 323 333 NA NA NA NA NA 669 1529 345 432 NA NA NA NA 
1734040800.0 25207.0 NA 416 625 0 NA NA NA NA NA NA 627 914 0 NA NA NA NA NA NA 1251 2061 293 NA NA NA NA NA NA 732 1551 307 NA NA NA NA NA 
1734040800.0 25208.0 NA 485 690 0 NA NA NA NA NA NA 666 953 0 NA NA NA NA NA NA 1283 2810 338 NA NA NA NA NA NA 642 1569 379 NA NA NA NA NA 
1734040800.0 25209.0 NA 466 737 0 171 NA NA NA NA NA 650 943 0 275 NA NA NA NA NA 1314 2329 327 329 NA NA NA NA NA 640 1595 352 371 NA NA NA NA 
1734040800.0 25210.0 0 NA NA NA NA NA NA NA NA 0 NA NA NA NA NA NA NA NA 874 NA NA NA NA NA NA NA NA 461 NA NA NA NA NA NA NA NA 
1734040800.0 25211.0 0 NA NA NA NA NA NA NA NA 0 NA NA NA NA NA NA NA NA 452 NA NA NA NA NA NA NA NA 450 NA NA NA NA NA NA NA NA 
1734040800.0 25211.17 0 NA NA NA NA NA NA NA NA 0 NA NA NA NA NA NA NA NA 456 NA NA NA NA NA NA NA NA 456 NA NA NA NA NA NA NA NA 
1734040800.0 25211.18 0 NA NA NA NA NA NA NA NA 0 NA NA NA NA NA NA NA NA 443 NA NA NA NA NA NA NA NA 447 NA NA NA NA NA NA NA NA 
1734040800.0 25212.0 0 NA NA NA NA NA NA NA NA 0 NA NA NA NA NA NA NA NA 438 NA NA NA NA NA NA NA NA 428 NA NA NA NA NA NA NA NA 
1734040800.0 25212.17 0 NA NA NA NA NA NA NA NA 0 NA NA NA NA NA NA NA NA 436 NA NA NA NA NA NA NA NA 416 NA NA NA NA NA NA NA NA 
1734040800.0 25212.18 0 NA NA NA NA NA NA NA NA 0 NA NA NA NA NA NA NA NA 447 NA NA NA NA NA NA NA NA 451 NA NA NA NA NA NA NA NA 
1734040800.0 25213.0 0 NA NA NA NA NA NA NA NA 0 NA NA NA NA NA NA NA NA 441 NA NA NA NA NA NA NA NA 426 NA NA NA NA NA NA NA NA 
1734040800.0 25213.17 0 NA NA NA NA NA NA NA NA 0 NA NA NA NA NA NA NA NA 441 NA NA NA NA NA NA NA NA 430 NA NA NA NA NA NA NA NA 
1734040800.0 25213.18 0 NA NA NA NA NA NA NA NA 0 NA NA NA NA NA NA NA NA 444 NA NA NA NA NA NA NA NA 437 NA NA NA NA NA NA NA NA 
1734040800.0 25214.0 NA 505 681 0 NA NA NA NA NA NA 666 963 0 NA NA NA NA NA NA 1351 2292 331 NA NA NA NA NA NA 715 1541 389 NA NA NA NA NA 
1734040800.0 25215.0 51 148 416 652 0 NA NA NA NA 110 271 627 946 0 NA NA NA NA 36 1428 1250 2237 310 NA NA NA NA 85 763 710 1541 324 NA NA NA NA 
1734040800.0 25215.17 51 130 476 714 0 NA NA NA NA 113 239 701 1073 0 NA NA NA NA 35 1342 2212 2209 394 NA NA NA NA 67 640 905 1525 414 NA NA NA NA 
1734040800.0 25215.18 52 133 556 0 NA NA NA NA NA 113 242 807 0 NA NA NA NA NA 36 1633 2953 0 NA NA NA NA NA 70 742 1142 0 NA NA NA NA NA 
1734040800.0 25234.0 176 599 627 0 223 NA NA NA NA 279 792 808 0 336 NA NA NA NA 3623 1547 1966 471 522 NA NA NA NA 1625 959 1532 540 543 NA NA NA NA 
1734040800.0 25400.0 559 0 206 NA NA NA NA NA NA 781 0 311 NA NA NA NA NA NA 2241 202 493 NA NA NA NA NA NA 1073 281 545 NA NA NA NA NA NA 
1734040800.0 25400.17 635 0 208 NA NA NA NA NA NA 902 0 320 NA NA NA NA NA NA 4939 236 519 NA NA NA NA NA NA 1946 270 537 NA NA NA NA NA NA 
1734040800.0 25400.18 657 0 211 NA NA NA NA NA NA 898 0 324 NA NA NA NA NA NA 4987 242 532 NA NA NA NA NA NA 1892 276 545 NA NA NA NA NA NA 
1734040800.0 25402.0 560 0 210 NA NA NA NA NA NA 797 0 336 NA NA NA NA NA NA 2356 205 509 NA NA NA NA NA NA 1253 225 612 NA NA NA NA NA NA 
1734040800.0 25402.17 666 0 199 NA NA NA NA NA NA 937 0 307 NA NA NA NA NA NA 4950 242 603 NA NA NA NA NA NA 1954 266 669 NA NA NA NA NA NA 
1734040800.0 25402.18 656 0 210 NA NA NA NA NA NA 867 0 320 NA NA NA NA NA NA 4797 251 554 NA NA NA NA NA NA 1861 281 568 NA NA NA NA NA NA 
1734040800.0 25403.0 562 0 213 NA NA NA NA NA NA 813 0 346 NA NA NA NA NA NA 2117 204 482 NA NA NA NA NA NA 1019 292 526 NA NA NA NA NA NA 
1734040800.0 25403.17 649 0 209 NA NA NA NA NA NA 899 0 307 NA NA NA NA NA NA 4950 233 556 NA NA NA NA NA NA 2250 263 609 NA NA NA NA NA NA 
1734040800.0 25403.18 633 0 193 NA NA NA NA NA NA 895 0 320 NA NA NA NA NA NA 5296 234 557 NA NA NA NA NA NA 2161 263 608 NA NA NA NA NA NA 
1734040800.0 25405.0 555 0 204 NA NA NA NA NA NA 775 0 319 NA NA NA NA NA NA 2208 207 477 NA NA NA NA NA NA 1110 285 522 NA NA NA NA NA NA 
1734040800.0 25405.17 658 0 213 NA NA NA NA NA NA 924 0 322 NA NA NA NA NA NA 4023 237 469 NA NA NA NA NA NA 1648 267 456 NA NA NA NA NA NA 
1734040800.0 25405.18 651 0 209 NA NA NA NA NA NA 854 0 320 NA NA NA NA NA NA 4873 236 525 NA NA NA NA NA NA 1946 269 551 NA NA NA NA NA NA 
1734040800.0 25406.0 552 0 207 NA NA NA NA NA NA 759 0 326 NA NA NA NA NA NA 1789 201 457 NA NA NA NA NA NA 984 219 435 NA NA NA NA NA NA 
1734040800.0 25406.17 657 0 211 NA NA NA NA NA NA 857 0 315 NA NA NA NA NA NA 3125 229 490 NA NA NA NA NA NA 1435 258 498 NA NA NA NA NA NA 
1734040800.0 25406.18 654 0 208 NA NA NA NA NA NA 905 0 313 NA NA NA NA NA NA 2577 223 461 NA NA NA NA NA NA 1315 246 564 NA NA NA NA NA NA 
1734040800.0 25407.0 488 0 208 NA NA NA NA NA NA 737 0 336 NA NA NA NA NA NA 1907 187 453 NA NA NA NA NA NA 1027 209 514 NA NA NA NA NA NA 
1734040800.0 25407.17 578 0 204 NA NA NA NA NA NA 780 0 329 NA NA NA NA NA NA 4375 215 489 NA NA NA NA NA NA 1873 241 507 NA NA NA NA NA NA 
1734040800.0 25407.18 595 0 206 NA NA NA NA NA NA 828 0 307 NA NA NA NA NA NA 4491 221 486 NA NA NA NA NA NA 1862 256 499 NA NA NA NA NA NA 
1734040800.0 25408.0 565 0 214 NA NA NA NA NA NA 794 0 336 NA NA NA NA NA NA 2694 216 620 NA NA NA NA NA NA 1251 247 609 NA NA NA NA NA NA 
1734040800.0 25408.17 630 0 205 NA NA NA NA NA NA 915 0 333 NA NA NA NA NA NA 5638 254 724 NA NA NA NA NA NA 2199 285 716 NA NA NA NA NA NA 
1734040800.0 25408.18 665 0 217 NA NA NA NA NA NA 905 0 353 NA NA NA NA NA NA 5236 240 626 NA NA NA NA NA NA 2202 265 539 NA NA NA NA NA NA 
1734040800.0 25409.0 549 0 213 NA NA NA NA NA NA 801 0 327 NA NA NA NA NA NA 2474 203 519 NA NA NA NA NA NA 1142 221 581 NA NA NA NA NA NA 
1734040800.0 25409.17 696 0 217 NA NA NA NA NA NA 882 0 344 NA NA NA NA NA NA 5093 245 518 NA NA NA NA NA NA 2048 279 452 NA NA NA NA NA NA 
1734040800.0 25409.18 670 0 213 NA NA NA NA NA NA 882 0 321 NA NA NA NA NA NA 4277 238 504 NA NA NA NA NA NA 1749 302 503 NA NA NA NA NA NA 
1734040800.0 25634.0 165 583 621 0 234 NA NA NA NA 269 827 807 0 333 NA NA NA NA 3607 1532 2041 447 559 NA NA NA NA 1594 902 1618 491 543 NA NA NA NA 
1734040800.0 26.0 NA 198 415 0 NA NA NA NA NA NA 308 613 0 NA NA NA NA NA NA 936 1829 349 NA NA NA NA NA NA 379 1298 403 NA NA NA NA NA 
1734040800.0 26034.0 170 581 607 0 226 NA NA NA NA 272 779 834 0 336 NA NA NA NA 3754 1542 2079 452 585 NA NA NA NA 1730 921 1650 486 618 NA NA NA NA 
1734040800.0 26434.0 163 599 633 0 232 NA NA NA NA 269 792 852 0 336 NA NA NA NA 3490 1539 1998 444 556 NA NA NA NA 1530 922 1604 480 560 NA NA NA NA 
1734040800.0 26834.0 166 593 587 0 232 NA NA NA NA 271 789 824 0 330 NA NA NA NA 3255 1430 1995 409 501 NA NA NA NA 1386 851 1655 473 560 NA NA NA NA 
1734040800.0 27.0 NA 200 399 0 NA NA NA NA NA NA 310 578 0 NA NA NA NA NA NA 946 1780 346 NA NA NA NA NA NA 395 1540 398 NA NA NA NA NA 
1734040800.0 27234.0 179 592 0 NA NA NA NA NA NA 277 824 0 NA NA NA NA NA NA 3453 1515 0 NA NA NA NA NA NA 1643 881 0 NA NA NA NA NA NA 
1734040800.0 27634.0 169 588 604 0 233 NA NA NA NA 265 816 847 0 333 NA NA NA NA 3452 1488 2070 449 568 NA NA NA NA 1551 868 1647 491 557 NA NA NA NA 
1734040800.0 28.0 NA 203 400 0 NA NA NA NA NA NA 312 574 0 NA NA NA NA NA NA 1093 2449 348 NA NA NA NA NA NA 516 1536 372 NA NA NA NA NA 
1734040800.0 280.0 0 NA NA NA NA NA NA NA NA 0 NA NA NA NA NA NA NA NA 0 NA NA NA NA NA NA NA NA 0 NA NA NA NA NA NA NA NA 
1734040800.0 28034.0 170 579 630 0 235 NA NA NA NA 276 792 847 0 329 NA NA NA NA 3007 1470 1934 407 502 NA NA NA NA 1299 909 1564 462 566 NA NA NA NA 
1734040800.0 281.0 170 233 392 0 NA NA NA NA NA 355 361 639 0 NA NA NA NA NA 844 325 1043 328 NA NA NA NA NA 486 320 1101 375 NA NA NA NA NA 
1734040800.0 28434.0 162 600 641 0 232 NA NA NA NA 261 792 837 0 336 NA NA NA NA 3451 1499 1922 454 578 NA NA NA NA 1518 878 1502 501 583 NA NA NA NA 
1734040800.0 28834.0 162 595 639 0 222 NA NA NA NA 271 816 866 0 333 NA NA NA NA 3378 1464 1970 405 488 NA NA NA NA 1455 920 1573 460 553 NA NA NA NA 
1734040800.0 29.0 NA 202 415 0 NA NA NA NA NA NA 313 594 0 NA NA NA NA NA NA 1000 2036 340 NA NA NA NA NA NA 476 1429 365 NA NA NA NA NA 
1734040800.0 29234.0 176 598 654 0 234 NA NA NA NA 284 827 834 0 323 NA NA NA NA 2981 1480 1958 401 511 NA NA NA NA 1276 914 1557 431 568 NA NA NA NA 
1734040800.0 29634.0 NA 581 622 0 210 NA NA NA NA NA 833 829 0 336 NA NA NA NA NA 1617 2125 480 559 NA NA NA NA NA 888 1537 535 610 NA NA NA NA 
1734040800.0 29634.21 NA 571 336 253 NA NA NA NA NA NA 798 501 378 NA NA NA NA NA NA 1534 722 683 NA NA NA NA NA NA 776 595 623 NA NA NA NA NA 
1734040800.0 29634.402 NA 665 286 0 NA NA NA NA NA NA 1072 754 0 NA NA NA NA NA NA 1534 667 194 NA NA NA NA NA NA 796 538 271 NA NA NA NA NA 
1734040800.0 29634.5 NA 649 206 0 NA NA NA NA NA NA 822 307 0 NA NA NA NA NA NA 1518 545 162 NA NA NA NA NA NA 815 559 214 NA NA NA NA NA 
1734040800.0 29634.702 NA 618 587 0 208 NA NA NA NA NA 860 834 0 333 NA NA NA NA NA 1511 2095 479 558 NA NA NA NA NA 798 1498 537 621 NA NA NA NA 
1734040800.0 29634.75 NA 612 NA NA NA NA NA NA NA NA 836 NA NA NA NA NA NA NA NA 1523 NA NA NA NA NA NA NA NA 887 NA NA NA NA NA NA NA 
1734040800.0 29634.9 NA 584 632 0 212 NA NA NA NA NA 820 837 0 331 NA NA NA NA NA 1626 2122 480 557 NA NA NA NA NA 903 1528 553 621 NA NA NA NA 
1734040800.0 29634.911 171 607 628 0 234 NA NA NA NA 272 821 846 0 338 NA NA NA NA 7623 4668 5091 1468 573 NA NA NA NA 3934 2852 3137 1517 571 NA NA NA NA 
1734040800.0 29661.0 NA 536 505 0 208 NA NA NA NA NA 763 732 0 320 NA NA NA NA NA 1354 1638 413 563 NA NA NA NA NA 847 1450 460 596 NA NA NA NA 
1734040800.0 29696.0 NA 568 563 0 221 NA NA NA NA NA 787 769 0 330 NA NA NA NA NA 1312 1646 376 482 NA NA NA NA NA 837 1475 389 615 NA NA NA NA 
1734040800.0 29700.0 NA 539 527 0 206 NA NA NA NA NA 763 726 0 320 NA NA NA NA NA 1368 1641 414 552 NA NA NA NA NA 837 1462 468 598 NA NA NA NA 
1734040800.0 29751.85 NA 795 1173 0 237 NA NA NA NA NA 1300 1912 0 364 NA NA NA NA NA 7503 277941 512 605 NA NA NA NA NA 3581 75812 545 614 NA NA NA NA 
1734040800.0 29834.114 NA 1488 2003 0 NA NA NA NA NA NA 2241 3068 0 NA NA NA NA NA NA 9736 16046 518 NA NA NA NA NA NA 3269 5334 550 NA NA NA NA NA 
1734040800.0 29834.21 NA 1271 789 308 NA NA NA NA NA NA 1889 1187 438 NA NA NA NA NA NA 10729 6883 1366 NA NA NA NA NA NA 3487 2227 725 NA NA NA NA NA 
1734040800.0 29834.99 NA 1091 1424 1347 0 NA NA NA NA NA 1636 2046 2066 0 NA NA NA NA NA 6027 4840 13337 518 NA NA NA NA NA 2345 1776 4453 558 NA NA NA NA 
1734040800.0 29834.9921 NA 978 1194 745 299 NA NA NA NA NA 1450 1912 1123 405 NA NA NA NA NA 5383 4054 6292 1320 NA NA NA NA NA 2162 1513 1962 714 NA NA NA NA 
1734040800.0 29834.999 NA 533 881 792 0 NA NA NA NA NA 906 1252 1037 0 NA NA NA NA NA 2292 2388 3898 482 NA NA NA NA NA 1266 1074 1989 511 NA NA NA NA 
1734040800.0 29861.97 1092 NA NA NA NA NA NA NA NA 1646 NA NA NA NA NA NA NA NA 5333 NA NA NA NA NA NA NA NA 2159 NA NA NA NA NA NA NA NA 
1734040800.0 3.0 98 169 306 NA NA NA NA NA NA 271 253 434 NA NA NA NA NA NA 2207 224 924 NA NA NA NA NA NA 1040 218 746 NA NA NA NA NA NA 
1734040800.0 30.0 NA 200 399 0 NA NA NA NA NA NA 314 572 0 NA NA NA NA NA NA 973 2048 379 NA NA NA NA NA NA 399 1291 414 NA NA NA NA NA 
1734040800.0 300.0 130 244 476 0 NA NA NA NA NA 255 402 720 0 NA NA NA NA NA 795 270 1134 370 NA NA NA NA NA 669 383 1205 404 NA NA NA NA NA 
1734040800.0 30034.0 177 592 631 0 237 NA NA NA NA 276 821 855 0 343 NA NA NA NA 2982 1457 1932 398 507 NA NA NA NA 1289 921 1569 428 552 NA NA NA NA 
1734040800.0 301.0 134 267 489 0 NA NA NA NA NA 263 405 744 0 NA NA NA NA NA 1236 270 1148 379 NA NA NA NA NA 808 650 1186 413 NA NA NA NA NA 
1734040800.0 302.0 116 281 504 0 NA NA NA NA NA 260 401 764 0 NA NA NA NA NA 772 259 1065 356 NA NA NA NA NA 621 704 1164 387 NA NA NA NA NA 
1734040800.0 30434.0 175 598 648 0 235 NA NA NA NA 279 811 850 0 326 NA NA NA NA 3181 1472 1899 399 508 NA NA NA NA 1506 896 1513 437 575 NA NA NA NA 
1734040800.0 30834.0 177 612 604 0 234 NA NA NA NA 281 787 846 0 333 NA NA NA NA 2987 1438 1956 388 492 NA NA NA NA 1310 877 1611 420 564 NA NA NA NA 
1734040800.0 31.0 NA 198 397 0 NA NA NA NA NA NA 314 586 0 NA NA NA NA NA NA 955 1866 341 NA NA NA NA NA NA 387 1576 365 NA NA NA NA NA 
1734040800.0 310.0 135 252 491 0 NA NA NA NA NA 269 389 722 0 NA NA NA NA NA 1079 234 1025 353 NA NA NA NA NA 809 282 1065 484 NA NA NA NA NA 
1734040800.0 311.0 137 248 493 0 NA NA NA NA NA 280 397 727 0 NA NA NA NA NA 1486 245 1019 369 NA NA NA NA NA 948 361 1162 440 NA NA NA NA NA 
1734040800.0 312.0 136 248 492 0 NA NA NA NA NA 265 393 721 0 NA NA NA NA NA 1025 233 1034 351 NA NA NA NA NA 815 283 1182 430 NA NA NA NA NA 
1734040800.0 31234.0 166 593 636 0 224 NA NA NA NA 273 821 856 0 337 NA NA NA NA 3314 1460 1957 396 492 NA NA NA NA 1424 871 1575 428 567 NA NA NA NA 
1734040800.0 32.0 NA 200 400 0 NA NA NA NA NA NA 309 568 0 NA NA NA NA NA NA 1022 2141 341 NA NA NA NA NA NA 454 1433 365 NA NA NA NA NA 
1734040800.0 320.0 148 261 499 0 NA NA NA NA NA 293 404 767 0 NA NA NA NA NA 1244 318 1036 353 NA NA NA NA NA 1024 347 1136 411 NA NA NA NA NA 
1734040800.0 32034.0 171 610 626 0 235 NA NA NA NA 280 816 853 0 336 NA NA NA NA 4775 1630 2064 469 586 NA NA NA NA 2231 907 1620 504 557 NA NA NA NA 
1734040800.0 321.0 146 281 502 0 NA NA NA NA NA 291 419 781 0 NA NA NA NA NA 1595 337 1018 383 NA NA NA NA NA 1002 401 1055 416 NA NA NA NA NA 
1734040800.0 322.0 144 283 501 0 NA NA NA NA NA 292 416 756 0 NA NA NA NA NA 1196 320 1035 357 NA NA NA NA NA 905 347 1092 435 NA NA NA NA NA 
1734040800.0 33.0 NA 204 395 0 NA NA NA NA NA NA 309 572 0 NA NA NA NA NA NA 963 1763 364 NA NA NA NA NA NA 448 1299 402 NA NA NA NA NA 
1734040800.0 330.0 160 452 668 0 NA NA NA NA NA 314 758 925 0 NA NA NA NA NA 1393 631 1818 431 NA NA NA NA NA 1177 525 1448 448 NA NA NA NA NA 
1734040800.0 331.0 155 441 627 0 NA NA NA NA NA 308 730 910 0 NA NA NA NA NA 1854 786 2070 464 NA NA NA NA NA 1074 631 1499 502 NA NA NA NA NA 
1734040800.0 332.0 161 469 677 0 NA NA NA NA NA 312 825 919 0 NA NA NA NA NA 1444 741 1978 429 NA NA NA NA NA 1140 597 1485 602 NA NA NA NA NA 
1734040800.0 34.0 152 167 368 0 NA NA NA NA NA 271 247 531 0 NA NA NA NA NA 1187 272 1295 320 NA NA NA NA NA 648 265 1296 354 NA NA NA NA NA 
1734040800.0 35.0 NA 206 403 0 NA NA NA NA NA NA 317 581 0 NA NA NA NA NA NA 1029 2213 359 NA NA NA NA NA NA 461 1435 384 NA NA NA NA NA 
1734040800.0 36.0 NA 207 419 0 NA NA NA NA NA NA 317 613 0 NA NA NA NA NA NA 1074 6753 371 NA NA NA NA NA NA 457 2516 401 NA NA NA NA NA 
1734040800.0 37.0 NA 199 376 0 NA NA NA NA NA NA 319 597 0 NA NA NA NA NA NA 1070 2952 360 NA NA NA NA NA NA 499 1501 397 NA NA NA NA NA 
1734040800.0 38.0 NA 198 433 0 NA NA NA NA NA NA 324 590 0 NA NA NA NA NA NA 1044 2670 351 NA NA NA NA NA NA 429 1493 389 NA NA NA NA NA 
1734040800.0 39.0 NA 209 459 0 NA NA NA NA NA NA 326 622 0 NA NA NA NA NA NA 1195 4529 355 NA NA NA NA NA NA 510 1914 369 NA NA NA NA NA 
1734040800.0 4.17 NA 85 412 0 249 NA NA NA NA NA 171 536 0 372 NA NA NA NA NA 118 1992 255 754 NA NA NA NA NA 118 1391 272 750 NA NA NA NA 
1734040800.0 4.22 NA 185 117 114 0 NA NA NA NA NA 346 195 224 0 NA NA NA NA NA 674 204 206 182 NA NA NA NA NA 563 284 304 213 NA NA NA NA 
1734040800.0 4.23 NA 111 385 0 NA NA NA NA NA NA 223 543 0 NA NA NA NA NA NA 199 2086 358 NA NA NA NA NA NA 238 1481 393 NA NA NA NA NA 
1734040800.0 4.24 NA 115 364 0 NA NA NA NA NA NA 199 549 0 NA NA NA NA NA NA 183 2270 286 NA NA NA NA NA NA 198 1601 319 NA NA NA NA NA 
1734040800.0 4.25 NA 103 381 0 NA NA NA NA NA NA 204 545 0 NA NA NA NA NA NA 196 2132 280 NA NA NA NA NA NA 252 1462 308 NA NA NA NA NA 
1734040800.0 4.26 NA 106 375 0 NA NA NA NA NA NA 201 545 0 NA NA NA NA NA NA 184 2686 308 NA NA NA NA NA NA 184 1725 338 NA NA NA NA NA 
1734040800.0 4.27 NA 119 401 0 NA NA NA NA NA NA 208 563 0 NA NA NA NA NA NA 194 2545 365 NA NA NA NA NA NA 198 1600 405 NA NA NA NA NA 
1734040800.0 4.28 NA 111 357 0 NA NA NA NA NA NA 214 544 0 NA NA NA NA NA NA 187 2448 1321 NA NA NA NA NA NA 263 1987 1354 NA NA NA NA NA 
1734040800.0 4.29 NA 89 426 0 251 NA NA NA NA NA 178 546 0 365 NA NA NA NA NA 145 2229 253 757 NA NA NA NA NA 167 1599 268 739 NA NA NA NA 
1734040800.0 4.34 NA 123 377 0 NA NA NA NA NA NA 223 577 0 NA NA NA NA NA NA 210 2384 330 NA NA NA NA NA NA 259 1558 371 NA NA NA NA NA 
1734040800.0 4.36 NA 107 370 0 NA NA NA NA NA NA 207 546 0 NA NA NA NA NA NA 193 2593 266 NA NA NA NA NA NA 207 1665 288 NA NA NA NA NA 
1734040800.0 4.37 NA 116 422 0 NA NA NA NA NA NA 204 572 0 NA NA NA NA NA NA 192 2874 281 NA NA NA NA NA NA 265 1802 321 NA NA NA NA NA 
1734040800.0 4.4 NA 85 444 0 NA NA NA NA NA NA 177 743 0 NA NA NA NA NA NA 124 2596 276 NA NA NA NA NA NA 144 1605 311 NA NA NA NA NA 
1734040800.0 4.41 NA 79 464 0 NA NA NA NA NA NA 177 761 0 NA NA NA NA NA NA 132 3416 273 NA NA NA NA NA NA 124 1810 309 NA NA NA NA NA 
1734040800.0 4.42 NA 84 504 0 NA NA NA NA NA NA 178 777 0 NA NA NA NA NA NA 131 3885 255 NA NA NA NA NA NA 134 1839 279 NA NA NA NA NA 
1734040800.0 4.43 NA 80 452 0 NA NA NA NA NA NA 188 725 0 NA NA NA NA NA NA 121 2555 262 NA NA NA NA NA NA 155 1561 286 NA NA NA NA NA 
1734040800.0 4.44 NA 78 462 0 NA NA NA NA NA NA 180 741 0 NA NA NA NA NA NA 135 3156 269 NA NA NA NA NA NA 164 1776 305 NA NA NA NA NA 
1734040800.0 4.45 NA 84 515 0 NA NA NA NA NA NA 178 773 0 NA NA NA NA NA NA 142 4248 244 NA NA NA NA NA NA 150 1918 257 NA NA NA NA NA 
1734040800.0 4.51 NA 76 473 0 NA NA NA NA NA NA 179 766 0 NA NA NA NA NA NA 134 3434 264 NA NA NA NA NA NA 176 1818 310 NA NA NA NA NA 
1734040800.0 4.52 NA 83 447 0 NA NA NA NA NA NA 175 759 0 NA NA NA NA NA NA 139 4162 248 NA NA NA NA NA NA 164 1907 271 NA NA NA NA NA 
1734040800.0 4.53 NA 85 536 0 NA NA NA NA NA NA 178 757 0 NA NA NA NA NA NA 134 4006 252 NA NA NA NA NA NA 174 1887 268 NA NA NA NA NA 
1734040800.0 4.54 NA 84 502 0 NA NA NA NA NA NA 181 753 0 NA NA NA NA NA NA 158 3999 255 NA NA NA NA NA NA 203 1862 278 NA NA NA NA NA 
1734040800.0 4.55 NA 85 489 0 NA NA NA NA NA NA 184 761 0 NA NA NA NA NA NA 134 5179 248 NA NA NA NA NA NA 157 2249 267 NA NA NA NA NA 
1734040800.0 4.57 NA 116 597 0 NA NA NA NA NA NA 212 767 0 NA NA NA NA NA NA 200 4534 261 NA NA NA NA NA NA 203 2093 294 NA NA NA NA NA 
1734040800.0 4.58 NA 79 446 0 NA NA NA NA NA NA 174 736 0 NA NA NA NA NA NA 141 3113 274 NA NA NA NA NA NA 139 1735 301 NA NA NA NA NA 
1734040800.0 4.6 NA 359 0 NA NA NA NA NA NA NA 545 0 NA NA NA NA NA NA NA 2203 382 NA NA NA NA NA NA NA 1757 422 NA NA NA NA NA NA 
1734040800.0 4.61 NA 85 476 0 NA NA NA NA NA NA 177 771 0 NA NA NA NA NA NA 132 4033 255 NA NA NA NA NA NA 157 1989 281 NA NA NA NA NA 
1734040800.0 4.62 NA 83 548 0 NA NA NA NA NA NA 183 747 0 NA NA NA NA NA NA 152 3865 255 NA NA NA NA NA NA 223 1829 270 NA NA NA NA NA 
1734040800.0 4.63 NA 83 539 0 NA NA NA NA NA NA 181 765 0 NA NA NA NA NA NA 130 4371 275 NA NA NA NA NA NA 162 1933 289 NA NA NA NA NA 
1734040800.0 4.64 NA 84 449 0 NA NA NA NA NA NA 181 782 0 NA NA NA NA NA NA 145 4150 256 NA NA NA NA NA NA 197 1883 303 NA NA NA NA NA 
1734040800.0 4.65 NA 84 516 0 NA NA NA NA NA NA 180 793 0 NA NA NA NA NA NA 148 6341 253 NA NA NA NA NA NA 156 2582 274 NA NA NA NA NA 
1734040800.0 4.67 NA 115 550 0 NA NA NA NA NA NA 210 795 0 NA NA NA NA NA NA 187 4923 257 NA NA NA NA NA NA 187 2208 270 NA NA NA NA NA 
1734040800.0 4.68 NA 84 475 0 NA NA NA NA NA NA 181 769 0 NA NA NA NA NA NA 156 3745 256 NA NA NA NA NA NA 171 1821 273 NA NA NA NA NA 
1734040800.0 4.71 NA 84 482 0 NA NA NA NA NA NA 183 752 0 NA NA NA NA NA NA 139 3017 249 NA NA NA NA NA NA 162 1597 265 NA NA NA NA NA 
1734040800.0 4.72 NA 79 468 0 NA NA NA NA NA NA 175 758 0 NA NA NA NA NA NA 138 3745 259 NA NA NA NA NA NA 161 1897 281 NA NA NA NA NA 
1734040800.0 4.73 NA 85 567 0 NA NA NA NA NA NA 181 748 0 NA NA NA NA NA NA 140 4191 261 NA NA NA NA NA NA 287 1904 277 NA NA NA NA NA 
1734040800.0 4.74 NA 86 467 0 NA NA NA NA NA NA 177 741 0 NA NA NA NA NA NA 128 3710 259 NA NA NA NA NA NA 123 1882 287 NA NA NA NA NA 
1734040800.0 4.75 NA 85 540 0 NA NA NA NA NA NA 181 753 0 NA NA NA NA NA NA 133 4675 256 NA NA NA NA NA NA 158 2213 277 NA NA NA NA NA 
1734040800.0 4.76 NA 116 544 0 NA NA NA NA NA NA 211 763 0 NA NA NA NA NA NA 193 4654 263 NA NA NA NA NA NA 195 2057 288 NA NA NA NA NA 
1734040800.0 4.77 NA 114 470 0 NA NA NA NA NA NA 212 774 0 NA NA NA NA NA NA 181 4641 264 NA NA NA NA NA NA 214 2079 279 NA NA NA NA NA 
1734040800.0 4.78 NA 86 544 0 NA NA NA NA NA NA 181 793 0 NA NA NA NA NA NA 148 4191 245 NA NA NA NA NA NA 209 1909 259 NA NA NA NA NA 
1734040800.0 4000.0 NA 204 413 NA NA NA NA NA NA NA 311 593 NA NA NA NA NA NA NA 1169 3142 NA NA NA NA NA NA NA 548 1679 NA NA NA NA NA NA 
1734040800.0 4001.0 NA 229 442 NA NA NA NA NA NA NA 401 659 NA NA NA NA NA NA NA 446 1719 NA NA NA NA NA NA NA 400 1478 NA NA NA NA NA NA 
1734040800.0 4002.0 NA 199 394 NA NA NA NA NA NA NA 308 574 NA NA NA NA NA NA NA 954 1904 NA NA NA NA NA NA NA 384 1377 NA NA NA NA NA NA 
1734040800.0 4003.0 NA 200 398 NA NA NA NA NA NA NA 310 576 NA NA NA NA NA NA NA 982 2104 NA NA NA NA NA NA NA 434 1314 NA NA NA NA NA NA 
1734040800.0 4006.0 116 234 452 NA NA NA NA NA NA 228 380 656 NA NA NA NA NA NA 484 463 1578 NA NA NA NA NA NA 538 419 1402 NA NA NA NA NA NA 
1734040800.0 4007.0 113 0 0 NA NA NA NA NA NA 204 0 0 NA NA NA NA NA NA 401 96 1092 NA NA NA NA NA NA 433 195 1335 NA NA NA NA NA NA 
1734040800.0 4008.0 117 171 380 NA NA NA NA NA NA 228 296 570 NA NA NA NA NA NA 472 206 1132 NA NA NA NA NA NA 429 360 1252 NA NA NA NA NA NA 
1734040800.0 43.0 NA 201 404 0 NA NA NA NA NA NA 309 581 0 NA NA NA NA NA NA 1037 2562 400 NA NA NA NA NA NA 494 1500 427 NA NA NA NA NA 
1734040800.0 44.0 NA 196 398 0 NA NA NA NA NA NA 313 580 0 NA NA NA NA NA NA 957 2223 350 NA NA NA NA NA NA 393 1311 404 NA NA NA NA NA 
1734040800.0 45.0 NA 201 402 0 NA NA NA NA NA NA 313 576 0 NA NA NA NA NA NA 971 2290 340 NA NA NA NA NA NA 404 1378 359 NA NA NA NA NA 
1734040800.0 5.1 398 0 NA NA NA NA NA NA NA 524 0 NA NA NA NA NA NA NA 764 217 NA NA NA NA NA NA NA 683 258 NA NA NA NA NA NA NA 
1734040800.0 5.2 317 0 NA NA NA NA NA NA NA 424 0 NA NA NA NA NA NA NA 638 189 NA NA NA NA NA NA NA 616 231 NA NA NA NA NA NA NA 
1734040800.0 5.3 317 0 NA NA NA NA NA NA NA 430 0 NA NA NA NA NA NA NA 628 189 NA NA NA NA NA NA NA 615 217 NA NA NA NA NA NA NA 
1734040800.0 5.4 391 0 NA NA NA NA NA NA NA 524 0 NA NA NA NA NA NA NA 701 205 NA NA NA NA NA NA NA 681 237 NA NA NA NA NA NA NA 
1734040800.0 5.5 385 0 NA NA NA NA NA NA NA 525 0 NA NA NA NA NA NA NA 675 207 NA NA NA NA NA NA NA 648 244 NA NA NA NA NA NA NA 
1734040800.0 5.6 395 0 NA NA NA NA NA NA NA 525 0 NA NA NA NA NA NA NA 732 206 NA NA NA NA NA NA NA 678 240 NA NA NA NA NA NA NA 
1734040800.0 5.7 388 0 NA NA NA NA NA NA NA 503 0 NA NA NA NA NA NA NA 712 211 NA NA NA NA NA NA NA 648 243 NA NA NA NA NA NA NA 
1734040800.0 500199.0 273 NA NA NA NA NA NA NA NA 473 NA NA NA NA NA NA NA NA 987 NA NA NA NA NA NA NA NA 740 NA NA NA NA NA NA NA NA 
1734040800.0 500200.0 NA 279 444 0 NA NA NA NA NA NA 476 620 0 NA NA NA NA NA NA 2168 1722 343 NA NA NA NA NA NA 918 1254 394 NA NA NA NA NA 
1734040800.0 500200.1 157 272 331 NA NA NA NA NA NA 271 411 482 NA NA NA NA NA NA 1152 407 1365 NA NA NA NA NA NA 617 486 1225 NA NA NA NA NA NA 
1734040800.0 500202.0 NA 377 445 0 NA NA NA NA NA NA 510 614 0 NA NA NA NA NA NA 2294 1880 356 NA NA NA NA NA NA 845 1466 374 NA NA NA NA NA 
1734040800.0 500203.0 NA 373 442 0 NA NA NA NA NA NA 492 623 0 NA NA NA NA NA NA 2270 1682 339 NA NA NA NA NA NA 1027 1241 407 NA NA NA NA NA 
1734040800.0 500204.0 NA 277 439 0 NA NA NA NA NA NA 488 608 0 NA NA NA NA NA NA 2224 1740 346 NA NA NA NA NA NA 1024 1421 359 NA NA NA NA NA 
1734040800.0 500205.0 NA 278 433 0 NA NA NA NA NA NA 484 601 0 NA NA NA NA NA NA 2183 1579 334 NA NA NA NA NA NA 846 1284 369 NA NA NA NA NA 
1734040800.0 500206.0 NA 277 449 0 NA NA NA NA NA NA 481 647 0 NA NA NA NA NA NA 2224 1847 350 NA NA NA NA NA NA 837 1411 368 NA NA NA NA NA 
1734040800.0 500207.0 NA 271 429 0 NA NA NA NA NA NA 470 583 0 NA NA NA NA NA NA 2006 1609 330 NA NA NA NA NA NA 865 1262 350 NA NA NA NA NA 
1734040800.0 50200.0 NA 304 521 0 NA NA NA NA NA NA 470 753 0 NA NA NA NA NA NA 760 1820 339 NA NA NA NA NA NA 477 1499 373 NA NA NA NA NA 
1734040800.0 50202.0 NA 308 558 0 NA NA NA NA NA NA 494 780 0 NA NA NA NA NA NA 794 2006 356 NA NA NA NA NA NA 489 1472 391 NA NA NA NA NA 
1734040800.0 50203.0 NA 306 544 0 NA NA NA NA NA NA 483 766 0 NA NA NA NA NA NA 776 1789 343 NA NA NA NA NA NA 532 1286 364 NA NA NA NA NA 
1734040800.0 50204.0 NA 319 590 0 NA NA NA NA NA NA 494 807 0 NA NA NA NA NA NA 772 1854 346 NA NA NA NA NA NA 529 1314 456 NA NA NA NA NA 
1734040800.0 50205.0 NA 290 517 0 NA NA NA NA NA NA 489 771 0 NA NA NA NA NA NA 780 1830 331 NA NA NA NA NA NA 596 1464 362 NA NA NA NA NA 
1734040800.0 50206.0 NA 320 515 0 NA NA NA NA NA NA 483 811 0 NA NA NA NA NA NA 784 1887 338 NA NA NA NA NA NA 503 1428 356 NA NA NA NA NA 
1734040800.0 50207.0 NA 301 561 0 NA NA NA NA NA NA 465 815 0 NA NA NA NA NA NA 750 1674 318 NA NA NA NA NA NA 465 1257 331 NA NA NA NA NA 
1734040800.0 50208.0 NA 319 562 0 NA NA NA NA NA NA 488 813 0 NA NA NA NA NA NA 809 2414 355 NA NA NA NA NA NA 480 1430 418 NA NA NA NA NA 
1734040800.0 503.0 80 0 NA NA NA NA NA NA NA 139 0 NA NA NA NA NA NA NA 1671 129 NA NA NA NA NA NA NA 939 159 NA NA NA NA NA NA NA 
1734040800.0 504.0 85 0 NA NA NA NA NA NA NA 150 0 NA NA NA NA NA NA NA 203 130 NA NA NA NA NA NA NA 215 154 NA NA NA NA NA NA NA 
1734040800.0 505.0 86 0 NA NA NA NA NA NA NA 150 0 NA NA NA NA NA NA NA 191 130 NA NA NA NA NA NA NA 193 154 NA NA NA NA NA NA NA 
1734040800.0 506.0 86 0 NA NA NA NA NA NA NA 150 0 NA NA NA NA NA NA NA 192 130 NA NA NA NA NA NA NA 200 156 NA NA NA NA NA NA NA 
1734040800.0 507.0 79 0 NA NA NA NA NA NA NA 141 0 NA NA NA NA NA NA NA 862 126 NA NA NA NA NA NA NA 537 157 NA NA NA NA NA NA NA 
1734040800.0 508.0 77 0 NA NA NA NA NA NA NA 143 0 NA NA NA NA NA NA NA 214 132 NA NA NA NA NA NA NA 248 161 NA NA NA NA NA NA NA 
1734040800.0 509.0 79 0 NA NA NA NA NA NA NA 137 0 NA NA NA NA NA NA NA 194 130 NA NA NA NA NA NA NA 212 156 NA NA NA NA NA NA NA 
1734040800.0 510.0 86 0 NA NA NA NA NA NA NA 150 0 NA NA NA NA NA NA NA 1693 129 NA NA NA NA NA NA NA 975 158 NA NA NA NA NA NA NA 
1734040800.0 511.0 86 0 NA NA NA NA NA NA NA 152 0 NA NA NA NA NA NA NA 5378 132 NA NA NA NA NA NA NA 5473 155 NA NA NA NA NA NA NA 
1734040800.0 512.0 0 NA NA NA NA NA NA NA NA 0 NA NA NA NA NA NA NA NA 107 NA NA NA NA NA NA NA NA 86 NA NA NA NA NA NA NA NA 
1734040800.0 513.0 0 NA NA NA NA NA NA NA NA 0 NA NA NA NA NA NA NA NA 107 NA NA NA NA NA NA NA NA 87 NA NA NA NA NA NA NA NA 
1734040800.0 514.0 0 NA NA NA NA NA NA NA NA 0 NA NA NA NA NA NA NA NA 120 NA NA NA NA NA NA NA NA 95 NA NA NA NA NA NA NA NA 
1734040800.0 515.0 0 NA NA NA NA NA NA NA NA 0 NA NA NA NA NA NA NA NA 107 NA NA NA NA NA NA NA NA 82 NA NA NA NA NA NA NA NA 
1734040800.0 516.0 0 NA NA NA NA NA NA NA NA 0 NA NA NA NA NA NA NA NA 104 NA NA NA NA NA NA NA NA 79 NA NA NA NA NA NA NA NA 
1734040800.0 517.0 0 NA NA NA NA NA NA NA NA 0 NA NA NA NA NA NA NA NA 133 NA NA NA NA NA NA NA NA 90 NA NA NA NA NA NA NA NA 
1734040800.0 518.0 0 NA NA NA NA NA NA NA NA 0 NA NA NA NA NA NA NA NA 106 NA NA NA NA NA NA NA NA 85 NA NA NA NA NA NA NA NA 
1734040800.0 519.0 0 NA NA NA NA NA NA NA NA 0 NA NA NA NA NA NA NA NA 105 NA NA NA NA NA NA NA NA 86 NA NA NA NA NA NA NA NA 
1734040800.0 520.0 0 NA NA NA NA NA NA NA NA 0 NA NA NA NA NA NA NA NA 133 NA NA NA NA NA NA NA NA 93 NA NA NA NA NA NA NA NA 
1734040800.0 521.0 0 NA NA NA NA NA NA NA NA 0 NA NA NA NA NA NA NA NA 107 NA NA NA NA NA NA NA NA 85 NA NA NA NA NA NA NA NA 
1734040800.0 522.0 0 NA NA NA NA NA NA NA NA 0 NA NA NA NA NA NA NA NA 106 NA NA NA NA NA NA NA NA 81 NA NA NA NA NA NA NA NA 
1734040800.0 523.0 0 NA NA NA NA NA NA NA NA 0 NA NA NA NA NA NA NA NA 532 NA NA NA NA NA NA NA NA 194 NA NA NA NA NA NA NA NA 
1734040800.0 524.0 0 NA NA NA NA NA NA NA NA 0 NA NA NA NA NA NA NA NA 133 NA NA NA NA NA NA NA NA 91 NA NA NA NA NA NA NA NA 
1734040800.0 525.0 0 NA NA NA NA NA NA NA NA 0 NA NA NA NA NA NA NA NA 107 NA NA NA NA NA NA NA NA 81 NA NA NA NA NA NA NA NA 
1734040800.0 526.0 0 NA NA NA NA NA NA NA NA 0 NA NA NA NA NA NA NA NA 107 NA NA NA NA NA NA NA NA 80 NA NA NA NA NA NA NA NA 
1734040800.0 527.0 0 NA NA NA NA NA NA NA NA 0 NA NA NA NA NA NA NA NA 138 NA NA NA NA NA NA NA NA 98 NA NA NA NA NA NA NA NA 
1734040800.0 528.0 0 NA NA NA NA NA NA NA NA 0 NA NA NA NA NA NA NA NA 111 NA NA NA NA NA NA NA NA 88 NA NA NA NA NA NA NA NA 
1734040800.0 529.0 0 NA NA NA NA NA NA NA NA 0 NA NA NA NA NA NA NA NA 106 NA NA NA NA NA NA NA NA 81 NA NA NA NA NA NA NA NA 
1734040800.0 530.0 0 NA NA NA NA NA NA NA NA 0 NA NA NA NA NA NA NA NA 135 NA NA NA NA NA NA NA NA 87 NA NA NA NA NA NA NA NA 
1734040800.0 531.0 105 0 NA NA NA NA NA NA NA 250 0 NA NA NA NA NA NA NA 160 136 NA NA NA NA NA NA NA 191 167 NA NA NA NA NA NA NA 
1734040800.0 534.0 0 NA NA NA NA NA NA NA NA 0 NA NA NA NA NA NA NA NA 194 NA NA NA NA NA NA NA NA 247 NA NA NA NA NA NA NA NA 
1734040800.0 535.0 0 NA NA NA NA NA NA NA NA 0 NA NA NA NA NA NA NA NA 238 NA NA NA NA NA NA NA NA 226 NA NA NA NA NA NA NA NA 
1734040800.0 536.0 0 NA NA NA NA NA NA NA NA 0 NA NA NA NA NA NA NA NA 187 NA NA NA NA NA NA NA NA 225 NA NA NA NA NA NA NA NA 
1734040800.0 537.0 0 NA NA NA NA NA NA NA NA 0 NA NA NA NA NA NA NA NA 1188 NA NA NA NA NA NA NA NA 479 NA NA NA NA NA NA NA NA 
1734040800.0 538.0 0 NA NA NA NA NA NA NA NA 0 NA NA NA NA NA NA NA NA 237 NA NA NA NA NA NA NA NA 252 NA NA NA NA NA NA NA NA 
1734040800.0 539.0 91 0 NA NA NA NA NA NA NA 157 0 NA NA NA NA NA NA NA 16251 133 NA NA NA NA NA NA NA 16373 160 NA NA NA NA NA NA NA 
1734040800.0 541.0 81 0 NA NA NA NA NA NA NA 139 0 NA NA NA NA NA NA NA 175 138 NA NA NA NA NA NA NA 210 171 NA NA NA NA NA NA NA 
1734040800.0 545.0 80 0 NA NA NA NA NA NA NA 141 0 NA NA NA NA NA NA NA 187 134 NA NA NA NA NA NA NA 219 166 NA NA NA NA NA NA NA 
1734040800.0 551.0 0 NA NA NA NA NA NA NA NA 0 NA NA NA NA NA NA NA NA 538 NA NA NA NA NA NA NA NA 195 NA NA NA NA NA NA NA NA 
1734040800.0 552.0 0 NA NA NA NA NA NA NA NA 0 NA NA NA NA NA NA NA NA 134 NA NA NA NA NA NA NA NA 93 NA NA NA NA NA NA NA NA 
1734040800.0 554.0 0 NA NA NA NA NA NA NA NA 0 NA NA NA NA NA NA NA NA 125 NA NA NA NA NA NA NA NA 93 NA NA NA NA NA NA NA NA 
1734040800.0 555.0 0 NA NA NA NA NA NA NA NA 0 NA NA NA NA NA NA NA NA 1120 NA NA NA NA NA NA NA NA 339 NA NA NA NA NA NA NA NA 
1734040800.0 556.0 0 NA NA NA NA NA NA NA NA 0 NA NA NA NA NA NA NA NA 119 NA NA NA NA NA NA NA NA 89 NA NA NA NA NA NA NA NA 
1734040800.0 560.0 86 0 NA NA NA NA NA NA NA 150 0 NA NA NA NA NA NA NA 194 141 NA NA NA NA NA NA NA 196 185 NA NA NA NA NA NA NA 
1734040800.0 561.0 86 0 NA NA NA NA NA NA NA 152 0 NA NA NA NA NA NA NA 192 138 NA NA NA NA NA NA NA 192 182 NA NA NA NA NA NA NA 
1734040800.0 562.0 0 NA NA NA NA NA NA NA NA 0 NA NA NA NA NA NA NA NA 436 NA NA NA NA NA NA NA NA 191 NA NA NA NA NA NA NA NA 
1734040800.0 570.0 74 0 NA NA NA NA NA NA NA 135 0 NA NA NA NA NA NA NA 276 131 NA NA NA NA NA NA NA 246 161 NA NA NA NA NA NA NA 
1734040800.0 571.0 75 0 NA NA NA NA NA NA NA 135 0 NA NA NA NA NA NA NA 285 134 NA NA NA NA NA NA NA 247 166 NA NA NA NA NA NA NA 
1734040800.0 572.0 74 0 NA NA NA NA NA NA NA 130 0 NA NA NA NA NA NA NA 251 131 NA NA NA NA NA NA NA 247 157 NA NA NA NA NA NA NA 
1734040800.0 573.0 0 NA NA NA NA NA NA NA NA 0 NA NA NA NA NA NA NA NA 227 NA NA NA NA NA NA NA NA 3478 NA NA NA NA NA NA NA NA 
1734040800.0 574.0 73 0 NA NA NA NA NA NA NA 134 0 NA NA NA NA NA NA NA 581 132 NA NA NA NA NA NA NA 378 159 NA NA NA NA NA NA NA 
1734040800.0 575.0 74 0 NA NA NA NA NA NA NA 134 0 NA NA NA NA NA NA NA 705 134 NA NA NA NA NA NA NA 496 166 NA NA NA NA NA NA NA 
1734040800.0 576.0 73 0 NA NA NA NA NA NA NA 133 0 NA NA NA NA NA NA NA 226 128 NA NA NA NA NA NA NA 243 152 NA NA NA NA NA NA NA 
1734040800.0 577.0 75 0 NA NA NA NA NA NA NA 132 0 NA NA NA NA NA NA NA 197 131 NA NA NA NA NA NA NA 208 161 NA NA NA NA NA NA NA 
1734040800.0 6.0 NA 172 348 0 NA NA NA NA NA NA 275 516 0 NA NA NA NA NA NA 842 1440 328 NA NA NA NA NA NA 408 1369 366 NA NA NA NA NA 
1734040800.0 7.0 111 150 152 107 0 NA NA NA NA 215 237 307 174 0 NA NA NA NA 426 169 356 179 175 NA NA NA NA 410 160 412 218 230 NA NA NA NA 
1734040800.0 7.1 109 145 189 107 0 NA NA NA NA 207 227 303 171 0 NA NA NA NA 712 151 346 185 167 NA NA NA NA 688 171 393 267 237 NA NA NA NA 
1734040800.0 7.2 111 239 288 114 0 NA NA NA NA 216 347 504 184 0 NA NA NA NA 433 569 445 174 214 NA NA NA NA 402 385 430 204 255 NA NA NA NA 
1734040800.0 7.21 114 260 296 114 0 NA NA NA NA 218 365 504 181 0 NA NA NA NA 431 803 443 179 217 NA NA NA NA 421 439 450 202 271 NA NA NA NA 
1734040800.0 7.22 110 188 249 114 0 NA NA NA NA 210 296 394 184 0 NA NA NA NA 426 168 408 184 180 NA NA NA NA 403 173 480 210 277 NA NA NA NA 
1734040800.0 7.23 123 192 283 113 0 NA NA NA NA 217 295 464 182 0 NA NA NA NA 798 184 437 169 225 NA NA NA NA 746 151 404 186 258 NA NA NA NA 
1734040800.0 7.24 118 194 268 109 0 NA NA NA NA 212 307 460 176 0 NA NA NA NA 778 183 436 164 223 NA NA NA NA 738 157 428 189 286 NA NA NA NA 
1734040800.0 7.3 111 225 280 114 0 NA NA NA NA 213 319 479 181 0 NA NA NA NA 726 372 428 197 211 NA NA NA NA 761 393 413 339 243 NA NA NA NA 
1734040800.0 7.4 111 239 290 114 0 NA NA NA NA 216 354 495 181 0 NA NA NA NA 429 579 434 191 217 NA NA NA NA 444 420 420 287 259 NA NA NA NA 
1734040800.0 7.5 130 261 191 NA NA NA NA NA NA 218 507 301 NA NA NA NA NA NA 907 503 394 NA NA NA NA NA NA 783 449 324 NA NA NA NA NA NA 
1734040800.0 8.0 NA 164 193 89 0 NA NA NA NA NA 272 304 153 0 NA NA NA NA NA 813 453 144 177 NA NA NA NA NA 419 439 190 223 NA NA NA NA 
1734040800.0 8.1 114 267 302 92 0 NA NA NA NA 214 382 505 158 0 NA NA NA NA 373 1006 452 144 211 NA NA NA NA 339 387 576 253 239 NA NA NA NA 
1734040800.0 8.2 124 222 293 93 0 NA NA NA NA 219 330 489 161 0 NA NA NA NA 736 262 449 138 215 NA NA NA NA 685 171 438 159 231 NA NA NA NA 
1734040800.0 9.0 NA 196 412 0 NA NA NA NA NA NA 320 595 0 NA NA NA NA NA NA 1042 2754 358 NA NA NA NA NA NA 413 1440 402 NA NA NA NA NA 
