Timestamp WorkflowId PeakValueRss1 PeakValueRss2 PeakValueRss3 PeakValueRss4 PeakValueRss5 PeakValueRss6 PeakValueRss7 PeakValueRss8 PeakValueRss9 PeakValueVsize1 PeakValueVsize2 PeakValueVsize3 PeakValueVsize4 PeakValueVsize5 PeakValueVsize6 PeakValueVsize7 PeakValueVsize8 PeakValueVsize9 TotalJobCPU1 TotalJobCPU2 TotalJobCPU3 TotalJobCPU4 TotalJobCPU5 TotalJobCPU6 TotalJobCPU7 TotalJobCPU8 TotalJobCPU9 TotalJobTime1 TotalJobTime2 TotalJobTime3 TotalJobTime4 TotalJobTime5 TotalJobTime6 TotalJobTime7 TotalJobTime8 TotalJobTime9 
1734019200.0 1.0 169 178 309 NA NA NA NA NA NA 279 257 437 NA NA NA NA NA NA 585 163 435 NA NA NA NA NA NA 499 160 559 NA NA NA NA NA NA 
1734019200.0 10.0 NA 217 423 0 NA NA NA NA NA NA 312 579 0 NA NA NA NA NA NA 680 1329 166 NA NA NA NA NA NA 297 833 178 NA NA NA NA NA 
1734019200.0 1000.0 NA 379 259 0 115 NA NA NA NA NA 544 331 0 179 NA NA NA NA NA 1077 342 123 115 NA NA NA NA NA 823 374 136 128 NA NA NA NA 
1734019200.0 10001.0 NA 311 520 0 156 184 NA NA NA NA 424 707 0 224 269 NA NA NA NA 552 707 175 149 250 NA NA NA NA 266 696 187 177 280 NA NA NA 
1734019200.0 10002.0 NA 311 517 0 157 185 NA NA NA NA 408 737 0 227 273 NA NA NA NA 553 717 177 152 254 NA NA NA NA 260 675 196 200 280 NA NA NA 
1734019200.0 10003.0 NA 312 521 0 157 185 NA NA NA NA 402 720 0 226 285 NA NA NA NA 549 726 178 150 249 NA NA NA NA 271 671 204 193 287 NA NA NA 
1734019200.0 10004.0 NA 312 504 0 156 184 NA NA NA NA 414 695 0 223 269 NA NA NA NA 548 714 174 149 249 NA NA NA NA 252 716 187 171 272 NA NA NA 
1734019200.0 10005.0 NA 310 518 0 156 181 NA NA NA NA 404 729 0 221 273 NA NA NA NA 551 695 177 151 249 NA NA NA NA 267 656 201 197 286 NA NA NA 
1734019200.0 10006.0 NA 308 512 0 156 121 NA NA NA NA 406 724 0 224 280 NA NA NA NA 555 708 174 149 256 NA NA NA NA 258 701 185 191 333 NA NA NA 
1734019200.0 10007.0 NA 306 514 0 185 184 NA NA NA NA 418 698 0 299 274 NA NA NA NA 559 711 176 156 253 NA NA NA NA 301 662 189 182 290 NA NA NA 
1734019200.0 10008.0 NA 315 518 0 186 184 NA NA NA NA 418 727 0 298 274 NA NA NA NA 553 712 182 154 254 NA NA NA NA 265 666 221 181 286 NA NA NA 
1734019200.0 10009.0 NA 315 518 0 186 184 NA NA NA NA 412 723 0 304 278 NA NA NA NA 563 738 178 153 256 NA NA NA NA 273 675 193 175 285 NA NA NA 
1734019200.0 1001.0 NA 331 194 0 0 0 0 0 0 NA 478 284 0 0 0 0 0 0 NA 936 182 42 30 43 84 54 81 NA 687 219 52 40 67 93 65 95 
1734019200.0 1001.2 NA 556 243 0 0 0 0 NA NA NA 774 371 0 0 0 0 NA NA NA 4483 348 51 63 55 59 NA NA NA 1851 268 69 94 67 68 NA NA 
1734019200.0 1001.3 NA 536 212 0 NA NA NA NA NA NA 796 332 0 NA NA NA NA NA NA 3690 219 117 NA NA NA NA NA NA 1554 226 158 NA NA NA NA NA 
1734019200.0 1001.4 NA 546 188 0 0 0 NA NA NA NA 758 297 0 0 0 NA NA NA NA 3841 160 54 56 55 NA NA NA NA 1619 191 74 76 64 NA NA NA 
1734019200.0 1002.0 NA 395 138 NA NA NA NA NA NA NA 549 181 NA NA NA NA NA NA NA 1148 92 NA NA NA NA NA NA NA 935 78 NA NA NA NA NA NA 
1734019200.0 1002.3 NA 524 232 0 NA NA NA NA NA NA 733 354 0 NA NA NA NA NA NA 2809 297 115 NA NA NA NA NA NA 1266 263 144 NA NA NA NA NA 
1734019200.0 1002.4 NA 541 0 NA NA NA NA NA NA NA 777 0 NA NA NA NA NA NA NA 4304 174 NA NA NA NA NA NA NA 1730 200 NA NA NA NA NA NA 
1734019200.0 10023.0 NA 314 512 0 155 180 NA NA NA NA 413 716 0 231 275 NA NA NA NA 553 688 178 151 250 NA NA NA NA 264 657 209 189 275 NA NA NA 
1734019200.0 10024.0 NA 325 536 0 189 184 NA NA NA NA 438 716 0 303 282 NA NA NA NA 573 817 194 156 258 NA NA NA NA 266 770 219 173 286 NA NA NA 
1734019200.0 10024.1 NA 323 314 0 NA NA NA NA NA NA 422 468 0 NA NA NA NA NA NA 573 338 187 NA NA NA NA NA NA 267 388 250 NA NA NA NA NA 
1734019200.0 10024.2 NA 325 527 0 NA NA NA NA NA NA 420 737 0 NA NA NA NA NA NA 578 775 179 NA NA NA NA NA NA 259 705 203 NA NA NA NA NA 
1734019200.0 10024.3 NA 321 287 0 NA NA NA NA NA NA 425 423 0 NA NA NA NA NA NA 571 316 156 NA NA NA NA NA NA 333 362 213 NA NA NA NA NA 
1734019200.0 10024.4 NA 325 523 0 NA NA NA NA NA NA 415 708 0 NA NA NA NA NA NA 560 767 177 NA NA NA NA NA NA 254 708 197 NA NA NA NA NA 
1734019200.0 10025.0 NA 315 513 0 157 183 NA NA NA NA 422 732 0 226 285 NA NA NA NA 689 741 187 153 251 NA NA NA NA 285 697 207 197 277 NA NA NA 
1734019200.0 10026.0 NA 325 543 0 153 186 NA NA NA NA 419 748 0 236 270 NA NA NA NA 568 920 195 162 261 NA NA NA NA 263 774 210 226 286 NA NA NA 
1734019200.0 1003.0 NA 400 0 NA NA NA NA NA NA NA 656 0 NA NA NA NA NA NA NA 1190 129 NA NA NA NA NA NA NA 827 163 NA NA NA NA NA NA 
1734019200.0 10042.0 NA 316 523 0 189 184 NA NA NA NA 431 740 0 308 276 NA NA NA NA 564 750 186 155 255 NA NA NA NA 293 678 198 189 286 NA NA NA 
1734019200.0 1005.0 NA 218 164 0 0 NA NA NA NA NA 382 265 0 0 NA NA NA NA NA 221 96 43 58 NA NA NA NA NA 242 128 70 105 NA NA NA NA 
1734019200.0 10059.0 NA 327 543 0 154 187 NA NA NA NA 419 741 0 229 286 NA NA NA NA 579 1087 198 162 264 NA NA NA NA 264 834 231 224 285 NA NA NA 
1734019200.0 10071.0 NA 320 532 0 160 184 NA NA NA NA 407 738 0 230 273 NA NA NA NA 566 803 193 152 254 NA NA NA NA 255 705 219 199 283 NA NA NA 
1734019200.0 101.0 182 NA NA NA NA NA NA NA NA 310 NA NA NA NA NA NA NA NA 320 NA NA NA NA NA NA NA NA 332 NA NA NA NA NA NA NA NA 
1734019200.0 1010.0 NA 92 109 0 NA NA NA NA NA NA 161 176 0 NA NA NA NA NA NA 70 81 66 NA NA NA NA NA NA 169 113 89 NA NA NA NA NA 
1734019200.0 102.0 181 NA NA NA NA NA NA NA NA 306 NA NA NA NA NA NA NA NA 298 NA NA NA NA NA NA NA NA 330 NA NA NA NA NA NA NA NA 
1734019200.0 1020.0 NA 98 86 0 95 NA NA NA NA NA 173 157 0 171 NA NA NA NA NA 73 56 32 71 NA NA NA NA NA 144 95 50 122 NA NA NA NA 
1734019200.0 10224.0 NA 514 792 0 185 NA NA NA NA NA 656 1083 0 279 NA NA NA NA NA 1233 1376 198 244 NA NA NA NA NA 695 1013 215 260 NA NA NA NA 
1734019200.0 10224.15 NA 512 785 0 206 NA NA NA NA NA 677 1083 0 297 NA NA NA NA NA 1220 1406 199 316 NA NA NA NA NA 588 1133 239 300 NA NA NA NA 
1734019200.0 10225.0 NA 502 771 0 184 NA NA NA NA NA 652 1013 0 269 NA NA NA NA NA 1422 1303 194 253 NA NA NA NA NA 778 971 215 305 NA NA NA NA 
1734019200.0 103.0 130 0 0 NA NA NA NA NA NA 211 0 0 NA NA NA NA NA NA 238 52 552 NA NA NA NA NA NA 293 62 615 NA NA NA NA NA NA 
1734019200.0 1030.0 NA 278 101 0 0 NA NA NA NA NA 414 169 0 0 NA NA NA NA NA 2333 76 32 29 NA NA NA NA NA 1134 91 53 39 NA NA NA NA 
1734019200.0 1040.0 NA 507 89 0 NA NA NA NA NA NA 712 151 0 NA NA NA NA NA NA 3880 55 49 NA NA NA NA NA NA 1360 70 60 NA NA NA NA NA 
1734019200.0 1040.1 NA 131 89 0 NA NA NA NA NA NA 206 147 0 NA NA NA NA NA NA 156 60 51 NA NA NA NA NA NA 266 114 74 NA NA NA NA NA 
1734019200.0 1041.0 NA 129 95 0 NA NA NA NA NA NA 204 156 0 NA NA NA NA NA NA 113 63 36 NA NA NA NA NA NA 191 84 55 NA NA NA NA NA 
1734019200.0 1042.0 NA 129 91 0 NA NA NA NA NA NA 213 153 0 NA NA NA NA NA NA 216 62 34 NA NA NA NA NA NA 421 86 55 NA NA NA NA NA 
1734019200.0 10424.0 NA 274 519 0 NA NA NA NA NA NA 371 710 0 NA NA NA NA NA NA 172 775 187 NA NA NA NA NA NA 175 797 209 NA NA NA NA NA 
1734019200.0 1046.0 NA 107 93 0 NA NA NA NA NA NA 179 158 0 NA NA NA NA NA NA 119 63 32 NA NA NA NA NA NA 170 88 51 NA NA NA NA NA 
1734019200.0 1047.0 NA 107 111 0 NA NA NA NA NA NA 183 183 0 NA NA NA NA NA NA 120 85 34 NA NA NA NA NA NA 147 106 52 NA NA NA NA NA 
1734019200.0 1048.0 NA 108 104 0 NA NA NA NA NA NA 178 171 0 NA NA NA NA NA NA 108 79 32 NA NA NA NA NA NA 154 101 45 NA NA NA NA NA 
1734019200.0 1049.0 NA 117 0 NA NA NA NA NA NA NA 182 0 NA NA NA NA NA NA NA 719 63 NA NA NA NA NA NA NA 1284 77 NA NA NA NA NA NA 
1734019200.0 105.0 172 181 89 NA NA NA NA NA NA 278 255 149 NA NA NA NA NA NA 652 158 59 NA NA NA NA NA NA 555 176 78 NA NA NA NA NA NA 
1734019200.0 1052.0 NA 217 163 0 NA NA NA NA NA NA 380 266 0 NA NA NA NA NA NA 223 104 32 NA NA NA NA NA NA 309 142 48 NA NA NA NA NA 
1734019200.0 1052.1 NA 149 0 NA NA NA NA NA NA NA 252 0 NA NA NA NA NA NA NA 92 31 NA NA NA NA NA NA NA 119 49 NA NA NA NA NA NA 
1734019200.0 106.0 131 0 0 NA NA NA NA NA NA 213 0 0 NA NA NA NA NA NA 233 53 543 NA NA NA NA NA NA 229 70 615 NA NA NA NA NA NA 
1734019200.0 107.0 172 189 396 NA NA NA NA NA NA 293 267 546 NA NA NA NA NA NA 873 159 672 NA NA NA NA NA NA 438 135 652 NA NA NA NA NA NA 
1734019200.0 108.0 168 186 398 NA NA NA NA NA NA 280 260 547 NA NA NA NA NA NA 888 158 694 NA NA NA NA NA NA 427 124 636 NA NA NA NA NA NA 
1734019200.0 10801.0 NA 305 501 0 157 187 NA NA NA NA 406 718 0 225 281 NA NA NA NA 534 715 175 151 255 NA NA NA NA 258 681 183 174 282 NA NA NA 
1734019200.0 10802.0 NA 303 506 0 157 188 NA NA NA NA 394 747 0 223 283 NA NA NA NA 545 722 179 160 252 NA NA NA NA 257 700 205 183 274 NA NA NA 
1734019200.0 10803.0 NA 305 518 0 157 186 NA NA NA NA 411 745 0 228 281 NA NA NA NA 544 716 178 150 258 NA NA NA NA 283 660 190 174 283 NA NA NA 
1734019200.0 10804.0 NA 303 512 0 156 186 NA NA NA NA 407 736 0 228 273 NA NA NA NA 539 704 176 149 257 NA NA NA NA 272 708 220 175 293 NA NA NA 
1734019200.0 10804.31 NA 301 512 0 156 187 NA NA NA NA 402 699 0 224 280 NA NA NA NA 551 729 174 151 258 NA NA NA NA 258 840 188 190 315 NA NA NA 
1734019200.0 10805.0 NA 303 506 0 156 185 NA NA NA NA 400 736 0 223 284 NA NA NA NA 539 718 175 153 253 NA NA NA NA 260 707 187 180 271 NA NA NA 
1734019200.0 10805.31 NA 302 513 0 150 186 NA NA NA NA 394 705 0 231 273 NA NA NA NA 550 718 175 159 258 NA NA NA NA 269 933 189 215 310 NA NA NA 
1734019200.0 10806.0 NA 304 509 0 156 125 NA NA NA NA 409 721 0 224 279 NA NA NA NA 536 707 175 150 261 NA NA NA NA 254 747 189 192 340 NA NA NA 
1734019200.0 10807.0 NA 306 507 0 185 190 NA NA NA NA 393 702 0 303 285 NA NA NA NA 543 729 178 152 258 NA NA NA NA 256 696 189 186 279 NA NA NA 
1734019200.0 10808.0 NA 305 515 0 185 187 NA NA NA NA 407 711 0 300 273 NA NA NA NA 550 738 180 157 260 NA NA NA NA 280 751 193 194 286 NA NA NA 
1734019200.0 10809.0 NA 302 505 0 182 188 NA NA NA NA 399 700 0 306 280 NA NA NA NA 577 765 178 159 262 NA NA NA NA 280 703 187 206 295 NA NA NA 
1734019200.0 10823.0 NA 303 504 0 155 185 NA NA NA NA 410 730 0 228 283 NA NA NA NA 538 717 185 149 255 NA NA NA NA 253 706 217 187 318 NA NA NA 
1734019200.0 10824.0 NA 310 531 0 188 188 NA NA NA NA 411 728 0 304 285 NA NA NA NA 589 797 194 156 261 NA NA NA NA 327 701 212 195 289 NA NA NA 
1734019200.0 10824.1 NA 315 313 0 NA NA NA NA NA NA 412 444 0 NA NA NA NA NA NA 558 333 184 NA NA NA NA NA NA 266 373 245 NA NA NA NA NA 
1734019200.0 10824.6 NA 314 528 0 184 188 NA NA NA NA 410 756 0 305 284 NA NA NA NA 568 788 190 165 259 NA NA NA NA 260 740 202 210 282 NA NA NA 
1734019200.0 10824.8 NA 313 533 0 187 189 NA NA NA NA 414 736 0 306 279 NA NA NA NA 563 794 196 160 261 NA NA NA NA 300 690 219 194 289 NA NA NA 
1734019200.0 10825.0 NA 309 520 0 158 188 NA NA NA NA 401 732 0 227 284 NA NA NA NA 570 725 190 148 260 NA NA NA NA 257 680 214 168 335 NA NA NA 
1734019200.0 10826.0 NA 314 537 0 158 188 NA NA NA NA 399 744 0 238 276 NA NA NA NA 560 854 195 163 260 NA NA NA NA 328 702 208 229 286 NA NA NA 
1734019200.0 10842.0 NA 311 517 0 188 188 NA NA NA NA 406 748 0 307 273 NA NA NA NA 560 769 189 155 259 NA NA NA NA 256 918 212 185 294 NA NA NA 
1734019200.0 10859.0 NA 325 545 0 162 190 NA NA NA NA 424 746 0 232 285 NA NA NA NA 588 1113 197 152 267 NA NA NA NA 254 799 213 180 293 NA NA NA 
1734019200.0 10871.0 NA 314 532 0 160 187 NA NA NA NA 423 763 0 233 286 NA NA NA NA 561 816 193 151 261 NA NA NA NA 261 765 204 171 290 NA NA NA 
1734019200.0 109.0 169 187 395 NA NA NA NA NA NA 281 266 545 NA NA NA NA NA NA 906 165 701 NA NA NA NA NA NA 424 158 630 NA NA NA NA NA NA 
1734019200.0 11.0 NA 200 380 0 131 NA NA NA NA NA 287 507 0 198 NA NA NA NA NA 577 727 179 122 NA NA NA NA NA 305 652 232 167 NA NA NA NA 
1734019200.0 110.0 138 180 388 NA NA NA NA NA NA 215 259 539 NA NA NA NA NA NA 244 151 620 NA NA NA NA NA NA 220 160 595 NA NA NA NA NA NA 
1734019200.0 1102.0 NA 218 426 282 223 NA NA NA NA NA 307 581 388 271 NA NA NA NA NA 750 1737 914 146 NA NA NA NA NA 313 951 510 127 NA NA NA NA 
1734019200.0 11024.0 NA 564 885 0 189 NA NA NA NA NA 783 1207 0 287 NA NA NA NA NA 1722 1798 197 251 NA NA NA NA NA 864 1242 214 301 NA NA NA NA 
1734019200.0 11024.15 NA 592 895 0 207 NA NA NA NA NA 786 1203 0 291 NA NA NA NA NA 1705 1697 201 329 NA NA NA NA NA 725 1098 231 329 NA NA NA NA 
1734019200.0 11024.2 NA 569 884 0 183 NA NA NA NA NA 771 1235 0 274 NA NA NA NA NA 1681 1719 198 205 NA NA NA NA NA 871 1210 212 224 NA NA NA NA 
1734019200.0 11024.6 NA 578 847 0 189 NA NA NA NA NA 778 1144 0 288 NA NA NA NA NA 1600 1605 198 246 NA NA NA NA NA 734 1006 221 270 NA NA NA NA 
1734019200.0 11025.0 NA 592 867 0 188 NA NA NA NA NA 767 1181 0 282 NA NA NA NA NA 1745 1612 195 249 NA NA NA NA NA 911 1078 209 300 NA NA NA NA 
1734019200.0 111.0 148 176 372 NA NA NA NA NA NA 243 248 524 NA NA NA NA NA NA 299 111 624 NA NA NA NA NA NA 300 133 700 NA NA NA NA NA NA 
1734019200.0 112.0 164 183 383 NA NA NA NA NA NA 280 256 530 NA NA NA NA NA NA 604 154 643 NA NA NA NA NA NA 340 150 656 NA NA NA NA NA NA 
1734019200.0 11224.0 NA 275 527 0 NA NA NA NA NA NA 372 759 0 NA NA NA NA NA NA 182 778 190 NA NA NA NA NA NA 176 845 212 NA NA NA NA NA 
1734019200.0 11224.6 NA 277 524 0 NA NA NA NA NA NA 377 744 0 NA NA NA NA NA NA 182 808 190 NA NA NA NA NA NA 174 847 209 NA NA NA NA NA 
1734019200.0 113.0 171 184 393 NA NA NA NA NA NA 286 264 545 NA NA NA NA NA NA 695 159 645 NA NA NA NA NA NA 382 139 613 NA NA NA NA NA NA 
1734019200.0 114.0 173 187 394 NA NA NA NA NA NA 283 266 532 NA NA NA NA NA NA 686 156 647 NA NA NA NA NA NA 362 151 615 NA NA NA NA NA NA 
1734019200.0 115.0 168 187 396 NA NA NA NA NA NA 281 260 552 NA NA NA NA NA NA 749 157 673 NA NA NA NA NA NA 394 130 629 NA NA NA NA NA NA 
1734019200.0 116.0 171 187 393 NA NA NA NA NA NA 282 265 540 NA NA NA NA NA NA 786 160 682 NA NA NA NA NA NA 421 133 640 NA NA NA NA NA NA 
1734019200.0 11601.0 NA 318 552 0 159 NA NA NA NA NA 416 767 0 231 NA NA NA NA NA 508 752 171 133 NA NA NA NA NA 208 710 187 161 NA NA NA NA 
1734019200.0 11602.0 NA 316 556 0 158 NA NA NA NA NA 415 760 0 223 NA NA NA NA NA 511 760 173 130 NA NA NA NA NA 212 724 188 153 NA NA NA NA 
1734019200.0 11603.0 NA 316 556 0 158 NA NA NA NA NA 430 784 0 229 NA NA NA NA NA 516 766 174 129 NA NA NA NA NA 230 813 188 155 NA NA NA NA 
1734019200.0 11604.0 NA 315 550 0 158 NA NA NA NA NA 426 775 0 230 NA NA NA NA NA 516 747 171 128 NA NA NA NA NA 222 746 182 163 NA NA NA NA 
1734019200.0 11605.0 NA 315 551 0 159 NA NA NA NA NA 427 793 0 228 NA NA NA NA NA 512 748 171 128 NA NA NA NA NA 246 695 182 138 NA NA NA NA 
1734019200.0 11606.0 NA 313 549 0 158 NA NA NA NA NA 429 769 0 223 NA NA NA NA NA 516 739 171 127 NA NA NA NA NA 224 684 183 135 NA NA NA NA 
1734019200.0 11607.0 NA 318 552 0 190 NA NA NA NA NA 436 780 0 307 NA NA NA NA NA 523 740 173 134 NA NA NA NA NA 216 704 187 153 NA NA NA NA 
1734019200.0 11608.0 NA 315 555 0 191 NA NA NA NA NA 416 783 0 305 NA NA NA NA NA 512 762 176 134 NA NA NA NA NA 232 677 192 150 NA NA NA NA 
1734019200.0 11609.0 NA 321 558 0 192 NA NA NA NA NA 433 799 0 310 NA NA NA NA NA 518 787 175 134 NA NA NA NA NA 216 757 188 164 NA NA NA NA 
1734019200.0 11630.0 NA 334 575 0 164 NA NA NA NA NA 441 845 0 233 NA NA NA NA NA 570 1164 209 136 NA NA NA NA NA 229 874 261 145 NA NA NA NA 
1734019200.0 11634.0 NA 325 573 0 193 NA NA NA NA NA 428 791 0 310 NA NA NA NA NA 547 855 191 135 NA NA NA NA NA 209 740 216 141 NA NA NA NA 
1734019200.0 11634.1 NA 326 317 0 NA NA NA NA NA NA 439 438 0 NA NA NA NA NA NA 545 328 183 NA NA NA NA NA NA 260 318 230 NA NA NA NA NA 
1734019200.0 11634.15 NA 329 593 0 192 NA NA NA NA NA 436 824 0 308 NA NA NA NA NA 539 968 190 137 NA NA NA NA NA 214 787 206 160 NA NA NA NA 
1734019200.0 11634.24 NA 249 508 0 149 NA NA NA NA NA 362 724 0 219 NA NA NA NA NA 194 701 171 122 NA NA NA NA NA 214 805 187 131 NA NA NA NA 
1734019200.0 11634.601 NA 331 103 574 0 NA NA NA NA NA 429 160 792 0 NA NA NA NA NA 549 49 852 190 NA NA NA NA NA 216 64 735 202 NA NA NA NA 
1734019200.0 11634.7 NA 321 578 0 NA NA NA NA NA NA 425 805 0 NA NA NA NA NA NA 566 860 190 NA NA NA NA NA NA 221 757 205 NA NA NA NA NA 
1734019200.0 11634.91 NA 285 578 0 193 NA NA NA NA NA 409 820 0 308 NA NA NA NA NA 584 894 203 141 NA NA NA NA NA 236 753 218 153 NA NA NA NA 
1734019200.0 11634.914 152 317 573 0 194 NA NA NA NA 231 425 823 0 305 NA NA NA NA 1011 572 889 197 162 NA NA NA NA 536 255 769 215 223 NA NA NA NA 
1734019200.0 11640.0 NA 319 554 0 159 NA NA NA NA NA 433 760 0 229 NA NA NA NA NA 516 761 178 127 NA NA NA NA NA 234 725 189 138 NA NA NA NA 
1734019200.0 11643.0 NA 323 574 0 163 NA NA NA NA NA 419 824 0 234 NA NA NA NA NA 536 861 191 129 NA NA NA NA NA 212 751 207 138 NA NA NA NA 
1734019200.0 11646.0 NA 320 563 0 161 NA NA NA NA NA 426 832 0 229 NA NA NA NA NA 521 791 186 129 NA NA NA NA NA 203 735 197 140 NA NA NA NA 
1734019200.0 11650.0 NA 323 566 0 195 NA NA NA NA NA 422 799 0 320 NA NA NA NA NA 519 791 187 133 NA NA NA NA NA 211 787 208 137 NA NA NA NA 
1734019200.0 117.0 174 185 394 NA NA NA NA NA NA 280 269 547 NA NA NA NA NA NA 802 161 685 NA NA NA NA NA NA 390 128 616 NA NA NA NA NA NA 
1734019200.0 11723.17 NA 341 591 0 NA NA NA NA NA NA 455 850 0 NA NA NA NA NA NA 548 1021 193 NA NA NA NA NA NA 224 832 203 NA NA NA NA NA 
1734019200.0 118.0 172 189 396 NA NA NA NA NA NA 287 268 536 NA NA NA NA NA NA 943 164 706 NA NA NA NA NA NA 456 139 663 NA NA NA NA NA NA 
1734019200.0 11834.0 NA 673 1125 0 NA NA NA NA NA NA 947 1517 0 NA NA NA NA NA NA 2006 2867 206 NA NA NA NA NA NA 828 1399 244 NA NA NA NA NA 
1734019200.0 11834.13 NA 677 1116 0 NA NA NA NA NA NA 887 1575 0 NA NA NA NA NA NA 1984 2702 201 NA NA NA NA NA NA 911 1313 213 NA NA NA NA NA 
1734019200.0 11834.19 NA 672 1146 0 NA NA NA NA NA NA 926 1559 0 NA NA NA NA NA NA 2117 2893 202 NA NA NA NA NA NA 1065 1409 210 NA NA NA NA NA 
1734019200.0 11834.21 NA 537 389 245 181 NA NA NA NA NA 725 576 329 275 NA NA NA NA NA 1931 1073 281 182 NA NA NA NA NA 750 541 244 187 NA NA NA NA 
1734019200.0 11834.24 NA 255 526 0 NA NA NA NA NA NA 354 755 0 NA NA NA NA NA NA 197 716 175 NA NA NA NA NA NA 220 775 188 NA NA NA NA NA 
1734019200.0 11834.99 NA 634 711 783 0 NA NA NA NA NA 918 972 1022 0 NA NA NA NA NA 1944 818 2177 206 NA NA NA NA NA 1138 305 1139 245 NA NA NA NA 
1734019200.0 11846.0 NA 645 1066 0 NA NA NA NA NA NA 917 1407 0 NA NA NA NA NA NA 2007 2326 198 NA NA NA NA NA NA 938 1344 210 NA NA NA NA NA 
1734019200.0 11846.19 NA 669 1129 0 NA NA NA NA NA NA 915 1527 0 NA NA NA NA NA NA 2068 2409 199 NA NA NA NA NA NA 974 1345 211 NA NA NA NA NA 
1734019200.0 119.0 163 182 392 NA NA NA NA NA NA 277 260 538 NA NA NA NA NA NA 523 154 657 NA NA NA NA NA NA 336 145 620 NA NA NA NA NA NA 
1734019200.0 12.0 NA 216 420 0 NA NA NA NA NA NA 302 577 0 NA NA NA NA NA NA 659 1392 186 NA NA NA NA NA NA 296 868 208 NA NA NA NA NA 
1734019200.0 120.0 135 182 377 NA NA NA NA NA NA 225 263 541 NA NA NA NA NA NA 220 147 631 NA NA NA NA NA NA 219 146 685 NA NA NA NA NA NA 
1734019200.0 12034.0 NA 289 564 0 NA NA NA NA NA NA 391 816 0 NA NA NA NA NA NA 183 842 192 NA NA NA NA NA NA 121 790 222 NA NA NA NA NA 
1734019200.0 121.0 174 191 398 NA NA NA NA NA NA 291 271 547 NA NA NA NA NA NA 1058 167 736 NA NA NA NA NA NA 492 145 679 NA NA NA NA NA NA 
1734019200.0 122.0 141 172 371 NA NA NA NA NA NA 227 253 527 NA NA NA NA NA NA 252 103 610 NA NA NA NA NA NA 233 130 683 NA NA NA NA NA NA 
1734019200.0 123.1 414 NA NA NA NA NA NA NA NA 538 NA NA NA NA NA NA NA NA 417 NA NA NA NA NA NA NA NA 460 NA NA NA NA NA NA NA NA 
1734019200.0 123.2 409 NA NA NA NA NA NA NA NA 557 NA NA NA NA NA NA NA NA 440 NA NA NA NA NA NA NA NA 451 NA NA NA NA NA NA NA NA 
1734019200.0 123.3 332 NA NA NA NA NA NA NA NA 438 NA NA NA NA NA NA NA NA 353 NA NA NA NA NA NA NA NA 405 NA NA NA NA NA NA NA NA 
1734019200.0 124.1 392 NA NA NA NA NA NA NA NA 524 NA NA NA NA NA NA NA NA 353 NA NA NA NA NA NA NA NA 422 NA NA NA NA NA NA NA NA 
1734019200.0 124.2 403 NA NA NA NA NA NA NA NA 547 NA NA NA NA NA NA NA NA 381 NA NA NA NA NA NA NA NA 420 NA NA NA NA NA NA NA NA 
1734019200.0 124.4 395 NA NA NA NA NA NA NA NA 517 NA NA NA NA NA NA NA NA 370 NA NA NA NA NA NA NA NA 426 NA NA NA NA NA NA NA NA 
1734019200.0 124.5 395 NA NA NA NA NA NA NA NA 532 NA NA NA NA NA NA NA NA 375 NA NA NA NA NA NA NA NA 424 NA NA NA NA NA NA NA NA 
1734019200.0 124.6 334 NA NA NA NA NA NA NA NA 436 NA NA NA NA NA NA NA NA 366 NA NA NA NA NA NA NA NA 411 NA NA NA NA NA NA NA NA 
1734019200.0 12434.0 NA 328 578 0 195 NA NA NA NA NA 443 790 0 311 NA NA NA NA NA 707 892 203 144 NA NA NA NA NA 277 760 257 158 NA NA NA NA 
1734019200.0 12434.501 NA 326 175 0 NA NA NA NA NA NA 442 331 0 NA NA NA NA NA NA 710 209 96 NA NA NA NA NA NA 331 322 136 NA NA NA NA NA 
1734019200.0 12434.505 NA 324 171 0 NA NA NA NA NA NA 440 317 0 NA NA NA NA NA NA 710 214 99 NA NA NA NA NA NA 379 272 118 NA NA NA NA NA 
1734019200.0 12434.511 NA 313 135 0 NA NA NA NA NA NA 416 217 0 NA NA NA NA NA NA 736 159 70 NA NA NA NA NA NA 377 207 84 NA NA NA NA NA 
1734019200.0 12434.521 NA 324 131 0 NA NA NA NA NA NA 428 201 0 NA NA NA NA NA NA 707 154 74 NA NA NA NA NA NA 339 184 87 NA NA NA NA NA 
1734019200.0 12434.7 NA 328 576 0 NA NA NA NA NA NA 432 803 0 NA NA NA NA NA NA 694 866 195 NA NA NA NA NA NA 270 754 228 NA NA NA NA NA 
1734019200.0 12446.0 NA 317 563 0 159 NA NA NA NA NA 440 783 0 228 NA NA NA NA NA 699 834 195 137 NA NA NA NA NA 296 786 217 154 NA NA NA NA 
1734019200.0 12450.501 NA 322 171 0 NA NA NA NA NA NA 434 310 0 NA NA NA NA NA NA 699 211 92 NA NA NA NA NA NA 340 317 129 NA NA NA NA NA 
1734019200.0 12450.505 NA 309 172 0 NA NA NA NA NA NA 428 320 0 NA NA NA NA NA NA 703 209 97 NA NA NA NA NA NA 364 277 135 NA NA NA NA NA 
1734019200.0 12461.0 NA 316 547 0 155 NA NA NA NA NA 419 754 0 224 NA NA NA NA NA 669 719 170 127 NA NA NA NA NA 245 684 181 139 NA NA NA NA 
1734019200.0 125.0 172 186 398 NA NA NA NA NA NA 292 261 549 NA NA NA NA NA NA 799 162 671 NA NA NA NA NA NA 410 134 663 NA NA NA NA NA NA 
1734019200.0 126.0 137 179 386 NA NA NA NA NA NA 229 257 519 NA NA NA NA NA NA 407 147 630 NA NA NA NA NA NA 359 143 606 NA NA NA NA NA NA 
1734019200.0 12634.0 NA 648 1054 0 NA NA NA NA NA NA 889 1398 0 NA NA NA NA NA NA 2183 2559 202 NA NA NA NA NA NA 1031 1270 214 NA NA NA NA NA 
1734019200.0 12634.21 NA 526 413 244 182 NA NA NA NA NA 752 611 344 277 NA NA NA NA NA 2120 1342 292 181 NA NA NA NA NA 976 583 291 193 NA NA NA NA 
1734019200.0 12634.99 NA 608 698 787 0 NA NA NA NA NA 921 973 1052 0 NA NA NA NA NA 2043 972 2252 206 NA NA NA NA NA 1634 425 1154 226 NA NA NA NA 
1734019200.0 127.0 135 181 380 NA NA NA NA NA NA 215 258 528 NA NA NA NA NA NA 303 146 633 NA NA NA NA NA NA 249 145 616 NA NA NA NA NA NA 
1734019200.0 128.0 133 181 373 NA NA NA NA NA NA 211 264 522 NA NA NA NA NA NA 214 148 626 NA NA NA NA NA NA 248 171 621 NA NA NA NA NA NA 
1734019200.0 12834.0 NA 321 574 0 190 NA NA NA NA NA 432 822 0 308 NA NA NA NA NA 265 838 189 135 NA NA NA NA NA 149 726 200 150 NA NA NA NA 
1734019200.0 12834.402 NA 319 160 0 NA NA NA NA NA NA 435 244 0 NA NA NA NA NA NA 279 179 93 NA NA NA NA NA NA 191 208 122 NA NA NA NA NA 
1734019200.0 12834.412 NA 325 139 0 NA NA NA NA NA NA 428 215 0 NA NA NA NA NA NA 274 159 71 NA NA NA NA NA NA 174 195 86 NA NA NA NA NA 
1734019200.0 12834.7 NA 319 574 0 NA NA NA NA NA NA 431 797 0 NA NA NA NA NA NA 273 863 194 NA NA NA NA NA NA 158 792 217 NA NA NA NA NA 
1734019200.0 12846.0 NA 315 566 0 161 NA NA NA NA NA 415 828 0 229 NA NA NA NA NA 258 803 185 128 NA NA NA NA NA 152 722 199 136 NA NA NA NA 
1734019200.0 12861.0 NA 307 540 0 155 NA NA NA NA NA 413 790 0 231 NA NA NA NA NA 254 792 187 134 NA NA NA NA NA 155 766 225 164 NA NA NA NA 
1734019200.0 129.0 133 180 377 NA NA NA NA NA NA 213 256 543 NA NA NA NA NA NA 218 146 617 NA NA NA NA NA NA 212 179 605 NA NA NA NA NA NA 
1734019200.0 13.0 NA 193 394 0 NA NA NA NA NA NA 275 534 0 NA NA NA NA NA NA 139 849 154 NA NA NA NA NA NA 176 830 168 NA NA NA NA NA 
1734019200.0 130.0 136 179 389 NA NA NA NA NA NA 231 259 558 NA NA NA NA NA NA 236 145 638 NA NA NA NA NA NA 281 149 616 NA NA NA NA NA NA 
1734019200.0 1301.0 162 230 334 NA NA NA NA NA NA 253 313 504 NA NA NA NA NA NA 634 166 447 NA NA NA NA NA NA 535 153 629 NA NA NA NA NA NA 
1734019200.0 1301.17 145 302 359 NA NA NA NA NA NA 226 395 556 NA NA NA NA NA NA 665 560 469 NA NA NA NA NA NA 488 314 597 NA NA NA NA NA NA 
1734019200.0 1302.0 170 241 348 NA NA NA NA NA NA 270 320 505 NA NA NA NA NA NA 1031 196 523 NA NA NA NA NA NA 600 178 653 NA NA NA NA NA NA 
1734019200.0 1302.17 149 312 376 NA NA NA NA NA NA 238 397 537 NA NA NA NA NA NA 1005 580 545 NA NA NA NA NA NA 520 324 584 NA NA NA NA NA NA 
1734019200.0 1302.18 145 303 305 238 180 NA NA NA NA 230 396 482 328 273 NA NA NA NA 957 564 346 279 200 NA NA NA NA 437 245 287 296 242 NA NA NA NA 
1734019200.0 1302.181 147 304 307 240 184 NA NA NA NA 237 386 463 333 273 NA NA NA NA 1023 564 346 279 199 NA NA NA NA 463 263 296 284 240 NA NA NA NA 
1734019200.0 1303.0 167 240 349 NA NA NA NA NA NA 260 330 489 NA NA NA NA NA NA 1616 147 585 NA NA NA NA NA NA 801 126 539 NA NA NA NA NA NA 
1734019200.0 1303.17 156 313 379 NA NA NA NA NA NA 246 393 557 NA NA NA NA NA NA 1648 539 622 NA NA NA NA NA NA 802 259 459 NA NA NA NA NA NA 
1734019200.0 13034.0 NA 633 1050 0 NA NA NA NA NA NA 864 1422 0 NA NA NA NA NA NA 1700 2409 203 NA NA NA NA NA NA 905 1292 215 NA NA NA NA NA 
1734019200.0 13034.21 NA 531 379 241 181 NA NA NA NA NA 688 553 335 273 NA NA NA NA NA 1513 948 267 173 NA NA NA NA NA 636 409 223 180 NA NA NA NA 
1734019200.0 13034.99 NA 566 697 788 0 NA NA NA NA NA 895 956 1033 0 NA NA NA NA NA 1830 547 2272 202 NA NA NA NA NA 1188 239 1140 217 NA NA NA NA 
1734019200.0 1304.18 144 293 305 233 181 NA NA NA NA 230 379 432 342 275 NA NA NA NA 741 570 307 266 195 NA NA NA NA 369 267 283 281 243 NA NA NA NA 
1734019200.0 1304.181 145 293 304 241 180 NA NA NA NA 234 378 474 332 278 NA NA NA NA 756 561 305 265 197 NA NA NA NA 381 257 286 289 242 NA NA NA NA 
1734019200.0 1304.182 144 298 301 236 NA NA NA NA NA 229 383 432 325 NA NA NA NA NA 744 549 299 265 NA NA NA NA NA 395 249 361 308 NA NA NA NA NA 
1734019200.0 1306.0 NA 240 435 0 NA NA NA NA NA NA 334 584 0 NA NA NA NA NA NA 157 642 139 NA NA NA NA NA NA 155 765 160 NA NA NA NA NA 
1734019200.0 1307.0 NA 231 271 106 0 NA NA NA NA NA 327 406 174 0 NA NA NA NA NA 151 262 78 87 NA NA NA NA NA 169 316 124 108 NA NA NA NA 
1734019200.0 1308.0 NA 230 267 105 0 NA NA NA NA NA 318 391 170 0 NA NA NA NA NA 146 217 82 88 NA NA NA NA NA 162 294 114 109 NA NA NA NA 
1734019200.0 1309.0 NA 248 459 0 NA NA NA NA NA NA 340 633 0 NA NA NA NA NA NA 168 703 151 NA NA NA NA NA NA 173 643 167 NA NA NA NA NA 
1734019200.0 131.0 136 179 385 NA NA NA NA NA NA 229 260 542 NA NA NA NA NA NA 334 148 649 NA NA NA NA NA NA 288 162 690 NA NA NA NA NA NA 
1734019200.0 1310.0 NA 251 452 0 NA NA NA NA NA NA 343 611 0 NA NA NA NA NA NA 165 711 150 NA NA NA NA NA NA 150 726 169 NA NA NA NA NA 
1734019200.0 1311.0 NA 244 432 0 132 NA NA NA NA NA 341 603 0 194 NA NA NA NA NA 164 552 171 126 NA NA NA NA NA 184 697 245 190 NA NA NA NA 
1734019200.0 1312.0 NA 249 456 0 NA NA NA NA NA NA 342 613 0 NA NA NA NA NA NA 169 734 152 NA NA NA NA NA NA 156 725 169 NA NA NA NA NA 
1734019200.0 1313.0 NA 253 464 0 NA NA NA NA NA NA 344 644 0 NA NA NA NA NA NA 147 822 150 NA NA NA NA NA NA 171 772 164 NA NA NA NA NA 
1734019200.0 1314.0 NA 249 450 0 NA NA NA NA NA NA 344 625 0 NA NA NA NA NA NA 170 720 151 NA NA NA NA NA NA 189 737 168 NA NA NA NA NA 
1734019200.0 1315.0 NA 240 439 0 NA NA NA NA NA NA 338 596 0 NA NA NA NA NA NA 157 643 136 NA NA NA NA NA NA 142 632 152 NA NA NA NA NA 
1734019200.0 1316.0 NA 242 449 0 NA NA NA NA NA NA 337 599 0 NA NA NA NA NA NA 158 661 138 NA NA NA NA NA NA 169 705 151 NA NA NA NA NA 
1734019200.0 1317.0 NA 243 446 0 178 NA NA NA NA NA 343 612 0 272 NA NA NA NA NA 155 675 139 196 NA NA NA NA NA 149 777 170 227 NA NA NA NA 
1734019200.0 1318.0 NA 241 437 0 176 NA NA NA NA NA 338 595 0 270 NA NA NA NA NA 154 632 136 191 NA NA NA NA NA 163 686 148 222 NA NA NA NA 
1734019200.0 1319.0 NA 240 438 0 NA NA NA NA NA NA 332 598 0 NA NA NA NA NA NA 155 658 139 NA NA NA NA NA NA 154 628 154 NA NA NA NA NA 
1734019200.0 132.0 169 187 390 NA NA NA NA NA NA 279 263 535 NA NA NA NA NA NA 814 164 697 NA NA NA NA NA NA 485 165 667 NA NA NA NA NA NA 
1734019200.0 1320.0 NA 243 441 0 178 NA NA NA NA NA 341 615 0 271 NA NA NA NA NA 157 654 139 190 NA NA NA NA NA 163 694 162 232 NA NA NA NA 
1734019200.0 1321.0 NA 243 440 0 177 NA NA NA NA NA 341 618 0 274 NA NA NA NA NA 155 662 140 193 NA NA NA NA NA 154 694 156 215 NA NA NA NA 
1734019200.0 1322.0 NA 243 446 0 178 NA NA NA NA NA 338 637 0 263 NA NA NA NA NA 158 664 139 192 NA NA NA NA NA 152 738 156 234 NA NA NA NA 
1734019200.0 1323.0 NA 240 434 0 NA NA NA NA NA NA 339 585 0 NA NA NA NA NA NA 154 628 137 NA NA NA NA NA NA 175 697 152 NA NA NA NA NA 
1734019200.0 13234.0 NA 652 0 NA NA NA NA NA NA NA 856 0 NA NA NA NA NA NA NA 2026 138 NA NA NA NA NA NA NA 1298 173 NA NA NA NA NA NA 
1734019200.0 1324.0 NA 251 456 0 NA NA NA NA NA NA 340 621 0 NA NA NA NA NA NA 172 712 152 NA NA NA NA NA NA 172 617 169 NA NA NA NA NA 
1734019200.0 1325.0 NA 251 459 0 135 178 NA NA NA NA 344 621 0 199 269 NA NA NA NA 175 745 155 131 205 NA NA NA NA 147 649 169 167 244 NA NA NA 
1734019200.0 1325.1 NA 235 257 0 NA NA NA NA NA NA 339 395 0 NA NA NA NA NA NA 191 308 142 NA NA NA NA NA NA 234 372 170 NA NA NA NA NA 
1734019200.0 1325.2 NA 254 458 0 NA NA NA NA NA NA 346 611 0 NA NA NA NA NA NA 172 717 150 NA NA NA NA NA NA 177 769 168 NA NA NA NA NA 
1734019200.0 1325.3 NA 251 248 0 NA NA NA NA NA NA 350 395 0 NA NA NA NA NA NA 181 283 140 NA NA NA NA NA NA 171 322 179 NA NA NA NA NA 
1734019200.0 1325.4 NA 250 459 0 NA NA NA NA NA NA 333 621 0 NA NA NA NA NA NA 170 734 152 NA NA NA NA NA NA 192 711 166 NA NA NA NA NA 
1734019200.0 1325.9 NA 277 458 0 136 NA NA NA NA NA 374 634 0 196 NA NA NA NA NA 190 728 150 125 NA NA NA NA NA 155 688 162 158 NA NA NA NA 
1734019200.0 1325.91 NA 276 461 0 136 NA NA NA NA NA 360 602 0 207 NA NA NA NA NA 192 717 152 124 NA NA NA NA NA 165 697 165 156 NA NA NA NA 
1734019200.0 1326.0 NA 247 449 0 NA NA NA NA NA NA 336 609 0 NA NA NA NA NA NA 164 675 145 NA NA NA NA NA NA 146 615 157 NA NA NA NA NA 
1734019200.0 1327.0 NA 247 455 0 NA NA NA NA NA NA 335 620 0 NA NA NA NA NA NA 163 657 145 NA NA NA NA NA NA 152 712 156 NA NA NA NA NA 
1734019200.0 1328.0 NA 253 462 0 NA NA NA NA NA NA 335 642 0 NA NA NA NA NA NA 170 718 149 NA NA NA NA NA NA 142 639 166 NA NA NA NA NA 
1734019200.0 1329.0 NA 247 456 0 178 NA NA NA NA NA 340 628 0 270 NA NA NA NA NA 162 665 148 193 NA NA NA NA NA 158 643 161 237 NA NA NA NA 
1734019200.0 133.0 178 189 397 NA NA NA NA NA NA 293 264 540 NA NA NA NA NA NA 1083 162 730 NA NA NA NA NA NA 475 132 651 NA NA NA NA NA NA 
1734019200.0 1330.0 NA 250 506 0 179 NA NA NA NA NA 337 670 0 262 NA NA NA NA NA 169 691 149 197 NA NA NA NA NA 163 649 178 248 NA NA NA NA 
1734019200.0 1331.0 NA 245 454 0 176 NA NA NA NA NA 333 608 0 261 NA NA NA NA NA 162 656 146 191 NA NA NA NA NA 157 754 179 225 NA NA NA NA 
1734019200.0 1332.0 NA 246 456 0 NA NA NA NA NA NA 343 622 0 NA NA NA NA NA NA 164 680 149 NA NA NA NA NA NA 149 629 160 NA NA NA NA NA 
1734019200.0 1333.0 NA 245 454 0 NA NA NA NA NA NA 339 620 0 NA NA NA NA NA NA 159 659 146 NA NA NA NA NA NA 159 657 166 NA NA NA NA NA 
1734019200.0 1334.0 NA 249 455 0 NA NA NA NA NA NA 343 645 0 NA NA NA NA NA NA 167 709 150 NA NA NA NA NA NA 163 660 170 NA NA NA NA NA 
1734019200.0 1335.0 NA 245 443 0 NA NA NA NA NA NA 332 622 0 NA NA NA NA NA NA 163 673 145 NA NA NA NA NA NA 167 753 160 NA NA NA NA NA 
1734019200.0 1336.0 NA 250 462 0 NA NA NA NA NA NA 347 619 0 NA NA NA NA NA NA 174 1066 155 NA NA NA NA NA NA 151 897 168 NA NA NA NA NA 
1734019200.0 1337.0 NA 263 480 0 NA NA NA NA NA NA 353 634 0 NA NA NA NA NA NA 181 918 156 NA NA NA NA NA NA 179 689 169 NA NA NA NA NA 
1734019200.0 1338.0 NA 249 462 0 179 NA NA NA NA NA 340 619 0 269 NA NA NA NA NA 174 741 154 209 NA NA NA NA NA 160 667 173 269 NA NA NA NA 
1734019200.0 1339.0 NA 254 461 0 NA NA NA NA NA NA 342 638 0 NA NA NA NA NA NA 175 841 153 NA NA NA NA NA NA 198 722 174 NA NA NA NA NA 
1734019200.0 134.0 NA 402 90 0 NA NA NA NA NA NA 533 153 0 NA NA NA NA NA NA 1273 58 31 NA NA NA NA NA NA 847 76 40 NA NA NA NA NA 
1734019200.0 134.701 NA 106 431 0 NA NA NA NA NA NA 182 595 0 NA NA NA NA NA NA 66 1653 134 NA NA NA NA NA NA 77 989 162 NA NA NA NA NA 
1734019200.0 134.702 NA 105 430 0 NA NA NA NA NA NA 179 590 0 NA NA NA NA NA NA 69 2093 127 NA NA NA NA NA NA 76 1032 145 NA NA NA NA NA 
1734019200.0 134.703 NA 108 442 0 NA NA NA NA NA NA 179 620 0 NA NA NA NA NA NA 68 2137 134 NA NA NA NA NA NA 103 1081 149 NA NA NA NA NA 
1734019200.0 134.704 NA 106 433 0 NA NA NA NA NA NA 179 609 0 NA NA NA NA NA NA 67 2020 129 NA NA NA NA NA NA 80 1002 157 NA NA NA NA NA 
1734019200.0 134.705 NA 108 446 0 NA NA NA NA NA NA 180 609 0 NA NA NA NA NA NA 73 2212 142 NA NA NA NA NA NA 76 1049 173 NA NA NA NA NA 
1734019200.0 134.706 NA 107 441 0 NA NA NA NA NA NA 178 592 0 NA NA NA NA NA NA 70 2269 147 NA NA NA NA NA NA 84 1050 178 NA NA NA NA NA 
1734019200.0 134.707 NA 107 432 0 NA NA NA NA NA NA 177 609 0 NA NA NA NA NA NA 67 2011 128 NA NA NA NA NA NA 95 1073 146 NA NA NA NA NA 
1734019200.0 134.708 NA 106 430 0 NA NA NA NA NA NA 177 594 0 NA NA NA NA NA NA 68 1958 131 NA NA NA NA NA NA 76 1023 149 NA NA NA NA NA 
1734019200.0 134.709 NA 108 606 0 NA NA NA NA NA NA 178 848 0 NA NA NA NA NA NA 68 2088 132 NA NA NA NA NA NA 75 1047 152 NA NA NA NA NA 
1734019200.0 134.71 NA 105 426 0 NA NA NA NA NA NA 178 590 0 NA NA NA NA NA NA 64 1546 128 NA NA NA NA NA NA 78 1061 147 NA NA NA NA NA 
1734019200.0 134.801 NA 104 430 0 NA NA NA NA NA NA 178 607 0 NA NA NA NA NA NA 66 1617 127 NA NA NA NA NA NA 86 1117 140 NA NA NA NA NA 
1734019200.0 134.802 NA 104 439 0 NA NA NA NA NA NA 176 603 0 NA NA NA NA NA NA 75 2448 128 NA NA NA NA NA NA 97 1146 141 NA NA NA NA NA 
1734019200.0 134.803 NA 106 440 0 NA NA NA NA NA NA 176 624 0 NA NA NA NA NA NA 73 2280 130 NA NA NA NA NA NA 96 1093 146 NA NA NA NA NA 
1734019200.0 134.804 NA 106 450 0 NA NA NA NA NA NA 175 630 0 NA NA NA NA NA NA 74 2487 129 NA NA NA NA NA NA 103 1134 149 NA NA NA NA NA 
1734019200.0 134.805 NA 106 451 0 NA NA NA NA NA NA 179 625 0 NA NA NA NA NA NA 75 2447 133 NA NA NA NA NA NA 100 1203 147 NA NA NA NA NA 
1734019200.0 134.806 NA 106 403 0 NA NA NA NA NA NA 179 613 0 NA NA NA NA NA NA 79 2797 138 NA NA NA NA NA NA 112 1349 160 NA NA NA NA NA 
1734019200.0 134.807 NA 212 474 0 NA NA NA NA NA NA 294 687 0 NA NA NA NA NA NA 225 2664 181 NA NA NA NA NA NA 181 1318 222 NA NA NA NA NA 
1734019200.0 134.808 NA 214 469 0 NA NA NA NA NA NA 312 666 0 NA NA NA NA NA NA 213 2732 158 NA NA NA NA NA NA 156 1331 201 NA NA NA NA NA 
1734019200.0 134.809 NA 107 435 0 NA NA NA NA NA NA 175 620 0 NA NA NA NA NA NA 74 2306 130 NA NA NA NA NA NA 89 1071 151 NA NA NA NA NA 
1734019200.0 134.81 NA 106 437 0 NA NA NA NA NA NA 178 611 0 NA NA NA NA NA NA 75 2311 131 NA NA NA NA NA NA 117 1101 150 NA NA NA NA NA 
1734019200.0 134.811 NA 106 444 0 NA NA NA NA NA NA 176 628 0 NA NA NA NA NA NA 75 2429 130 NA NA NA NA NA NA 100 1156 168 NA NA NA NA NA 
1734019200.0 134.812 NA 103 429 0 NA NA NA NA NA NA 177 601 0 NA NA NA NA NA NA 66 1551 128 NA NA NA NA NA NA 77 959 143 NA NA NA NA NA 
1734019200.0 134.813 NA 267 130 0 NA NA NA NA NA NA 418 203 0 NA NA NA NA NA NA 473 100 90 NA NA NA NA NA NA 315 130 119 NA NA NA NA NA 
1734019200.0 134.901 NA 107 428 0 NA NA NA NA NA NA 174 592 0 NA NA NA NA NA NA 67 1598 126 NA NA NA NA NA NA 96 1017 139 NA NA NA NA NA 
1734019200.0 134.902 NA 107 431 0 NA NA NA NA NA NA 179 596 0 NA NA NA NA NA NA 71 1961 126 NA NA NA NA NA NA 86 1019 140 NA NA NA NA NA 
1734019200.0 134.903 NA 107 429 0 NA NA NA NA NA NA 180 598 0 NA NA NA NA NA NA 70 1856 129 NA NA NA NA NA NA 69 1055 143 NA NA NA NA NA 
1734019200.0 134.904 NA 105 437 0 NA NA NA NA NA NA 178 595 0 NA NA NA NA NA NA 73 2220 131 NA NA NA NA NA NA 94 1063 160 NA NA NA NA NA 
1734019200.0 134.905 NA 107 433 0 NA NA NA NA NA NA 178 590 0 NA NA NA NA NA NA 70 1823 128 NA NA NA NA NA NA 93 1044 141 NA NA NA NA NA 
1734019200.0 134.906 NA 107 434 0 NA NA NA NA NA NA 178 585 0 NA NA NA NA NA NA 72 2125 131 NA NA NA NA NA NA 133 1069 147 NA NA NA NA NA 
1734019200.0 134.907 NA 208 468 0 NA NA NA NA NA NA 300 656 0 NA NA NA NA NA NA 221 1972 140 NA NA NA NA NA NA 231 989 167 NA NA NA NA NA 
1734019200.0 134.908 NA 213 471 0 NA NA NA NA NA NA 305 635 0 NA NA NA NA NA NA 189 2031 139 NA NA NA NA NA NA 189 990 165 NA NA NA NA NA 
1734019200.0 134.909 NA 107 428 0 NA NA NA NA NA NA 176 571 0 NA NA NA NA NA NA 71 1905 127 NA NA NA NA NA NA 99 1028 143 NA NA NA NA NA 
1734019200.0 134.91 NA 107 427 0 NA NA NA NA NA NA 179 602 0 NA NA NA NA NA NA 69 1763 132 NA NA NA NA NA NA 86 937 151 NA NA NA NA NA 
1734019200.0 134.911 NA 108 430 0 NA NA NA NA NA NA 184 604 0 NA NA NA NA NA NA 69 1914 130 NA NA NA NA NA NA 82 1156 150 NA NA NA NA NA 
1734019200.0 134.912 NA 104 429 0 NA NA NA NA NA NA 172 607 0 NA NA NA NA NA NA 66 1489 128 NA NA NA NA NA NA 85 981 140 NA NA NA NA NA 
1734019200.0 134.99601 NA 105 435 0 NA NA NA NA NA NA 177 621 0 NA NA NA NA NA NA 78 2915 136 NA NA NA NA NA NA 84 1322 155 NA NA NA NA NA 
1734019200.0 134.99602 NA 107 430 0 NA NA NA NA NA NA 179 608 0 NA NA NA NA NA NA 71 1655 126 NA NA NA NA NA NA 95 919 145 NA NA NA NA NA 
1734019200.0 134.99603 NA 108 438 0 NA NA NA NA NA NA 186 621 0 NA NA NA NA NA NA 74 2242 131 NA NA NA NA NA NA 98 1108 157 NA NA NA NA NA 
1734019200.0 134.99901 NA 107 426 0 NA NA NA NA NA NA 177 592 0 NA NA NA NA NA NA 70 1755 128 NA NA NA NA NA NA 79 919 174 NA NA NA NA NA 
1734019200.0 1340.0 NA 243 443 0 NA NA NA NA NA NA 336 611 0 NA NA NA NA NA NA 162 654 146 NA NA NA NA NA NA 153 715 163 NA NA NA NA NA 
1734019200.0 1341.0 NA 257 469 0 NA NA NA NA NA NA 336 631 0 NA NA NA NA NA NA 181 889 155 NA NA NA NA NA NA 200 678 175 NA NA NA NA NA 
1734019200.0 1343.0 NA 250 458 0 NA NA NA NA NA NA 345 614 0 NA NA NA NA NA NA 172 743 152 NA NA NA NA NA NA 198 688 170 NA NA NA NA NA 
1734019200.0 13434.0 NA 824 0 NA NA NA NA NA NA NA 1084 0 NA NA NA NA NA NA NA 2635 130 NA NA NA NA NA NA NA 1269 154 NA NA NA NA NA NA 
1734019200.0 1344.0 NA 248 454 0 NA NA NA NA NA NA 350 631 0 NA NA NA NA NA NA 165 724 148 NA NA NA NA NA NA 186 637 162 NA NA NA NA NA 
1734019200.0 1345.0 NA 251 454 0 NA NA NA NA NA NA 353 630 0 NA NA NA NA NA NA 169 720 152 NA NA NA NA NA NA 173 762 171 NA NA NA NA NA 
1734019200.0 1347.0 NA 248 451 0 NA NA NA NA NA NA 342 631 0 NA NA NA NA NA NA 168 694 150 NA NA NA NA NA NA 187 668 169 NA NA NA NA NA 
1734019200.0 1348.0 NA 246 451 0 NA NA NA NA NA NA 339 592 0 NA NA NA NA NA NA 165 658 147 NA NA NA NA NA NA 170 633 168 NA NA NA NA NA 
1734019200.0 1349.0 NA 247 450 0 NA NA NA NA NA NA 335 636 0 NA NA NA NA NA NA 167 675 150 NA NA NA NA NA NA 173 812 176 NA NA NA NA NA 
1734019200.0 135.1 452 0 218 174 NA NA NA NA NA 584 0 315 270 NA NA NA NA NA 419 105 285 196 NA NA NA NA NA 496 170 414 243 NA NA NA NA NA 
1734019200.0 135.11 449 0 223 176 NA NA NA NA NA 586 0 321 266 NA NA NA NA NA 497 105 342 199 NA NA NA NA NA 514 142 360 268 NA NA NA NA NA 
1734019200.0 135.12 442 0 218 172 NA NA NA NA NA 592 0 315 264 NA NA NA NA NA 401 102 279 195 NA NA NA NA NA 528 190 333 269 NA NA NA NA NA 
1734019200.0 135.13 458 0 NA NA NA NA NA NA NA 586 0 NA NA NA NA NA NA NA 398 135 NA NA NA NA NA NA NA 406 177 NA NA NA NA NA NA NA 
1734019200.0 135.14 444 0 230 176 NA NA NA NA NA 579 0 333 259 NA NA NA NA NA 387 97 267 191 NA NA NA NA NA 327 118 264 234 NA NA NA NA NA 
1734019200.0 135.2 366 0 166 172 NA NA NA NA NA 520 0 313 268 NA NA NA NA NA 357 95 269 199 NA NA NA NA NA 544 125 338 293 NA NA NA NA NA 
1734019200.0 135.3 365 0 213 172 NA NA NA NA NA 512 0 326 266 NA NA NA NA NA 336 88 255 190 NA NA NA NA NA 306 111 283 224 NA NA NA NA NA 
1734019200.0 135.4 439 0 215 173 NA NA NA NA NA 598 0 320 267 NA NA NA NA NA 375 92 257 187 NA NA NA NA NA 337 115 278 221 NA NA NA NA NA 
1734019200.0 135.5 436 0 216 173 NA NA NA NA NA 588 0 313 262 NA NA NA NA NA 383 97 270 195 NA NA NA NA NA 423 117 308 267 NA NA NA NA NA 
1734019200.0 135.6 441 0 220 173 NA NA NA NA NA 597 0 311 260 NA NA NA NA NA 415 101 281 196 NA NA NA NA NA 399 176 346 319 NA NA NA NA NA 
1734019200.0 135.7 435 0 222 172 NA NA NA NA NA 586 0 316 262 NA NA NA NA NA 376 90 257 188 NA NA NA NA NA 362 107 308 228 NA NA NA NA NA 
1734019200.0 135.8 193 NA NA NA NA NA NA NA NA 289 NA NA NA NA NA NA NA NA 346 NA NA NA NA NA NA NA NA 262 NA NA NA NA NA NA NA NA 
1734019200.0 135.9 437 0 215 174 NA NA NA NA NA 591 0 315 259 NA NA NA NA NA 366 92 254 187 NA NA NA NA NA 391 121 275 220 NA NA NA NA NA 
1734019200.0 1350.0 NA 248 450 0 NA NA NA NA NA NA 342 612 0 NA NA NA NA NA NA 169 675 148 NA NA NA NA NA NA 163 620 163 NA NA NA NA NA 
1734019200.0 1351.0 NA 248 454 0 NA NA NA NA NA NA 331 619 0 NA NA NA NA NA NA 164 669 149 NA NA NA NA NA NA 164 621 166 NA NA NA NA NA 
1734019200.0 1352.0 NA 245 447 0 NA NA NA NA NA NA 340 610 0 NA NA NA NA NA NA 163 661 146 NA NA NA NA NA NA 203 670 158 NA NA NA NA NA 
1734019200.0 1353.0 NA 249 453 0 NA NA NA NA NA NA 350 622 0 NA NA NA NA NA NA 168 707 148 NA NA NA NA NA NA 153 788 162 NA NA NA NA NA 
1734019200.0 1354.0 NA 247 457 0 NA NA NA NA NA NA 338 611 0 NA NA NA NA NA NA 170 719 150 NA NA NA NA NA NA 155 729 167 NA NA NA NA NA 
1734019200.0 1355.0 NA 253 457 0 NA NA NA NA NA NA 348 634 0 NA NA NA NA NA NA 176 716 150 NA NA NA NA NA NA 156 695 168 NA NA NA NA NA 
1734019200.0 1356.0 169 240 484 0 232 NA NA NA NA 262 332 641 0 318 NA NA NA NA 732 162 722 150 279 NA NA NA NA 388 145 667 173 354 NA NA NA NA 
1734019200.0 136.721 NA 187 476 0 NA NA NA NA NA NA 261 657 0 NA NA NA NA NA NA 164 2272 131 NA NA NA NA NA NA 203 1055 161 NA NA NA NA NA 
1734019200.0 136.722 NA 186 457 0 NA NA NA NA NA NA 256 635 0 NA NA NA NA NA NA 165 2719 96 NA NA NA NA NA NA 141 1298 105 NA NA NA NA NA 
1734019200.0 136.723 NA 186 476 0 NA NA NA NA NA NA 260 667 0 NA NA NA NA NA NA 170 2482 129 NA NA NA NA NA NA 175 1113 141 NA NA NA NA NA 
1734019200.0 136.724 NA 187 460 0 NA NA NA NA NA NA 261 626 0 NA NA NA NA NA NA 168 3070 97 NA NA NA NA NA NA 141 1318 115 NA NA NA NA NA 
1734019200.0 136.725 NA 188 454 0 NA NA NA NA NA NA 267 650 0 NA NA NA NA NA NA 164 2543 95 NA NA NA NA NA NA 158 1220 120 NA NA NA NA NA 
1734019200.0 136.726 NA 187 410 0 NA NA NA NA NA NA 262 609 0 NA NA NA NA NA NA 169 2701 86 NA NA NA NA NA NA 169 1229 103 NA NA NA NA NA 
1734019200.0 136.727 NA 295 515 0 NA NA NA NA NA NA 385 704 0 NA NA NA NA NA NA 286 2522 133 NA NA NA NA NA NA 219 1128 149 NA NA NA NA NA 
1734019200.0 136.728 NA 291 521 0 NA NA NA NA NA NA 396 713 0 NA NA NA NA NA NA 339 2911 139 NA NA NA NA NA NA 285 1301 157 NA NA NA NA NA 
1734019200.0 136.729 NA 186 487 0 NA NA NA NA NA NA 262 656 0 NA NA NA NA NA NA 162 2606 107 NA NA NA NA NA NA 189 1130 129 NA NA NA NA NA 
1734019200.0 136.73 NA 187 489 0 NA NA NA NA NA NA 269 707 0 NA NA NA NA NA NA 172 2730 105 NA NA NA NA NA NA 148 1310 119 NA NA NA NA NA 
1734019200.0 136.731 NA 188 464 0 NA NA NA NA NA NA 269 648 0 NA NA NA NA NA NA 163 2663 97 NA NA NA NA NA NA 147 1235 115 NA NA NA NA NA 
1734019200.0 136.732 NA 188 522 0 NA NA NA NA NA NA 266 702 0 NA NA NA NA NA NA 160 2100 129 NA NA NA NA NA NA 155 1075 138 NA NA NA NA NA 
1734019200.0 136.733 NA 279 138 0 NA NA NA NA NA NA 438 214 0 NA NA NA NA NA NA 411 123 89 NA NA NA NA NA NA 307 215 115 NA NA NA NA NA 
1734019200.0 136.734 NA 185 374 0 NA NA NA NA NA NA 267 588 0 NA NA NA NA NA NA 189 2716 105 NA NA NA NA NA NA 194 1352 129 NA NA NA NA NA 
1734019200.0 136.735 NA 191 416 0 NA NA NA NA NA NA 276 582 0 NA NA NA NA NA NA 155 1015 107 NA NA NA NA NA NA 193 935 136 NA NA NA NA NA 
1734019200.0 136.736 NA 187 494 0 NA NA NA NA NA NA 270 698 0 NA NA NA NA NA NA 187 3810 137 NA NA NA NA NA NA 150 1438 153 NA NA NA NA NA 
1734019200.0 136.737 NA 187 417 0 NA NA NA NA NA NA 261 655 0 NA NA NA NA NA NA 192 4421 103 NA NA NA NA NA NA 194 1878 122 NA NA NA NA NA 
1734019200.0 136.738 NA 187 490 0 NA NA NA NA NA NA 267 686 0 NA NA NA NA NA NA 206 4294 142 NA NA NA NA NA NA 186 1699 162 NA NA NA NA NA 
1734019200.0 136.739 NA 186 473 0 NA NA NA NA NA NA 262 689 0 NA NA NA NA NA NA 193 4953 96 NA NA NA NA NA NA 195 1901 111 NA NA NA NA NA 
1734019200.0 136.74 NA 187 476 0 NA NA NA NA NA NA 268 664 0 NA NA NA NA NA NA 191 4325 98 NA NA NA NA NA NA 162 1785 118 NA NA NA NA NA 
1734019200.0 136.741 NA 186 419 0 NA NA NA NA NA NA 258 610 0 NA NA NA NA NA NA 200 4252 91 NA NA NA NA NA NA 179 1669 107 NA NA NA NA NA 
1734019200.0 136.742 NA 187 490 0 NA NA NA NA NA NA 259 712 0 NA NA NA NA NA NA 190 4101 110 NA NA NA NA NA NA 155 1660 124 NA NA NA NA NA 
1734019200.0 136.743 NA 187 542 0 NA NA NA NA NA NA 263 746 0 NA NA NA NA NA NA 193 3895 114 NA NA NA NA NA NA 185 1579 132 NA NA NA NA NA 
1734019200.0 136.744 NA 186 468 0 NA NA NA NA NA NA 265 667 0 NA NA NA NA NA NA 191 4330 102 NA NA NA NA NA NA 163 1759 121 NA NA NA NA NA 
1734019200.0 136.745 NA 188 534 0 NA NA NA NA NA NA 267 745 0 NA NA NA NA NA NA 178 3098 138 NA NA NA NA NA NA 146 1308 156 NA NA NA NA NA 
1734019200.0 136.746 NA 187 422 0 NA NA NA NA NA NA 269 619 0 NA NA NA NA NA NA 205 4042 108 NA NA NA NA NA NA 170 1623 126 NA NA NA NA NA 
1734019200.0 136.747 NA 188 500 0 NA NA NA NA NA NA 261 698 0 NA NA NA NA NA NA 185 3910 137 NA NA NA NA NA NA 141 1508 152 NA NA NA NA NA 
1734019200.0 136.748 NA 187 417 0 NA NA NA NA NA NA 264 609 0 NA NA NA NA NA NA 187 3934 100 NA NA NA NA NA NA 147 1590 118 NA NA NA NA NA 
1734019200.0 136.749 NA 188 496 0 NA NA NA NA NA NA 271 700 0 NA NA NA NA NA NA 206 4400 144 NA NA NA NA NA NA 163 1715 165 NA NA NA NA NA 
1734019200.0 136.75 NA 189 487 0 NA NA NA NA NA NA 269 687 0 NA NA NA NA NA NA 191 4921 95 NA NA NA NA NA NA 179 1754 124 NA NA NA NA NA 
1734019200.0 136.751 NA 188 479 0 NA NA NA NA NA NA 267 707 0 NA NA NA NA NA NA 193 5099 98 NA NA NA NA NA NA 167 2164 114 NA NA NA NA NA 
1734019200.0 136.752 NA 187 422 0 NA NA NA NA NA NA 257 617 0 NA NA NA NA NA NA 199 4202 89 NA NA NA NA NA NA 172 1674 99 NA NA NA NA NA 
1734019200.0 136.753 NA 187 502 0 NA NA NA NA NA NA 272 701 0 NA NA NA NA NA NA 188 4214 110 NA NA NA NA NA NA 164 1613 124 NA NA NA NA NA 
1734019200.0 136.754 NA 192 548 0 NA NA NA NA NA NA 279 725 0 NA NA NA NA NA NA 186 3615 116 NA NA NA NA NA NA 212 1439 132 NA NA NA NA NA 
1734019200.0 136.755 NA 189 457 0 NA NA NA NA NA NA 271 690 0 NA NA NA NA NA NA 197 4633 101 NA NA NA NA NA NA 197 1911 122 NA NA NA NA NA 
1734019200.0 136.756 NA 188 537 0 NA NA NA NA NA NA 262 739 0 NA NA NA NA NA NA 176 2932 145 NA NA NA NA NA NA 150 1278 183 NA NA NA NA NA 
1734019200.0 136.757 NA 189 431 0 NA NA NA NA NA NA 276 611 0 NA NA NA NA NA NA 198 3892 107 NA NA NA NA NA NA 151 1540 123 NA NA NA NA NA 
1734019200.0 136.758 NA 188 505 0 NA NA NA NA NA NA 274 730 0 NA NA NA NA NA NA 199 4865 139 NA NA NA NA NA NA 207 1809 158 NA NA NA NA NA 
1734019200.0 136.759 NA 185 482 0 NA NA NA NA NA NA 268 682 0 NA NA NA NA NA NA 190 5172 98 NA NA NA NA NA NA 211 1870 123 NA NA NA NA NA 
1734019200.0 136.76 NA 187 513 0 NA NA NA NA NA NA 276 727 0 NA NA NA NA NA NA 202 5693 132 NA NA NA NA NA NA 164 1927 150 NA NA NA NA NA 
1734019200.0 136.761 NA 187 489 0 NA NA NA NA NA NA 267 717 0 NA NA NA NA NA NA 195 6446 92 NA NA NA NA NA NA 162 2208 104 NA NA NA NA NA 
1734019200.0 136.762 NA 188 457 0 NA NA NA NA NA NA 272 657 0 NA NA NA NA NA NA 200 7102 93 NA NA NA NA NA NA 235 2570 112 NA NA NA NA NA 
1734019200.0 136.763 NA 185 434 0 NA NA NA NA NA NA 270 608 0 NA NA NA NA NA NA 212 5786 88 NA NA NA NA NA NA 268 2100 99 NA NA NA NA NA 
1734019200.0 136.764 NA 185 507 0 NA NA NA NA NA NA 255 738 0 NA NA NA NA NA NA 202 5680 110 NA NA NA NA NA NA 272 2020 122 NA NA NA NA NA 
1734019200.0 136.765 NA 187 553 0 NA NA NA NA NA NA 273 748 0 NA NA NA NA NA NA 201 4851 115 NA NA NA NA NA NA 188 1862 130 NA NA NA NA NA 
1734019200.0 136.766 NA 186 465 0 NA NA NA NA NA NA 262 656 0 NA NA NA NA NA NA 196 5455 98 NA NA NA NA NA NA 188 1914 126 NA NA NA NA NA 
1734019200.0 136.767 NA 187 544 0 NA NA NA NA NA NA 271 727 0 NA NA NA NA NA NA 185 4147 142 NA NA NA NA NA NA 154 1595 159 NA NA NA NA NA 
1734019200.0 136.768 NA 187 433 0 NA NA NA NA NA NA 268 617 0 NA NA NA NA NA NA 205 5198 104 NA NA NA NA NA NA 191 1842 130 NA NA NA NA NA 
1734019200.0 136.769 NA 190 497 0 NA NA NA NA NA NA 269 668 0 NA NA NA NA NA NA 178 3853 140 NA NA NA NA NA NA 163 1537 156 NA NA NA NA NA 
1734019200.0 136.77 NA 187 473 0 NA NA NA NA NA NA 256 678 0 NA NA NA NA NA NA 179 4014 99 NA NA NA NA NA NA 162 1620 116 NA NA NA NA NA 
1734019200.0 136.771 NA 187 497 0 NA NA NA NA NA NA 263 680 0 NA NA NA NA NA NA 187 3843 139 NA NA NA NA NA NA 146 1518 156 NA NA NA NA NA 
1734019200.0 136.772 NA 186 467 0 NA NA NA NA NA NA 270 663 0 NA NA NA NA NA NA 187 4614 98 NA NA NA NA NA NA 211 1815 118 NA NA NA NA NA 
1734019200.0 136.773 NA 187 476 0 NA NA NA NA NA NA 274 679 0 NA NA NA NA NA NA 180 4035 98 NA NA NA NA NA NA 153 1669 109 NA NA NA NA NA 
1734019200.0 136.774 NA 188 427 0 NA NA NA NA NA NA 274 614 0 NA NA NA NA NA NA 178 4049 88 NA NA NA NA NA NA 169 1669 97 NA NA NA NA NA 
1734019200.0 136.775 NA 187 495 0 NA NA NA NA NA NA 271 700 0 NA NA NA NA NA NA 176 3819 111 NA NA NA NA NA NA 181 1573 125 NA NA NA NA NA 
1734019200.0 136.776 NA 188 534 0 NA NA NA NA NA NA 272 746 0 NA NA NA NA NA NA 176 3612 116 NA NA NA NA NA NA 142 1456 132 NA NA NA NA NA 
1734019200.0 136.777 NA 188 476 0 NA NA NA NA NA NA 262 662 0 NA NA NA NA NA NA 176 4199 102 NA NA NA NA NA NA 189 1706 116 NA NA NA NA NA 
1734019200.0 136.778 NA 188 528 0 NA NA NA NA NA NA 271 726 0 NA NA NA NA NA NA 169 2673 141 NA NA NA NA NA NA 138 1193 158 NA NA NA NA NA 
1734019200.0 136.779 NA 188 423 0 NA NA NA NA NA NA 270 632 0 NA NA NA NA NA NA 191 3820 106 NA NA NA NA NA NA 175 1571 119 NA NA NA NA NA 
1734019200.0 136.78 NA 208 582 0 NA NA NA NA NA NA 288 800 0 NA NA NA NA NA NA 177 4763 152 NA NA NA NA NA NA 176 1814 174 NA NA NA NA NA 
1734019200.0 136.7801 NA 185 0 NA NA NA NA NA NA NA 268 0 NA NA NA NA NA NA NA 231 80 NA NA NA NA NA NA NA 322 107 NA NA NA NA NA NA 
1734019200.0 136.7802 NA 132 0 NA NA NA NA NA NA NA 202 0 NA NA NA NA NA NA NA 134 72 NA NA NA NA NA NA NA 208 86 NA NA NA NA NA NA 
1734019200.0 136.7803 NA 187 0 NA NA NA NA NA NA NA 275 0 NA NA NA NA NA NA NA 290 73 NA NA NA NA NA NA NA 513 88 NA NA NA NA NA NA 
1734019200.0 136.781 NA 209 504 0 NA NA NA NA NA NA 288 753 0 NA NA NA NA NA NA 179 4992 118 NA NA NA NA NA NA 183 1872 134 NA NA NA NA NA 
1734019200.0 136.782 NA 209 585 0 NA NA NA NA NA NA 283 833 0 NA NA NA NA NA NA 192 5225 146 NA NA NA NA NA NA 173 1829 162 NA NA NA NA NA 
1734019200.0 136.783 NA 209 512 0 NA NA NA NA NA NA 295 781 0 NA NA NA NA NA NA 177 6187 112 NA NA NA NA NA NA 152 2166 129 NA NA NA NA NA 
1734019200.0 136.784 NA 209 473 0 NA NA NA NA NA NA 294 666 0 NA NA NA NA NA NA 181 4784 115 NA NA NA NA NA NA 194 1899 128 NA NA NA NA NA 
1734019200.0 136.785 NA 210 478 0 NA NA NA NA NA NA 291 681 0 NA NA NA NA NA NA 194 5367 109 NA NA NA NA NA NA 191 1956 123 NA NA NA NA NA 
1734019200.0 136.786 NA 210 594 0 NA NA NA NA NA NA 293 820 0 NA NA NA NA NA NA 179 5257 132 NA NA NA NA NA NA 186 1994 149 NA NA NA NA NA 
1734019200.0 136.787 NA 209 671 0 NA NA NA NA NA NA 288 918 0 NA NA NA NA NA NA 177 4890 126 NA NA NA NA NA NA 166 1842 135 NA NA NA NA NA 
1734019200.0 136.788 NA 210 516 0 NA NA NA NA NA NA 301 784 0 NA NA NA NA NA NA 174 5669 113 NA NA NA NA NA NA 182 1998 127 NA NA NA NA NA 
1734019200.0 136.789 NA 208 644 0 NA NA NA NA NA NA 289 847 0 NA NA NA NA NA NA 176 4503 156 NA NA NA NA NA NA 201 1701 211 NA NA NA NA NA 
1734019200.0 136.79 NA 213 472 0 NA NA NA NA NA NA 294 680 0 NA NA NA NA NA NA 176 3072 123 NA NA NA NA NA NA 184 1373 139 NA NA NA NA NA 
1734019200.0 136.791 NA 211 498 0 NA NA NA NA NA NA 295 719 0 NA NA NA NA NA NA 152 1129 123 NA NA NA NA NA NA 152 991 135 NA NA NA NA NA 
1734019200.0 136.792 NA 212 589 0 NA NA NA NA NA NA 298 810 0 NA NA NA NA NA NA 175 4129 150 NA NA NA NA NA NA 160 1710 169 NA NA NA NA NA 
1734019200.0 136.793 NA 210 479 0 NA NA NA NA NA NA 291 751 0 NA NA NA NA NA NA 175 3973 118 NA NA NA NA NA NA 188 1665 136 NA NA NA NA NA 
1734019200.0 136.794 NA 211 582 0 NA NA NA NA NA NA 292 821 0 NA NA NA NA NA NA 184 4265 153 NA NA NA NA NA NA 193 1709 171 NA NA NA NA NA 
1734019200.0 136.795 NA 209 519 0 NA NA NA NA NA NA 288 731 0 NA NA NA NA NA NA 177 4520 120 NA NA NA NA NA NA 201 1842 135 NA NA NA NA NA 
1734019200.0 136.796 NA 212 476 0 NA NA NA NA NA NA 302 667 0 NA NA NA NA NA NA 172 3989 116 NA NA NA NA NA NA 187 1615 132 NA NA NA NA NA 
1734019200.0 136.797 NA 212 466 0 NA NA NA NA NA NA 305 665 0 NA NA NA NA NA NA 178 4445 110 NA NA NA NA NA NA 151 1832 128 NA NA NA NA NA 
1734019200.0 136.798 NA 208 581 0 NA NA NA NA NA NA 289 781 0 NA NA NA NA NA NA 170 4296 129 NA NA NA NA NA NA 166 1874 142 NA NA NA NA NA 
1734019200.0 136.799 NA 211 684 0 NA NA NA NA NA NA 294 928 0 NA NA NA NA NA NA 182 4184 132 NA NA NA NA NA NA 205 1752 144 NA NA NA NA NA 
1734019200.0 136.8 NA 210 525 0 NA NA NA NA NA NA 288 746 0 NA NA NA NA NA NA 176 4384 120 NA NA NA NA NA NA 188 1809 140 NA NA NA NA NA 
1734019200.0 136.801 NA 209 636 0 NA NA NA NA NA NA 290 847 0 NA NA NA NA NA NA 160 2911 149 NA NA NA NA NA NA 158 1298 167 NA NA NA NA NA 
1734019200.0 136.802 NA 209 475 0 NA NA NA NA NA NA 285 708 0 NA NA NA NA NA NA 182 3771 121 NA NA NA NA NA NA 144 1625 136 NA NA NA NA NA 
1734019200.0 136.803 NA 211 502 0 NA NA NA NA NA NA 296 700 0 NA NA NA NA NA NA 156 1098 123 NA NA NA NA NA NA 156 964 136 NA NA NA NA NA 
1734019200.0 136.804 NA 210 580 0 NA NA NA NA NA NA 296 820 0 NA NA NA NA NA NA 180 4030 151 NA NA NA NA NA NA 189 1584 167 NA NA NA NA NA 
1734019200.0 136.805 NA 210 508 0 NA NA NA NA NA NA 289 769 0 NA NA NA NA NA NA 171 4291 118 NA NA NA NA NA NA 152 1796 135 NA NA NA NA NA 
1734019200.0 136.806 NA 210 574 0 NA NA NA NA NA NA 299 833 0 NA NA NA NA NA NA 180 4070 154 NA NA NA NA NA NA 142 1577 177 NA NA NA NA NA 
1734019200.0 136.807 NA 211 513 0 NA NA NA NA NA NA 302 757 0 NA NA NA NA NA NA 173 4573 117 NA NA NA NA NA NA 173 1849 133 NA NA NA NA NA 
1734019200.0 136.808 NA 209 514 0 NA NA NA NA NA NA 284 752 0 NA NA NA NA NA NA 174 4212 116 NA NA NA NA NA NA 165 1942 131 NA NA NA NA NA 
1734019200.0 136.809 NA 212 449 0 NA NA NA NA NA NA 297 664 0 NA NA NA NA NA NA 184 4171 106 NA NA NA NA NA NA 164 1864 122 NA NA NA NA NA 
1734019200.0 136.81 NA 208 576 0 NA NA NA NA NA NA 292 817 0 NA NA NA NA NA NA 171 4026 134 NA NA NA NA NA NA 161 1602 150 NA NA NA NA NA 
1734019200.0 136.811 NA 211 645 0 NA NA NA NA NA NA 293 897 0 NA NA NA NA NA NA 176 4187 137 NA NA NA NA NA NA 178 1929 169 NA NA NA NA NA 
1734019200.0 136.812 NA 209 510 0 NA NA NA NA NA NA 294 740 0 NA NA NA NA NA NA 176 4685 118 NA NA NA NA NA NA 165 2112 134 NA NA NA NA NA 
1734019200.0 136.813 NA 210 636 0 NA NA NA NA NA NA 294 847 0 NA NA NA NA NA NA 162 2929 155 NA NA NA NA NA NA 150 1316 184 NA NA NA NA NA 
1734019200.0 136.814 NA 209 469 0 NA NA NA NA NA NA 306 662 0 NA NA NA NA NA NA 183 3958 127 NA NA NA NA NA NA 174 1648 139 NA NA NA NA NA 
1734019200.0 136.815 NA 214 498 0 NA NA NA NA NA NA 297 698 0 NA NA NA NA NA NA 153 1169 122 NA NA NA NA NA NA 152 1069 134 NA NA NA NA NA 
1734019200.0 136.816 NA 211 601 0 NA NA NA NA NA NA 293 861 0 NA NA NA NA NA NA 179 5781 144 NA NA NA NA NA NA 181 1968 159 NA NA NA NA NA 
1734019200.0 136.817 NA 210 524 0 NA NA NA NA NA NA 290 771 0 NA NA NA NA NA NA 178 5140 113 NA NA NA NA NA NA 186 1866 127 NA NA NA NA NA 
1734019200.0 136.818 NA 210 600 0 NA NA NA NA NA NA 286 842 0 NA NA NA NA NA NA 186 5429 147 NA NA NA NA NA NA 145 1891 158 NA NA NA NA NA 
1734019200.0 136.819 NA 210 520 0 NA NA NA NA NA NA 291 775 0 NA NA NA NA NA NA 184 6262 112 NA NA NA NA NA NA 223 2300 129 NA NA NA NA NA 
1734019200.0 136.82 NA 210 494 0 NA NA NA NA NA NA 290 697 0 NA NA NA NA NA NA 181 5818 110 NA NA NA NA NA NA 182 2040 120 NA NA NA NA NA 
1734019200.0 136.821 NA 210 476 0 NA NA NA NA NA NA 287 677 0 NA NA NA NA NA NA 183 5279 106 NA NA NA NA NA NA 173 1886 131 NA NA NA NA NA 
1734019200.0 136.822 NA 207 586 0 NA NA NA NA NA NA 286 810 0 NA NA NA NA NA NA 185 5357 131 NA NA NA NA NA NA 263 2105 148 NA NA NA NA NA 
1734019200.0 136.823 NA 209 683 0 NA NA NA NA NA NA 290 948 0 NA NA NA NA NA NA 180 5009 127 NA NA NA NA NA NA 171 1884 139 NA NA NA NA NA 
1734019200.0 136.824 NA 211 531 0 NA NA NA NA NA NA 295 753 0 NA NA NA NA NA NA 183 6596 113 NA NA NA NA NA NA 217 2368 126 NA NA NA NA NA 
1734019200.0 136.825 NA 210 649 0 NA NA NA NA NA NA 295 922 0 NA NA NA NA NA NA 165 3732 155 NA NA NA NA NA NA 151 1568 216 NA NA NA NA NA 
1734019200.0 136.826 NA 210 483 0 NA NA NA NA NA NA 291 700 0 NA NA NA NA NA NA 189 5169 119 NA NA NA NA NA NA 181 1878 130 NA NA NA NA NA 
1734019200.0 136.827 NA 214 501 0 NA NA NA NA NA NA 295 690 0 NA NA NA NA NA NA 153 1194 124 NA NA NA NA NA NA 145 1026 146 NA NA NA NA NA 
1734019200.0 136.828 NA 217 614 0 NA NA NA NA NA NA 310 887 0 NA NA NA NA NA NA 183 6289 148 NA NA NA NA NA NA 182 2383 178 NA NA NA NA NA 
1734019200.0 136.829 NA 211 526 0 NA NA NA NA NA NA 297 780 0 NA NA NA NA NA NA 177 6170 114 NA NA NA NA NA NA 201 2337 129 NA NA NA NA NA 
1734019200.0 136.83 NA 209 601 0 NA NA NA NA NA NA 281 848 0 NA NA NA NA NA NA 192 6155 145 NA NA NA NA NA NA 177 2128 161 NA NA NA NA NA 
1734019200.0 136.831 NA 211 537 0 NA NA NA NA NA NA 295 794 0 NA NA NA NA NA NA 187 6763 111 NA NA NA NA NA NA 238 2508 128 NA NA NA NA NA 
1734019200.0 136.832 NA 211 554 0 NA NA NA NA NA NA 289 787 0 NA NA NA NA NA NA 188 7507 111 NA NA NA NA NA NA 231 2836 125 NA NA NA NA NA 
1734019200.0 136.833 NA 211 483 0 NA NA NA NA NA NA 283 693 0 NA NA NA NA NA NA 188 6435 104 NA NA NA NA NA NA 176 2487 127 NA NA NA NA NA 
1734019200.0 136.834 NA 209 607 0 NA NA NA NA NA NA 289 839 0 NA NA NA NA NA NA 179 6109 124 NA NA NA NA NA NA 183 2326 135 NA NA NA NA NA 
1734019200.0 136.835 NA 210 686 0 NA NA NA NA NA NA 287 947 0 NA NA NA NA NA NA 183 5698 128 NA NA NA NA NA NA 191 2113 141 NA NA NA NA NA 
1734019200.0 136.836 NA 210 540 0 NA NA NA NA NA NA 285 816 0 NA NA NA NA NA NA 185 6715 114 NA NA NA NA NA NA 197 2449 130 NA NA NA NA NA 
1734019200.0 136.837 NA 210 665 0 NA NA NA NA NA NA 293 880 0 NA NA NA NA NA NA 178 4798 155 NA NA NA NA NA NA 199 1842 176 NA NA NA NA NA 
1734019200.0 136.838 NA 211 496 0 NA NA NA NA NA NA 286 719 0 NA NA NA NA NA NA 193 5740 120 NA NA NA NA NA NA 189 2011 164 NA NA NA NA NA 
1734019200.0 136.839 NA 218 505 0 NA NA NA NA NA NA 305 687 0 NA NA NA NA NA NA 154 1213 123 NA NA NA NA NA NA 151 1051 135 NA NA NA NA NA 
1734019200.0 136.8391 NA 255 624 0 NA NA NA NA NA NA 360 839 0 NA NA NA NA NA NA 385 5298 129 NA NA NA NA NA NA 331 1835 141 NA NA NA NA NA 
1734019200.0 136.84 NA 211 478 0 NA NA NA NA NA NA 298 660 0 NA NA NA NA NA NA 185 4911 108 NA NA NA NA NA NA 179 1845 121 NA NA NA NA NA 
1734019200.0 136.841 NA 213 474 0 NA NA NA NA NA NA 294 670 0 NA NA NA NA NA NA 179 5079 110 NA NA NA NA NA NA 212 1966 128 NA NA NA NA NA 
1734019200.0 136.842 NA 211 486 0 NA NA NA NA NA NA 298 727 0 NA NA NA NA NA NA 182 6612 104 NA NA NA NA NA NA 207 2332 118 NA NA NA NA NA 
1734019200.0 136.843 NA 208 483 0 NA NA NA NA NA NA 295 767 0 NA NA NA NA NA NA 191 7884 105 NA NA NA NA NA NA 256 2897 123 NA NA NA NA NA 
1734019200.0 136.844 NA 209 452 0 NA NA NA NA NA NA 292 689 0 NA NA NA NA NA NA 191 4531 110 NA NA NA NA NA NA 164 1941 125 NA NA NA NA NA 
1734019200.0 136.845 NA 211 460 0 NA NA NA NA NA NA 298 659 0 NA NA NA NA NA NA 179 3847 108 NA NA NA NA NA NA 153 1563 124 NA NA NA NA NA 
1734019200.0 136.846 NA 210 454 0 NA NA NA NA NA NA 289 657 0 NA NA NA NA NA NA 180 3656 108 NA NA NA NA NA NA 143 1546 122 NA NA NA NA NA 
1734019200.0 136.847 NA 209 480 0 NA NA NA NA NA NA 289 686 0 NA NA NA NA NA NA 203 5366 108 NA NA NA NA NA NA 201 1940 120 NA NA NA NA NA 
1734019200.0 136.848 NA 211 489 0 NA NA NA NA NA NA 293 703 0 NA NA NA NA NA NA 194 6402 104 NA NA NA NA NA NA 152 2301 118 NA NA NA NA NA 
1734019200.0 136.849 NA 211 571 0 NA NA NA NA NA NA 287 786 0 NA NA NA NA NA NA 159 4062 155 NA NA NA NA NA NA 179 1694 175 NA NA NA NA NA 
1734019200.0 136.85 NA 211 518 0 NA NA NA NA NA NA 295 808 0 NA NA NA NA NA NA 159 4307 117 NA NA NA NA NA NA 178 1868 131 NA NA NA NA NA 
1734019200.0 136.8501 NA 210 467 0 NA NA NA NA NA NA 288 669 0 NA NA NA NA NA NA 154 4580 109 NA NA NA NA NA NA 151 1831 136 NA NA NA NA NA 
1734019200.0 136.851 NA 210 572 0 NA NA NA NA NA NA 295 824 0 NA NA NA NA NA NA 173 4312 155 NA NA NA NA NA NA 182 1774 177 NA NA NA NA NA 
1734019200.0 136.852 NA 211 529 0 NA NA NA NA NA NA 284 747 0 NA NA NA NA NA NA 158 4811 112 NA NA NA NA NA NA 229 1886 135 NA NA NA NA NA 
1734019200.0 136.853 NA 209 517 0 NA NA NA NA NA NA 292 741 0 NA NA NA NA NA NA 157 4184 114 NA NA NA NA NA NA 150 1752 126 NA NA NA NA NA 
1734019200.0 136.854 NA 211 471 0 NA NA NA NA NA NA 292 697 0 NA NA NA NA NA NA 167 4552 107 NA NA NA NA NA NA 211 1892 121 NA NA NA NA NA 
1734019200.0 136.855 NA 210 658 0 NA NA NA NA NA NA 294 928 0 NA NA NA NA NA NA 169 4214 134 NA NA NA NA NA NA 212 1836 150 NA NA NA NA NA 
1734019200.0 136.856 NA 211 651 0 NA NA NA NA NA NA 284 887 0 NA NA NA NA NA NA 141 3163 156 NA NA NA NA NA NA 174 1560 177 NA NA NA NA NA 
1734019200.0 136.8561 NA 201 483 0 NA NA NA NA NA NA 286 684 0 NA NA NA NA NA NA 119 955 137 NA NA NA NA NA NA 126 792 151 NA NA NA NA NA 
1734019200.0 136.8562 NA 194 470 0 NA NA NA NA NA NA 276 675 0 NA NA NA NA NA NA 110 894 131 NA NA NA NA NA NA 138 867 144 NA NA NA NA NA 
1734019200.0 136.857 NA 212 470 0 NA NA NA NA NA NA 286 702 0 NA NA NA NA NA NA 169 4097 122 NA NA NA NA NA NA 166 1697 134 NA NA NA NA NA 
1734019200.0 136.858 NA 213 498 0 NA NA NA NA NA NA 289 713 0 NA NA NA NA NA NA 142 1159 124 NA NA NA NA NA NA 161 1027 137 NA NA NA NA NA 
1734019200.0 136.859 NA 210 484 0 NA NA NA NA NA NA 284 697 0 NA NA NA NA NA NA 168 5482 108 NA NA NA NA NA NA 191 1980 122 NA NA NA NA NA 
1734019200.0 136.86 NA 211 476 0 NA NA NA NA NA NA 291 721 0 NA NA NA NA NA NA 171 4105 108 NA NA NA NA NA NA 169 1746 122 NA NA NA NA NA 
1734019200.0 136.861 NA 210 592 0 NA NA NA NA NA NA 294 844 0 NA NA NA NA NA NA 164 5308 146 NA NA NA NA NA NA 141 1853 156 NA NA NA NA NA 
1734019200.0 136.862 NA 208 537 0 NA NA NA NA NA NA 285 789 0 NA NA NA NA NA NA 160 5590 113 NA NA NA NA NA NA 215 1992 128 NA NA NA NA NA 
1734019200.0 136.863 NA 209 594 0 NA NA NA NA NA NA 290 812 0 NA NA NA NA NA NA 175 5640 149 NA NA NA NA NA NA 184 1929 162 NA NA NA NA NA 
1734019200.0 136.864 NA 210 540 0 NA NA NA NA NA NA 290 811 0 NA NA NA NA NA NA 172 6714 114 NA NA NA NA NA NA 233 2365 130 NA NA NA NA NA 
1734019200.0 136.8642 NA 209 536 0 NA NA NA NA NA NA 288 817 0 NA NA NA NA NA NA 166 6643 112 NA NA NA NA NA NA 197 2355 150 NA NA NA NA NA 
1734019200.0 136.865 NA 211 555 0 NA NA NA NA NA NA 290 808 0 NA NA NA NA NA NA 165 6139 111 NA NA NA NA NA NA 173 2231 132 NA NA NA NA NA 
1734019200.0 136.866 NA 209 486 0 NA NA NA NA NA NA 295 726 0 NA NA NA NA NA NA 173 5610 102 NA NA NA NA NA NA 170 1978 114 NA NA NA NA NA 
1734019200.0 136.867 NA 211 685 0 NA NA NA NA NA NA 288 952 0 NA NA NA NA NA NA 168 5540 131 NA NA NA NA NA NA 202 2026 147 NA NA NA NA NA 
1734019200.0 136.868 NA 210 672 0 NA NA NA NA NA NA 290 890 0 NA NA NA NA NA NA 162 4639 159 NA NA NA NA NA NA 186 1849 198 NA NA NA NA NA 
1734019200.0 136.869 NA 210 497 0 NA NA NA NA NA NA 295 742 0 NA NA NA NA NA NA 185 5737 117 NA NA NA NA NA NA 202 2027 129 NA NA NA NA NA 
1734019200.0 136.87 NA 210 502 0 NA NA NA NA NA NA 305 683 0 NA NA NA NA NA NA 154 1256 136 NA NA NA NA NA NA 161 961 155 NA NA NA NA NA 
1734019200.0 136.871 NA 212 494 0 NA NA NA NA NA NA 294 776 0 NA NA NA NA NA NA 173 7428 105 NA NA NA NA NA NA 233 2834 122 NA NA NA NA NA 
1734019200.0 136.872 NA 210 506 0 NA NA NA NA NA NA 292 709 0 NA NA NA NA NA NA 174 5619 103 NA NA NA NA NA NA 166 1979 117 NA NA NA NA NA 
1734019200.0 136.873 NA 210 581 0 NA NA NA NA NA NA 296 830 0 NA NA NA NA NA NA 167 5107 155 NA NA NA NA NA NA 156 1868 175 NA NA NA NA NA 
1734019200.0 136.874 NA 209 587 0 NA NA NA NA NA NA 280 848 0 NA NA NA NA NA NA 166 5103 116 NA NA NA NA NA NA 168 1960 130 NA NA NA NA NA 
1734019200.0 136.875 NA 209 587 0 NA NA NA NA NA NA 296 803 0 NA NA NA NA NA NA 173 5023 147 NA NA NA NA NA NA 179 1805 158 NA NA NA NA NA 
1734019200.0 136.876 NA 212 543 0 NA NA NA NA NA NA 290 777 0 NA NA NA NA NA NA 167 6048 112 NA NA NA NA NA NA 209 2175 126 NA NA NA NA NA 
1734019200.0 136.877 NA 209 523 0 NA NA NA NA NA NA 289 754 0 NA NA NA NA NA NA 165 5066 116 NA NA NA NA NA NA 166 1881 131 NA NA NA NA NA 
1734019200.0 136.878 NA 210 485 0 NA NA NA NA NA NA 290 729 0 NA NA NA NA NA NA 169 5294 103 NA NA NA NA NA NA 186 1912 118 NA NA NA NA NA 
1734019200.0 136.879 NA 211 678 0 NA NA NA NA NA NA 289 948 0 NA NA NA NA NA NA 165 4942 129 NA NA NA NA NA NA 226 1842 139 NA NA NA NA NA 
1734019200.0 136.88 NA 210 652 0 NA NA NA NA NA NA 282 874 0 NA NA NA NA NA NA 151 4195 160 NA NA NA NA NA NA 163 2013 178 NA NA NA NA NA 
1734019200.0 136.881 NA 210 482 0 NA NA NA NA NA NA 291 692 0 NA NA NA NA NA NA 173 4506 119 NA NA NA NA NA NA 170 1710 139 NA NA NA NA NA 
1734019200.0 136.882 NA 213 548 0 NA NA NA NA NA NA 300 769 0 NA NA NA NA NA NA 149 1525 133 NA NA NA NA NA NA 185 1044 150 NA NA NA NA NA 
1734019200.0 136.883 NA 209 496 0 NA NA NA NA NA NA 295 731 0 NA NA NA NA NA NA 168 6381 104 NA NA NA NA NA NA 240 2217 120 NA NA NA NA NA 
1734019200.0 136.884 NA 211 486 0 NA NA NA NA NA NA 287 700 0 NA NA NA NA NA NA 179 4822 109 NA NA NA NA NA NA 202 1939 131 NA NA NA NA NA 
1734019200.0 136.885 NA 208 590 0 NA NA NA NA NA NA 289 806 0 NA NA NA NA NA NA 172 5108 154 NA NA NA NA NA NA 261 1822 178 NA NA NA NA NA 
1734019200.0 136.8855 NA 211 159 0 NA NA NA NA NA NA 301 305 0 NA NA NA NA NA NA 163 262 65 NA NA NA NA NA NA 160 320 81 NA NA NA NA NA 
1734019200.0 136.886 NA 210 522 0 NA NA NA NA NA NA 283 763 0 NA NA NA NA NA NA 165 5058 119 NA NA NA NA NA NA 192 1984 136 NA NA NA NA NA 
1734019200.0 136.8861 NA 213 530 0 NA NA NA NA NA NA 302 759 0 NA NA NA NA NA NA 177 4387 124 NA NA NA NA NA NA 233 1806 151 NA NA NA NA NA 
1734019200.0 136.8862 NA 209 536 0 NA NA NA NA NA NA 289 778 0 NA NA NA NA NA NA 170 5346 120 NA NA NA NA NA NA 278 1953 137 NA NA NA NA NA 
1734019200.0 136.887 NA 207 580 0 NA NA NA NA NA NA 288 839 0 NA NA NA NA NA NA 180 4939 154 NA NA NA NA NA NA 193 1871 170 NA NA NA NA NA 
1734019200.0 136.888 NA 211 545 0 NA NA NA NA NA NA 296 779 0 NA NA NA NA NA NA 164 5784 112 NA NA NA NA NA NA 189 2031 141 NA NA NA NA NA 
1734019200.0 136.8885 NA 210 160 0 NA NA NA NA NA NA 290 298 0 NA NA NA NA NA NA 172 259 64 NA NA NA NA NA NA 178 326 77 NA NA NA NA NA 
1734019200.0 136.889 NA 211 480 0 NA NA NA NA NA NA 296 780 0 NA NA NA NA NA NA 161 5430 111 NA NA NA NA NA NA 180 1937 121 NA NA NA NA NA 
1734019200.0 136.89 NA 209 485 0 NA NA NA NA NA NA 301 677 0 NA NA NA NA NA NA 177 5161 109 NA NA NA NA NA NA 188 1910 127 NA NA NA NA NA 
1734019200.0 136.891 NA 210 670 0 NA NA NA NA NA NA 289 909 0 NA NA NA NA NA NA 169 4833 129 NA NA NA NA NA NA 230 1812 144 NA NA NA NA NA 
1734019200.0 136.892 NA 210 670 0 NA NA NA NA NA NA 288 911 0 NA NA NA NA NA NA 157 4554 161 NA NA NA NA NA NA 206 1828 235 NA NA NA NA NA 
1734019200.0 136.893 NA 211 488 0 NA NA NA NA NA NA 294 686 0 NA NA NA NA NA NA 173 4953 120 NA NA NA NA NA NA 184 1848 135 NA NA NA NA NA 
1734019200.0 136.894 NA 215 560 0 NA NA NA NA NA NA 301 781 0 NA NA NA NA NA NA 153 2538 137 NA NA NA NA NA NA 141 1263 157 NA NA NA NA NA 
1734019200.0 136.895 NA 210 488 0 NA NA NA NA NA NA 299 724 0 NA NA NA NA NA NA 168 5845 103 NA NA NA NA NA NA 214 2043 117 NA NA NA NA NA 
1734019200.0 136.896 NA 209 487 0 NA NA NA NA NA NA 284 691 0 NA NA NA NA NA NA 177 4883 110 NA NA NA NA NA NA 195 1921 121 NA NA NA NA NA 
1734019200.0 136.897 NA 320 131 0 NA NA NA NA NA NA 492 210 0 NA NA NA NA NA NA 415 98 116 NA NA NA NA NA NA 328 138 154 NA NA NA NA NA 
1734019200.0 136.898 NA 209 516 0 NA NA NA NA NA NA 281 750 0 NA NA NA NA NA NA 173 5114 108 NA NA NA NA NA NA 187 1907 120 NA NA NA NA NA 
1734019200.0 136.899 NA 336 170 0 NA NA NA NA NA NA 532 288 0 NA NA NA NA NA NA 510 111 117 NA NA NA NA NA NA 304 175 155 NA NA NA NA NA 
1734019200.0 136.901 NA 269 251 268 150 257 256 NA NA NA 408 388 362 219 397 387 NA NA NA 3324 737 578 156 322 484 NA NA NA 7086 1670 1214 280 741 911 NA NA 
1734019200.0 136.902 NA 275 248 259 148 253 260 NA NA NA 425 363 362 203 371 387 NA NA NA 2879 678 671 154 346 480 NA NA NA 6009 1402 1443 261 700 745 NA NA 
1734019200.0 136.903 NA 304 294 338 159 295 285 NA NA NA 492 432 448 232 443 429 NA NA NA 4215 2070 1811 348 577 733 NA NA NA 9238 4510 4316 694 1104 1445 NA NA 
1734019200.0 136.904 NA 306 284 320 155 290 285 NA NA NA 492 439 442 226 411 419 NA NA NA 3955 1312 1144 238 453 600 NA NA NA 8712 2813 2755 470 893 896 NA NA 
1734019200.0 1360.0 160 240 452 0 NA NA NA NA NA 265 324 641 0 NA NA NA NA NA 1229 136 690 154 NA NA NA NA NA 534 133 707 178 NA NA NA NA NA 
1734019200.0 1361.0 172 243 447 0 NA NA NA NA NA 274 331 637 0 NA NA NA NA NA 3262 171 725 159 NA NA NA NA NA 1347 170 759 244 NA NA NA NA NA 
1734019200.0 1361.17 151 315 527 0 179 NA NA NA NA 243 415 739 0 271 NA NA NA NA 3248 556 742 184 195 NA NA NA NA 1313 260 707 196 216 NA NA NA NA 
1734019200.0 1361.18 149 309 527 0 183 NA NA NA NA 248 398 726 0 277 NA NA NA NA 3259 543 752 186 202 NA NA NA NA 1384 240 670 202 225 NA NA NA NA 
1734019200.0 1361.181 147 305 526 0 183 NA NA NA NA 247 397 729 0 282 NA NA NA NA 3153 541 745 187 204 NA NA NA NA 1252 249 686 197 231 NA NA NA NA 
1734019200.0 1362.0 168 244 452 0 NA NA NA NA NA 276 332 640 0 NA NA NA NA NA 4068 166 683 152 NA NA NA NA NA 1641 137 635 172 NA NA NA NA NA 
1734019200.0 1362.17 152 312 534 0 178 NA NA NA NA 248 411 741 0 277 NA NA NA NA 4328 555 763 190 202 NA NA NA NA 1963 283 719 243 240 NA NA NA NA 
1734019200.0 1362.18 150 307 526 0 182 NA NA NA NA 247 410 751 0 276 NA NA NA NA 4257 562 795 201 211 NA NA NA NA 2624 279 936 315 324 NA NA NA NA 
1734019200.0 1363.0 178 246 457 0 NA NA NA NA NA 283 339 606 0 NA NA NA NA NA 4174 168 709 151 NA NA NA NA NA 1678 163 766 176 NA NA NA NA NA 
1734019200.0 1363.17 151 317 529 0 179 NA NA NA NA 245 419 712 0 270 NA NA NA NA 4350 591 814 196 203 NA NA NA NA 2127 302 916 273 291 NA NA NA NA 
1734019200.0 1363.18 149 304 531 0 182 NA NA NA NA 248 396 719 0 282 NA NA NA NA 4187 543 755 190 202 NA NA NA NA 1620 261 753 242 250 NA NA NA NA 
1734019200.0 1364.0 NA 247 446 0 NA NA NA NA NA NA 344 604 0 NA NA NA NA NA NA 163 674 147 NA NA NA NA NA NA 142 728 162 NA NA NA NA NA 
1734019200.0 1365.0 NA 252 450 0 NA NA NA NA NA NA 332 591 0 NA NA NA NA NA NA 168 696 150 NA NA NA NA NA NA 168 765 164 NA NA NA NA NA 
1734019200.0 1366.0 NA 248 457 0 NA NA NA NA NA NA 338 598 0 NA NA NA NA NA NA 164 678 149 NA NA NA NA NA NA 182 626 164 NA NA NA NA NA 
1734019200.0 137.8 NA 210 565 NA 209 524 0 NA NA NA 289 857 NA 289 800 0 NA NA NA 170 5373 NA 170 5245 139 NA NA NA 281 4312 NA 260 2495 178 NA NA 
1734019200.0 1370.0 69 170 243 456 0 177 NA NA NA 101 272 330 617 0 266 NA NA NA 22 880 171 706 154 204 NA NA NA 51 437 168 675 174 268 NA NA NA 
1734019200.0 1370.17 69 151 314 527 0 177 NA NA NA 101 242 420 764 0 277 NA NA NA 23 979 564 791 191 200 NA NA NA 56 498 257 791 220 216 NA NA NA 
1734019200.0 1370.18 69 148 306 522 0 181 NA NA NA 101 239 405 759 0 275 NA NA NA 23 917 553 771 192 206 NA NA NA 60 547 259 729 230 226 NA NA NA 
1734019200.0 138.1 NA 330 159 0 NA NA NA NA NA NA 500 258 0 NA NA NA NA NA NA 426 106 119 NA NA NA NA NA NA 332 121 163 NA NA NA NA NA 
1734019200.0 138.2 NA 329 161 0 NA NA NA NA NA NA 500 258 0 NA NA NA NA NA NA 426 119 116 NA NA NA NA NA NA 373 184 150 NA NA NA NA NA 
1734019200.0 138.3 NA 78 537 0 NA NA NA NA NA NA 128 760 0 NA NA NA NA NA NA 31 17611 144 NA NA NA NA NA NA 188 16084 189 NA NA NA NA NA 
1734019200.0 138.4 NA 411 0 NA NA NA NA NA NA NA 621 0 NA NA NA NA NA NA NA 685 149 NA NA NA NA NA NA NA 721 200 NA NA NA NA NA NA 
1734019200.0 138.5 NA 450 220 0 NA NA NA NA NA NA 650 339 0 NA NA NA NA NA NA 923 156 144 NA NA NA NA NA NA 1217 173 155 NA NA NA NA NA 
1734019200.0 139.001 NA 216 473 0 NA NA NA NA NA NA 298 698 0 NA NA NA NA NA NA 137 1237 119 NA NA NA NA NA NA 139 1208 136 NA NA NA NA NA 
1734019200.0 139.002 NA 209 505 0 NA NA NA NA NA NA 289 762 0 NA NA NA NA NA NA 134 1310 160 NA NA NA NA NA NA 103 1314 184 NA NA NA NA NA 
1734019200.0 139.003 NA 212 373 0 NA NA NA NA NA NA 301 544 0 NA NA NA NA NA NA 136 1022 71 NA NA NA NA NA NA 118 1078 84 NA NA NA NA NA 
1734019200.0 139.004 NA 214 488 0 NA NA NA NA NA NA 294 683 0 NA NA NA NA NA NA 156 1163 133 NA NA NA NA NA NA 116 940 150 NA NA NA NA NA 
1734019200.0 139.005 NA 165 140 NA NA NA NA NA NA NA 276 273 NA NA NA NA NA NA NA 6382 4839 NA NA NA NA NA NA NA 4344 1985 NA NA NA NA NA NA 
1734019200.0 139901.0 NA 249 459 0 NA NA NA NA NA NA 340 628 0 NA NA NA NA NA NA 166 694 151 NA NA NA NA NA NA 176 719 166 NA NA NA NA NA 
1734019200.0 139902.0 NA 256 461 0 NA NA NA NA NA NA 344 634 0 NA NA NA NA NA NA 173 759 152 NA NA NA NA NA NA 194 753 166 NA NA NA NA NA 
1734019200.0 13992501.0 NA 423 702 0 NA NA NA NA NA NA 597 885 0 NA NA NA NA NA NA 815 1237 167 NA NA NA NA NA NA 552 946 193 NA NA NA NA NA 
1734019200.0 13992502.0 NA 425 681 0 NA NA NA NA NA NA 608 887 0 NA NA NA NA NA NA 834 1322 169 NA NA NA NA NA NA 567 947 224 NA NA NA NA NA 
1734019200.0 14.0 NA 214 424 0 NA NA NA NA NA NA 310 594 0 NA NA NA NA NA NA 711 1885 174 NA NA NA NA NA NA 315 971 183 NA NA NA NA NA 
1734019200.0 140.001 NA 210 537 0 NA NA NA NA NA NA 305 735 0 NA NA NA NA NA NA 140 1071 127 NA NA NA NA NA NA 136 972 142 NA NA NA NA NA 
1734019200.0 140.002 NA 215 542 0 NA NA NA NA NA NA 301 757 0 NA NA NA NA NA NA 169 1308 129 NA NA NA NA NA NA 124 1093 139 NA NA NA NA NA 
1734019200.0 140.003 NA 211 550 0 NA NA NA NA NA NA 298 784 0 NA NA NA NA NA NA 140 976 128 NA NA NA NA NA NA 109 787 141 NA NA NA NA NA 
1734019200.0 140.004 NA 0 0 0 NA NA NA NA NA NA 0 0 0 NA NA NA NA NA NA 61 879 210 NA NA NA NA NA NA 98 892 226 NA NA NA NA NA 
1734019200.0 140.005 NA 213 541 0 NA NA NA NA NA NA 297 723 0 NA NA NA NA NA NA 141 1123 128 NA NA NA NA NA NA 120 933 142 NA NA NA NA NA 
1734019200.0 140.006 NA 0 0 0 NA NA NA NA NA NA 0 0 0 NA NA NA NA NA NA 62 931 215 NA NA NA NA NA NA 81 1037 226 NA NA NA NA NA 
1734019200.0 140.007 NA 199 534 0 NA NA NA NA NA NA 277 726 0 NA NA NA NA NA NA 93 1102 212 NA NA NA NA NA NA 107 970 252 NA NA NA NA NA 
1734019200.0 140.008 NA 187 517 0 NA NA NA NA NA NA 272 717 0 NA NA NA NA NA NA 70 987 209 NA NA NA NA NA NA 98 1005 224 NA NA NA NA NA 
1734019200.0 140.009 NA 0 0 0 NA NA NA NA NA NA 0 0 0 NA NA NA NA NA NA 61 888 210 NA NA NA NA NA NA 100 955 245 NA NA NA NA NA 
1734019200.0 140.01 NA 215 546 0 NA NA NA NA NA NA 299 765 0 NA NA NA NA NA NA 194 1567 141 NA NA NA NA NA NA 130 1056 154 NA NA NA NA NA 
1734019200.0 140.011 NA 0 0 0 NA NA NA NA NA NA 0 0 0 NA NA NA NA NA NA 61 879 210 NA NA NA NA NA NA 91 938 251 NA NA NA NA NA 
1734019200.0 140.021 NA 0 0 0 NA NA NA NA NA NA 0 0 0 NA NA NA NA NA NA 61 910 213 NA NA NA NA NA NA 100 965 230 NA NA NA NA NA 
1734019200.0 140.022 NA 211 571 0 NA NA NA NA NA NA 287 880 0 NA NA NA NA NA NA 213 4281 144 NA NA NA NA NA NA 159 1850 159 NA NA NA NA NA 
1734019200.0 140.023 NA 212 626 0 NA NA NA NA NA NA 296 837 0 NA NA NA NA NA NA 175 2703 136 NA NA NA NA NA NA 126 1176 168 NA NA NA NA NA 
1734019200.0 140.024 NA 208 613 0 NA NA NA NA NA NA 296 844 0 NA NA NA NA NA NA 228 5221 142 NA NA NA NA NA NA 254 1943 167 NA NA NA NA NA 
1734019200.0 140.025 NA 210 616 0 NA NA NA NA NA NA 300 865 0 NA NA NA NA NA NA 223 5103 143 NA NA NA NA NA NA 185 1932 159 NA NA NA NA NA 
1734019200.0 140.026 NA 209 637 0 NA NA NA NA NA NA 291 907 0 NA NA NA NA NA NA 231 5796 144 NA NA NA NA NA NA 249 2259 163 NA NA NA NA NA 
1734019200.0 140.027 NA 208 620 0 NA NA NA NA NA NA 296 881 0 NA NA NA NA NA NA 215 4729 144 NA NA NA NA NA NA 166 1804 177 NA NA NA NA NA 
1734019200.0 140.028 NA 211 607 0 NA NA NA NA NA NA 292 848 0 NA NA NA NA NA NA 205 4474 145 NA NA NA NA NA NA 151 2001 181 NA NA NA NA NA 
1734019200.0 140.029 NA 213 616 0 NA NA NA NA NA NA 296 848 0 NA NA NA NA NA NA 209 4623 142 NA NA NA NA NA NA 145 1836 165 NA NA NA NA NA 
1734019200.0 140.03 NA 211 614 0 NA NA NA NA NA NA 304 871 0 NA NA NA NA NA NA 219 4306 142 NA NA NA NA NA NA 186 1714 155 NA NA NA NA NA 
1734019200.0 140.031 NA 213 610 0 NA NA NA NA NA NA 294 850 0 NA NA NA NA NA NA 214 4806 141 NA NA NA NA NA NA 133 1897 157 NA NA NA NA NA 
1734019200.0 140.042 NA 210 630 0 NA NA NA NA NA NA 283 864 0 NA NA NA NA NA NA 273 5363 143 NA NA NA NA NA NA 234 1896 158 NA NA NA NA NA 
1734019200.0 140.043 NA 213 629 0 NA NA NA NA NA NA 293 868 0 NA NA NA NA NA NA 185 3280 140 NA NA NA NA NA NA 132 1376 159 NA NA NA NA NA 
1734019200.0 140.044 NA 211 634 0 NA NA NA NA NA NA 301 857 0 NA NA NA NA NA NA 225 5883 137 NA NA NA NA NA NA 189 2008 149 NA NA NA NA NA 
1734019200.0 140.045 NA 209 637 0 NA NA NA NA NA NA 283 874 0 NA NA NA NA NA NA 249 6355 135 NA NA NA NA NA NA 209 2485 163 NA NA NA NA NA 
1734019200.0 140.046 NA 207 627 0 NA NA NA NA NA NA 290 890 0 NA NA NA NA NA NA 259 6860 136 NA NA NA NA NA NA 160 2396 149 NA NA NA NA NA 
1734019200.0 140.047 NA 210 630 0 NA NA NA NA NA NA 296 858 0 NA NA NA NA NA NA 243 6179 135 NA NA NA NA NA NA 197 2203 148 NA NA NA NA NA 
1734019200.0 140.048 NA 210 622 0 NA NA NA NA NA NA 285 902 0 NA NA NA NA NA NA 219 5427 133 NA NA NA NA NA NA 202 1923 144 NA NA NA NA NA 
1734019200.0 140.049 NA 211 607 0 NA NA NA NA NA NA 293 883 0 NA NA NA NA NA NA 224 5655 133 NA NA NA NA NA NA 148 1982 150 NA NA NA NA NA 
1734019200.0 140.05 NA 208 618 0 NA NA NA NA NA NA 286 847 0 NA NA NA NA NA NA 246 5300 134 NA NA NA NA NA NA 197 1880 152 NA NA NA NA NA 
1734019200.0 140.051 NA 211 622 0 NA NA NA NA NA NA 299 880 0 NA NA NA NA NA NA 247 5429 135 NA NA NA NA NA NA 197 1891 147 NA NA NA NA NA 
1734019200.0 140.062 NA 209 639 0 NA NA NA NA NA NA 289 882 0 NA NA NA NA NA NA 264 6276 136 NA NA NA NA NA NA 216 2279 149 NA NA NA NA NA 
1734019200.0 140.063 NA 211 627 0 NA NA NA NA NA NA 290 902 0 NA NA NA NA NA NA 201 4124 148 NA NA NA NA NA NA 134 1632 188 NA NA NA NA NA 
1734019200.0 140.064 NA 208 636 0 NA NA NA NA NA NA 289 887 0 NA NA NA NA NA NA 272 6605 134 NA NA NA NA NA NA 247 2294 149 NA NA NA NA NA 
1734019200.0 140.065 NA 209 634 0 NA NA NA NA NA NA 291 900 0 NA NA NA NA NA NA 254 6995 134 NA NA NA NA NA NA 181 2533 147 NA NA NA NA NA 
1734019200.0 140.066 NA 208 655 0 NA NA NA NA NA NA 297 934 0 NA NA NA NA NA NA 282 8150 138 NA NA NA NA NA NA 237 2977 154 NA NA NA NA NA 
1734019200.0 140.067 NA 209 650 0 NA NA NA NA NA NA 280 910 0 NA NA NA NA NA NA 258 6528 135 NA NA NA NA NA NA 181 2270 153 NA NA NA NA NA 
1734019200.0 140.068 NA 209 641 0 NA NA NA NA NA NA 285 898 0 NA NA NA NA NA NA 259 6386 134 NA NA NA NA NA NA 230 2411 150 NA NA NA NA NA 
1734019200.0 140.069 NA 210 632 0 NA NA NA NA NA NA 290 873 0 NA NA NA NA NA NA 255 6181 135 NA NA NA NA NA NA 199 2176 150 NA NA NA NA NA 
1734019200.0 140.071 NA 213 601 0 NA NA NA NA NA NA 303 854 0 NA NA NA NA NA NA 212 3940 144 NA NA NA NA NA NA 147 1531 167 NA NA NA NA NA 
1734019200.0 140.072 NA 211 619 0 NA NA NA NA NA NA 289 859 0 NA NA NA NA NA NA 182 2711 136 NA NA NA NA NA NA 166 1220 158 NA NA NA NA NA 
1734019200.0 140.073 NA 211 605 0 NA NA NA NA NA NA 288 876 0 NA NA NA NA NA NA 216 4475 143 NA NA NA NA NA NA 216 1850 170 NA NA NA NA NA 
1734019200.0 140.074 NA 211 614 0 NA NA NA NA NA NA 288 857 0 NA NA NA NA NA NA 211 4659 146 NA NA NA NA NA NA 178 1876 164 NA NA NA NA NA 
1734019200.0 140.075 NA 209 608 0 NA NA NA NA NA NA 291 844 0 NA NA NA NA NA NA 223 4753 145 NA NA NA NA NA NA 192 1810 166 NA NA NA NA NA 
1734019200.0 140.076 NA 212 607 0 NA NA NA NA NA NA 289 839 0 NA NA NA NA NA NA 208 4114 141 NA NA NA NA NA NA 162 1637 162 NA NA NA NA NA 
1734019200.0 140.077 NA 211 594 0 NA NA NA NA NA NA 296 830 0 NA NA NA NA NA NA 205 3989 138 NA NA NA NA NA NA 156 1686 151 NA NA NA NA NA 
1734019200.0 140.078 NA 212 599 0 NA NA NA NA NA NA 299 811 0 NA NA NA NA NA NA 213 4205 140 NA NA NA NA NA NA 139 1682 161 NA NA NA NA NA 
1734019200.0 140.101 NA 210 672 0 NA NA NA NA NA NA 285 948 0 NA NA NA NA NA NA 208 4267 144 NA NA NA NA NA NA 171 1774 166 NA NA NA NA NA 
1734019200.0 140.102 NA 209 635 0 NA NA NA NA NA NA 288 919 0 NA NA NA NA NA NA 269 6481 134 NA NA NA NA NA NA 236 2569 147 NA NA NA NA NA 
1734019200.0 140.103 NA 209 647 0 NA NA NA NA NA NA 286 946 0 NA NA NA NA NA NA 263 6972 133 NA NA NA NA NA NA 252 2665 145 NA NA NA NA NA 
1734019200.0 140.104 NA 209 678 0 NA NA NA NA NA NA 293 956 0 NA NA NA NA NA NA 287 8246 137 NA NA NA NA NA NA 305 2912 152 NA NA NA NA NA 
1734019200.0 140.105 NA 209 678 0 NA NA NA NA NA NA 286 974 0 NA NA NA NA NA NA 248 6435 133 NA NA NA NA NA NA 195 2567 143 NA NA NA NA NA 
1734019200.0 140.106 NA 209 641 0 NA NA NA NA NA NA 295 920 0 NA NA NA NA NA NA 263 6251 135 NA NA NA NA NA NA 198 2299 147 NA NA NA NA NA 
1734019200.0 140.107 NA 210 644 0 NA NA NA NA NA NA 286 941 0 NA NA NA NA NA NA 265 6223 135 NA NA NA NA NA NA 173 2311 147 NA NA NA NA NA 
1734019200.0 140.108 NA 209 637 0 NA NA NA NA NA NA 288 904 0 NA NA NA NA NA NA 257 6031 136 NA NA NA NA NA NA 195 2221 153 NA NA NA NA NA 
1734019200.0 140.109 NA 213 625 0 NA NA NA NA NA NA 298 892 0 NA NA NA NA NA NA 192 2872 138 NA NA NA NA NA NA 122 1389 156 NA NA NA NA NA 
1734019200.0 140.11 NA 208 629 0 NA NA NA NA NA NA 290 884 0 NA NA NA NA NA NA 275 5638 133 NA NA NA NA NA NA 255 1992 144 NA NA NA NA NA 
1734019200.0 140.111 NA 208 633 0 NA NA NA NA NA NA 283 901 0 NA NA NA NA NA NA 261 6071 132 NA NA NA NA NA NA 212 2200 146 NA NA NA NA NA 
1734019200.0 140.112 NA 209 637 0 NA NA NA NA NA NA 297 932 0 NA NA NA NA NA NA 261 6238 136 NA NA NA NA NA NA 177 2215 147 NA NA NA NA NA 
1734019200.0 140.113 NA 0 0 0 NA NA NA NA NA NA 0 0 0 NA NA NA NA NA NA 64 688 376 NA NA NA NA NA NA 124 972 396 NA NA NA NA NA 
1734019200.0 140.56 NA 896 0 NA NA NA NA NA NA NA 1321 0 NA NA NA NA NA NA NA 5639 135 NA NA NA NA NA NA NA 4970 152 NA NA NA NA NA NA 
1734019200.0 140.5611 NA 263 0 NA NA NA NA NA NA NA 369 0 NA NA NA NA NA NA NA 1063 68 NA NA NA NA NA NA NA 734 83 NA NA NA NA NA NA 
1734019200.0 140.57 NA 554 0 NA NA NA NA NA NA NA 794 0 NA NA NA NA NA NA NA 1026 139 NA NA NA NA NA NA NA 937 172 NA NA NA NA NA NA 
1734019200.0 140.58 NA 116 866 0 NA NA NA NA NA NA 174 1245 0 NA NA NA NA NA NA 90 5189 141 NA NA NA NA NA NA 219 2149 159 NA NA NA NA NA 
1734019200.0 140.6 NA 101 427 0 NA NA NA NA NA NA 147 624 0 NA NA NA NA NA NA 52 428 130 NA NA NA NA NA NA 106 545 175 NA NA NA NA NA 
1734019200.0 140.61 NA 448 0 NA NA NA NA NA NA NA 635 0 NA NA NA NA NA NA NA 804 129 NA NA NA NA NA NA NA 530 179 NA NA NA NA NA NA 
1734019200.0 14034.0 NA 653 0 NA NA NA NA NA NA NA 879 0 NA NA NA NA NA NA NA 2160 141 NA NA NA NA NA NA NA 1236 169 NA NA NA NA NA NA 
1734019200.0 141.001 NA 211 632 0 NA NA NA NA NA NA 291 880 0 NA NA NA NA NA NA 238 6285 135 NA NA NA NA NA NA 195 2191 166 NA NA NA NA NA 
1734019200.0 141.002 NA 211 617 0 NA NA NA NA NA NA 291 857 0 NA NA NA NA NA NA 185 3525 142 NA NA NA NA NA NA 139 1632 160 NA NA NA NA NA 
1734019200.0 141.003 NA 210 636 0 NA NA NA NA NA NA 302 862 0 NA NA NA NA NA NA 222 6005 133 NA NA NA NA NA NA 200 2083 143 NA NA NA NA NA 
1734019200.0 141.004 NA 214 593 0 NA NA NA NA NA NA 306 840 0 NA NA NA NA NA NA 167 1637 129 NA NA NA NA NA NA 124 1050 151 NA NA NA NA NA 
1734019200.0 141.005 NA 212 594 0 NA NA NA NA NA NA 294 846 0 NA NA NA NA NA NA 212 3511 143 NA NA NA NA NA NA 190 1472 158 NA NA NA NA NA 
1734019200.0 141.006 NA 211 595 0 NA NA NA NA NA NA 294 825 0 NA NA NA NA NA NA 200 3708 141 NA NA NA NA NA NA 133 1524 161 NA NA NA NA NA 
1734019200.0 141.007 NA 212 619 0 NA NA NA NA NA NA 292 867 0 NA NA NA NA NA NA 208 4438 154 NA NA NA NA NA NA 160 1795 175 NA NA NA NA NA 
1734019200.0 141.008 NA 208 641 0 NA NA NA NA NA NA 285 928 0 NA NA NA NA NA NA 258 7437 135 NA NA NA NA NA NA 218 2700 150 NA NA NA NA NA 
1734019200.0 141.008505 NA 208 174 0 NA NA NA NA NA NA 286 308 0 NA NA NA NA NA NA 264 402 67 NA NA NA NA NA NA 209 279 80 NA NA NA NA NA 
1734019200.0 141.008511 NA 207 132 0 NA NA NA NA NA NA 289 213 0 NA NA NA NA NA NA 275 217 72 NA NA NA NA NA NA 244 198 85 NA NA NA NA NA 
1734019200.0 141.008521 NA 209 139 0 NA NA NA NA NA NA 281 214 0 NA NA NA NA NA NA 266 223 70 NA NA NA NA NA NA 207 241 83 NA NA NA NA NA 
1734019200.0 141.009 NA 0 0 0 NA NA NA NA NA NA 0 0 0 NA NA NA NA NA NA 64 1314 354 NA NA NA NA NA NA 89 1399 369 NA NA NA NA NA 
1734019200.0 141.01 NA 208 641 0 NA NA NA NA NA NA 284 921 0 NA NA NA NA NA NA 256 7076 136 NA NA NA NA NA NA 256 2593 152 NA NA NA NA NA 
1734019200.0 141.011 NA 210 632 0 NA NA NA NA NA NA 291 837 0 NA NA NA NA NA NA 221 6097 137 NA NA NA NA NA NA 193 2115 149 NA NA NA NA NA 
1734019200.0 141.012 NA 210 604 0 NA NA NA NA NA NA 290 811 0 NA NA NA NA NA NA 207 4293 141 NA NA NA NA NA NA 187 1771 158 NA NA NA NA NA 
1734019200.0 141.013 NA 211 637 0 NA NA NA NA NA NA 290 885 0 NA NA NA NA NA NA 240 6121 133 NA NA NA NA NA NA 180 2113 147 NA NA NA NA NA 
1734019200.0 141.031 NA 209 634 0 NA NA NA NA NA NA 280 907 0 NA NA NA NA NA NA 260 6969 134 NA NA NA NA NA NA 211 2595 146 NA NA NA NA NA 
1734019200.0 141.032 NA 212 639 0 NA NA NA NA NA NA 293 877 0 NA NA NA NA NA NA 210 4384 141 NA NA NA NA NA NA 186 1762 161 NA NA NA NA NA 
1734019200.0 141.033 NA 208 635 0 NA NA NA NA NA NA 287 942 0 NA NA NA NA NA NA 278 7547 134 NA NA NA NA NA NA 323 2743 150 NA NA NA NA NA 
1734019200.0 141.034 NA 209 641 0 NA NA NA NA NA NA 291 929 0 NA NA NA NA NA NA 270 7777 133 NA NA NA NA NA NA 288 2761 146 NA NA NA NA NA 
1734019200.0 141.035 NA 208 646 0 NA NA NA NA NA NA 281 935 0 NA NA NA NA NA NA 264 7830 135 NA NA NA NA NA NA 266 2787 150 NA NA NA NA NA 
1734019200.0 141.036 NA 213 575 0 NA NA NA NA NA NA 290 776 0 NA NA NA NA NA NA 170 2337 130 NA NA NA NA NA NA 156 1109 140 NA NA NA NA NA 
1734019200.0 141.037 NA 212 643 0 NA NA NA NA NA NA 296 873 0 NA NA NA NA NA NA 223 6366 137 NA NA NA NA NA NA 166 2403 152 NA NA NA NA NA 
1734019200.0 141.038 NA 209 640 0 NA NA NA NA NA NA 289 871 0 NA NA NA NA NA NA 266 7123 135 NA NA NA NA NA NA 241 2570 150 NA NA NA NA NA 
1734019200.0 141.039 NA 208 636 0 NA NA NA NA NA NA 281 904 0 NA NA NA NA NA NA 271 6805 135 NA NA NA NA NA NA 243 2529 150 NA NA NA NA NA 
1734019200.0 141.041 NA 202 653 0 NA NA NA NA NA NA 294 952 0 NA NA NA NA NA NA 289 9290 135 NA NA NA NA NA NA 456 3226 148 NA NA NA NA NA 
1734019200.0 141.042 NA 209 662 0 NA NA NA NA NA NA 287 931 0 NA NA NA NA NA NA 207 5505 135 NA NA NA NA NA NA 179 2054 148 NA NA NA NA NA 
1734019200.0 141.043 NA 210 660 0 NA NA NA NA NA NA 289 956 0 NA NA NA NA NA NA 298 11256 147 NA NA NA NA NA NA 339 7578 186 NA NA NA NA NA 
1734019200.0 141.044 NA 209 659 0 NA NA NA NA NA NA 282 923 0 NA NA NA NA NA NA 271 9562 134 NA NA NA NA NA NA 355 3189 149 NA NA NA NA NA 
1734019200.0 141.045 NA 207 694 0 NA NA NA NA NA NA 288 1027 0 NA NA NA NA NA NA 286 12899 142 NA NA NA NA NA NA 287 8690 195 NA NA NA NA NA 
1734019200.0 141.046 NA 207 646 0 NA NA NA NA NA NA 283 919 0 NA NA NA NA NA NA 266 9130 137 NA NA NA NA NA NA 280 3107 151 NA NA NA NA NA 
1734019200.0 141.047 NA 206 660 0 NA NA NA NA NA NA 294 945 0 NA NA NA NA NA NA 284 10476 142 NA NA NA NA NA NA 337 4621 182 NA NA NA NA NA 
1734019200.0 141.048 NA 207 650 0 NA NA NA NA NA NA 286 914 0 NA NA NA NA NA NA 306 10549 142 NA NA NA NA NA NA 369 4807 188 NA NA NA NA NA 
1734019200.0 141.049 NA 207 635 0 NA NA NA NA NA NA 289 914 0 NA NA NA NA NA NA 270 6908 135 NA NA NA NA NA NA 244 2392 149 NA NA NA NA NA 
1734019200.0 141.101 NA 211 699 0 NA NA NA NA NA NA 284 986 0 NA NA NA NA NA NA 203 4781 138 NA NA NA NA NA NA 183 2288 169 NA NA NA NA NA 
1734019200.0 141.102 NA 208 681 0 NA NA NA NA NA NA 297 1001 0 NA NA NA NA NA NA 276 7788 139 NA NA NA NA NA NA 317 3105 155 NA NA NA NA NA 
1734019200.0 141.103 NA 207 748 0 NA NA NA NA NA NA 285 1074 0 NA NA NA NA NA NA 273 7948 138 NA NA NA NA NA NA 481 3217 154 NA NA NA NA NA 
1734019200.0 141.104 NA 207 698 0 NA NA NA NA NA NA 281 984 0 NA NA NA NA NA NA 281 8047 141 NA NA NA NA NA NA 477 3350 159 NA NA NA NA NA 
1734019200.0 141.105 NA 214 677 0 NA NA NA NA NA NA 295 938 0 NA NA NA NA NA NA 168 2765 135 NA NA NA NA NA NA 159 1844 158 NA NA NA NA NA 
1734019200.0 141.106 NA 209 675 0 NA NA NA NA NA NA 290 920 0 NA NA NA NA NA NA 253 6517 141 NA NA NA NA NA NA 287 2788 156 NA NA NA NA NA 
1734019200.0 141.107 NA 210 685 0 NA NA NA NA NA NA 287 985 0 NA NA NA NA NA NA 268 7209 137 NA NA NA NA NA NA 295 2933 154 NA NA NA NA NA 
1734019200.0 141.108 NA 209 682 0 NA NA NA NA NA NA 293 952 0 NA NA NA NA NA NA 276 7414 139 NA NA NA NA NA NA 303 3106 152 NA NA NA NA NA 
1734019200.0 141.109 NA 211 691 0 NA NA NA NA NA NA 296 981 0 NA NA NA NA NA NA 198 4317 136 NA NA NA NA NA NA 192 2134 160 NA NA NA NA NA 
1734019200.0 141.11 NA 208 687 0 NA NA NA NA NA NA 293 959 0 NA NA NA NA NA NA 299 8237 137 NA NA NA NA NA NA 352 3376 152 NA NA NA NA NA 
1734019200.0 141.111 NA 210 701 0 NA NA NA NA NA NA 297 961 0 NA NA NA NA NA NA 261 7443 143 NA NA NA NA NA NA 250 2973 164 NA NA NA NA NA 
1734019200.0 141.112 NA 207 699 0 NA NA NA NA NA NA 295 993 0 NA NA NA NA NA NA 272 7927 139 NA NA NA NA NA NA 348 3220 156 NA NA NA NA NA 
1734019200.0 141.113 NA 0 0 0 NA NA NA NA NA NA 0 0 0 NA NA NA NA NA NA 67 437 221 NA NA NA NA NA NA 117 559 267 NA NA NA NA NA 
1734019200.0 141.114 NA 209 687 0 NA NA NA NA NA NA 290 991 0 NA NA NA NA NA NA 276 7249 139 NA NA NA NA NA NA 307 2966 155 NA NA NA NA NA 
1734019200.0 141.901 NA 498 0 NA NA NA NA NA NA NA 713 0 NA NA NA NA NA NA NA 2984 134 NA NA NA NA NA NA NA 1415 176 NA NA NA NA NA NA 
1734019200.0 141.902 NA 437 0 NA NA NA NA NA NA NA 641 0 NA NA NA NA NA NA NA 2638 136 NA NA NA NA NA NA NA 1267 175 NA NA NA NA NA NA 
1734019200.0 142.0 NA 487 865 0 NA NA NA NA NA NA 808 1396 0 NA NA NA NA NA NA 1430 10963 153 NA NA NA NA NA NA 980 7190 202 NA NA NA NA NA 
1734019200.0 142.901 NA 499 0 NA NA NA NA NA NA NA 739 0 NA NA NA NA NA NA NA 2929 124 NA NA NA NA NA NA NA 1196 141 NA NA NA NA NA NA 
1734019200.0 142.902 NA 434 0 NA NA NA NA NA NA NA 624 0 NA NA NA NA NA NA NA 2602 135 NA NA NA NA NA NA NA 1322 190 NA NA NA NA NA NA 
1734019200.0 142.903 NA 365 0 NA NA NA NA NA NA NA 518 0 NA NA NA NA NA NA NA 913 110 NA NA NA NA NA NA NA 596 144 NA NA NA NA NA NA 
1734019200.0 14234.0 NA 817 0 NA NA NA NA NA NA NA 1032 0 NA NA NA NA NA NA NA 2295 125 NA NA NA NA NA NA NA 1164 143 NA NA NA NA NA NA 
1734019200.0 143.201 148 346 547 0 NA NA NA NA NA 219 536 745 0 NA NA NA NA NA 713 222 736 213 NA NA NA NA NA 738 195 756 228 NA NA NA NA NA 
1734019200.0 143.202 139 332 124 544 0 NA NA NA NA 213 539 172 738 0 NA NA NA NA 497 224 81 780 209 NA NA NA NA 714 430 267 1468 268 NA NA NA NA 
1734019200.0 144.6 NA 396 NA NA NA NA NA NA NA NA 545 NA NA NA NA NA NA NA NA 1202 NA NA NA NA NA NA NA NA 1065 NA NA NA NA NA NA NA 
1734019200.0 148.0 133 263 487 0 NA NA NA NA NA 217 370 715 0 NA NA NA NA NA 348 232 717 176 NA NA NA NA NA 461 474 989 233 NA NA NA NA NA 
1734019200.0 149.0 141 280 494 0 NA NA NA NA NA 227 373 731 0 NA NA NA NA NA 416 329 699 184 NA NA NA NA NA 389 275 731 242 NA NA NA NA NA 
1734019200.0 149.1 149 262 504 0 NA NA NA NA NA 221 369 724 0 NA NA NA NA NA 477 158 684 183 NA NA NA NA NA 464 185 650 231 NA NA NA NA NA 
1734019200.0 15.0 NA 188 377 0 NA NA NA NA NA NA 278 531 0 NA NA NA NA NA NA 542 831 147 NA NA NA NA NA NA 237 669 160 NA NA NA NA NA 
1734019200.0 158.0 146 241 498 121 0 NA NA NA NA 234 333 717 188 0 NA NA NA NA 789 133 671 100 191 NA NA NA NA 978 136 662 127 205 NA NA NA NA 
1734019200.0 158.1 NA 288 503 0 NA NA NA NA NA NA 388 719 0 NA NA NA NA NA NA 201 771 196 NA NA NA NA NA NA 200 944 231 NA NA NA NA NA 
1734019200.0 158.2 NA 284 505 0 NA NA NA NA NA NA 390 708 0 NA NA NA NA NA NA 191 737 194 NA NA NA NA NA NA 235 970 244 NA NA NA NA NA 
1734019200.0 158.3 NA 286 519 0 NA NA NA NA NA NA 393 715 0 NA NA NA NA NA NA 189 693 191 NA NA NA NA NA NA 156 684 217 NA NA NA NA NA 
1734019200.0 158.5 264 517 778 122 0 NA NA NA NA 436 737 1031 189 0 NA NA NA NA 11458 1203 17698 99 203 NA NA NA NA 23924 1596 11071 148 290 NA NA NA NA 
1734019200.0 159.0 154 243 480 121 0 NA NA NA NA 241 336 679 183 0 NA NA NA NA 919 124 561 96 186 NA NA NA NA 1128 122 501 109 225 NA NA NA NA 
1734019200.0 159.01 NA 218 0 NA NA NA NA NA NA NA 307 0 NA NA NA NA NA NA NA 708 74 NA NA NA NA NA NA NA 573 93 NA NA NA NA NA NA 
1734019200.0 159.02 156 243 124 478 121 0 NA NA NA 242 332 168 665 185 0 NA NA NA 920 121 73 569 91 178 NA NA NA 1051 129 124 676 107 192 NA NA NA 
1734019200.0 159.03 140 225 112 249 198 NA NA NA NA 217 308 157 440 273 NA NA NA NA 518 112 75 231 178 NA NA NA NA 711 206 148 285 243 NA NA NA NA 
1734019200.0 159.1 157 277 499 0 NA NA NA NA NA 227 355 681 0 NA NA NA NA NA 1033 181 594 179 NA NA NA NA NA 600 121 524 193 NA NA NA NA NA 
1734019200.0 159.2 155 275 494 0 NA NA NA NA NA 227 355 690 0 NA NA NA NA NA 843 178 567 176 NA NA NA NA NA 546 111 581 190 NA NA NA NA NA 
1734019200.0 159.3 155 277 496 0 NA NA NA NA NA 227 374 675 0 NA NA NA NA NA 757 176 566 178 NA NA NA NA NA 549 118 563 188 NA NA NA NA NA 
1734019200.0 159.4 154 273 493 0 NA NA NA NA NA 226 360 687 0 NA NA NA NA NA 851 177 576 177 NA NA NA NA NA 583 118 575 190 NA NA NA NA NA 
1734019200.0 16.0 NA 203 397 0 NA NA NA NA NA NA 289 549 0 NA NA NA NA NA NA 575 990 155 NA NA NA NA NA NA 246 724 173 NA NA NA NA NA 
1734019200.0 160.0 148 242 478 121 0 NA NA NA NA 222 346 681 181 0 NA NA NA NA 706 146 542 94 180 NA NA NA NA 709 161 528 108 195 NA NA NA NA 
1734019200.0 160.02 149 244 118 486 122 0 NA NA NA 223 335 165 667 181 0 NA NA NA 707 144 73 551 96 184 NA NA NA 688 129 110 601 109 199 NA NA NA 
1734019200.0 160.03 221 344 194 353 213 NA NA NA NA 334 483 272 494 283 NA NA NA NA 4979 585 105 437 242 NA NA NA NA 11094 1059 153 429 299 NA NA NA NA 
1734019200.0 160.1 156 302 511 0 NA NA NA NA NA 232 390 721 0 NA NA NA NA NA 886 283 576 179 NA NA NA NA NA 552 166 487 194 NA NA NA NA NA 
1734019200.0 160.2 153 300 507 0 NA NA NA NA NA 225 396 701 0 NA NA NA NA NA 695 282 572 176 NA NA NA NA NA 507 167 490 188 NA NA NA NA NA 
1734019200.0 160.3 153 304 506 0 NA NA NA NA NA 227 397 691 0 NA NA NA NA NA 617 268 590 177 NA NA NA NA NA 533 157 583 186 NA NA NA NA NA 
1734019200.0 160.4 153 293 508 0 NA NA NA NA NA 226 401 717 0 NA NA NA NA NA 715 277 577 177 NA NA NA NA NA 537 159 484 197 NA NA NA NA NA 
1734019200.0 160.501 141 231 110 479 188 NA NA NA NA 217 331 150 766 264 NA NA NA NA 490 137 72 551 173 NA NA NA NA 653 315 164 678 240 NA NA NA NA 
1734019200.0 161.0 147 329 543 122 0 NA NA NA NA 220 636 752 186 0 NA NA NA NA 668 234 703 102 210 NA NA NA NA 862 301 709 129 222 NA NA NA NA 
1734019200.0 161.02 148 344 136 545 123 0 NA NA NA 221 526 178 748 189 0 NA NA NA 698 224 76 684 93 207 NA NA NA 789 217 106 675 109 222 NA NA NA 
1734019200.0 161.03 227 459 206 366 214 NA NA NA NA 337 683 303 569 283 NA NA NA NA 5680 833 124 497 249 NA NA NA NA 12870 1551 196 497 303 NA NA NA NA 
1734019200.0 161.1 155 415 570 0 NA NA NA NA NA 228 714 788 0 NA NA NA NA NA 896 375 785 220 NA NA NA NA NA 540 238 688 245 NA NA NA NA NA 
1734019200.0 161.2 153 457 567 0 NA NA NA NA NA 225 804 777 0 NA NA NA NA NA 738 365 754 212 NA NA NA NA NA 536 212 740 222 NA NA NA NA NA 
1734019200.0 161.3 152 440 568 0 NA NA NA NA NA 225 920 797 0 NA NA NA NA NA 642 398 772 215 NA NA NA NA NA 519 245 704 225 NA NA NA NA NA 
1734019200.0 161.4 152 452 566 0 NA NA NA NA NA 226 795 804 0 NA NA NA NA NA 722 390 749 218 NA NA NA NA NA 478 290 695 264 NA NA NA NA NA 
1734019200.0 16434.0 NA 654 0 NA NA NA NA NA NA NA 818 0 NA NA NA NA NA NA NA 2144 136 NA NA NA NA NA NA NA 1150 174 NA NA NA NA NA NA 
1734019200.0 16634.0 NA 813 0 NA NA NA NA NA NA NA 1059 0 NA NA NA NA NA NA NA 2327 122 NA NA NA NA NA NA NA 1218 134 NA NA NA NA NA NA 
1734019200.0 16834.0 NA 503 670 0 202 NA NA NA NA NA 668 911 0 322 NA NA NA NA NA 483 1169 249 154 NA NA NA NA NA 451 1266 275 185 NA NA NA NA 
1734019200.0 17.0 NA 198 393 0 NA NA NA NA NA NA 275 571 0 NA NA NA NA NA NA 555 872 149 NA NA NA NA NA NA 253 705 164 NA NA NA NA NA 
1734019200.0 17034.0 NA 684 909 0 NA NA NA NA NA NA 900 1199 0 NA NA NA NA NA NA 1238 1737 255 NA NA NA NA NA NA 779 1498 272 NA NA NA NA NA 
1734019200.0 18.0 NA 187 376 0 NA NA NA NA NA NA 272 518 0 NA NA NA NA NA NA 545 783 145 NA NA NA NA NA NA 253 685 158 NA NA NA NA NA 
1734019200.0 180.0 144 296 523 136 0 NA NA NA NA 216 399 762 210 0 NA NA NA NA 485 281 715 112 184 NA NA NA NA 397 142 758 158 210 NA NA NA NA 
1734019200.0 180.1 146 297 523 136 0 NA NA NA NA 243 395 743 202 0 NA NA NA NA 2961 272 664 99 174 NA NA NA NA 1199 145 613 110 191 NA NA NA NA 
1734019200.0 181.0 143 382 583 133 0 NA NA NA NA 220 670 795 204 0 NA NA NA NA 496 335 881 111 211 NA NA NA NA 592 208 930 131 222 NA NA NA NA 
1734019200.0 181.1 146 406 581 137 0 NA NA NA NA 242 777 772 209 0 NA NA NA NA 2966 330 864 103 208 NA NA NA NA 1388 207 1027 132 280 NA NA NA NA 
1734019200.0 19.0 NA 188 376 0 NA NA NA NA NA NA 268 524 0 NA NA NA NA NA NA 556 834 146 NA NA NA NA NA NA 244 708 159 NA NA NA NA NA 
1734019200.0 2.0 174 186 324 NA NA NA NA NA NA 288 255 451 NA NA NA NA NA NA 1132 191 559 NA NA NA NA NA NA 553 224 568 NA NA NA NA NA NA 
1734019200.0 20.0 NA 187 384 0 NA NA NA NA NA NA 271 539 0 NA NA NA NA NA NA 571 940 163 NA NA NA NA NA NA 266 718 179 NA NA NA NA NA 
1734019200.0 200.0 NA 258 473 0 NA NA NA NA NA NA 366 640 0 NA NA NA NA NA NA 303 859 157 NA NA NA NA NA NA 305 783 169 NA NA NA NA NA 
1734019200.0 2017.1 514 0 223 174 NA NA NA NA NA 660 0 315 260 NA NA NA NA NA 448 115 301 198 NA NA NA NA NA 504 137 393 265 NA NA NA NA NA 
1734019200.0 2017.11 520 0 224 175 NA NA NA NA NA 684 0 322 267 NA NA NA NA NA 478 109 327 193 NA NA NA NA NA 342 130 293 215 NA NA NA NA NA 
1734019200.0 2017.12 510 0 227 171 NA NA NA NA NA 665 0 318 263 NA NA NA NA NA 444 109 278 200 NA NA NA NA NA 484 132 320 312 NA NA NA NA NA 
1734019200.0 2017.13 534 0 NA NA NA NA NA NA NA 678 0 NA NA NA NA NA NA NA 430 162 NA NA NA NA NA NA NA 363 211 NA NA NA NA NA NA NA 
1734019200.0 2017.2 437 0 218 173 NA NA NA NA NA 566 0 309 260 NA NA NA NA NA 386 101 260 199 NA NA NA NA NA 518 116 316 267 NA NA NA NA NA 
1734019200.0 2017.3 436 0 221 173 NA NA NA NA NA 581 0 323 271 NA NA NA NA NA 362 97 256 191 NA NA NA NA NA 302 106 284 228 NA NA NA NA NA 
1734019200.0 2017.4 510 0 218 174 NA NA NA NA NA 646 0 313 261 NA NA NA NA NA 428 108 273 195 NA NA NA NA NA 500 144 342 257 NA NA NA NA NA 
1734019200.0 2017.5 504 0 177 173 NA NA NA NA NA 630 0 318 260 NA NA NA NA NA 412 110 277 192 NA NA NA NA NA 494 155 330 248 NA NA NA NA NA 
1734019200.0 2017.6 514 0 223 173 NA NA NA NA NA 668 0 322 263 NA NA NA NA NA 451 116 283 196 NA NA NA NA NA 583 188 354 273 NA NA NA NA NA 
1734019200.0 2017.7 513 0 217 173 NA NA NA NA NA 637 0 315 262 NA NA NA NA NA 441 108 275 194 NA NA NA NA NA 432 131 365 255 NA NA NA NA NA 
1734019200.0 2017.8 226 NA NA NA NA NA NA NA NA 333 NA NA NA NA NA NA NA NA 353 NA NA NA NA NA NA NA NA 256 NA NA NA NA NA NA NA NA 
1734019200.0 2017.9 507 0 218 173 NA NA NA NA NA 634 0 317 266 NA NA NA NA NA 382 104 252 190 NA NA NA NA NA 408 127 277 232 NA NA NA NA NA 
1734019200.0 2018.1 514 0 224 178 NA NA NA NA NA 658 0 328 275 NA NA NA NA NA 432 109 267 195 NA NA NA NA NA 370 123 268 242 NA NA NA NA NA 
1734019200.0 2018.11 518 0 225 181 NA NA NA NA NA 645 0 313 274 NA NA NA NA NA 501 110 342 199 NA NA NA NA NA 458 144 309 237 NA NA NA NA NA 
1734019200.0 2018.12 509 0 194 177 NA NA NA NA NA 659 0 326 275 NA NA NA NA NA 441 111 276 204 NA NA NA NA NA 436 149 352 264 NA NA NA NA NA 
1734019200.0 2018.13 534 0 NA NA NA NA NA NA NA 658 0 NA NA NA NA NA NA NA 440 162 NA NA NA NA NA NA NA 420 215 NA NA NA NA NA NA NA 
1734019200.0 2018.2 433 0 216 177 NA NA NA NA NA 572 0 322 273 NA NA NA NA NA 368 96 248 194 NA NA NA NA NA 413 115 284 241 NA NA NA NA NA 
1734019200.0 2018.3 441 0 189 181 NA NA NA NA NA 589 0 313 270 NA NA NA NA NA 401 104 267 205 NA NA NA NA NA 556 141 337 287 NA NA NA NA NA 
1734019200.0 2018.4 514 0 225 176 NA NA NA NA NA 685 0 322 261 NA NA NA NA NA 405 106 251 198 NA NA NA NA NA 406 120 299 258 NA NA NA NA NA 
1734019200.0 2018.5 510 0 219 177 NA NA NA NA NA 653 0 323 272 NA NA NA NA NA 399 104 256 194 NA NA NA NA NA 331 125 289 228 NA NA NA NA NA 
1734019200.0 2018.6 513 0 229 179 NA NA NA NA NA 687 0 318 273 NA NA NA NA NA 469 116 280 200 NA NA NA NA NA 508 144 316 261 NA NA NA NA NA 
1734019200.0 2018.7 514 0 217 176 NA NA NA NA NA 672 0 321 268 NA NA NA NA NA 426 120 276 199 NA NA NA NA NA 426 146 334 294 NA NA NA NA NA 
1734019200.0 2018.8 223 NA NA NA NA NA NA NA NA 317 NA NA NA NA NA NA NA NA 359 NA NA NA NA NA NA NA NA 280 NA NA NA NA NA NA NA NA 
1734019200.0 2018.9 508 0 217 178 NA NA NA NA NA 658 0 324 274 NA NA NA NA NA 395 105 252 193 NA NA NA NA NA 407 146 277 235 NA NA NA NA NA 
1734019200.0 202.0 NA 258 470 0 NA NA NA NA NA NA 369 654 0 NA NA NA NA NA NA 266 869 161 NA NA NA NA NA NA 277 880 174 NA NA NA NA NA 
1734019200.0 2022.000001 NA 211 581 0 NA NA NA NA NA NA 285 844 0 NA NA NA NA NA NA 214 4506 144 NA NA NA NA NA NA 193 1780 184 NA NA NA NA NA 
1734019200.0 2022.001001 NA 212 574 0 NA NA NA NA NA NA 283 809 0 NA NA NA NA NA NA 200 3997 142 NA NA NA NA NA NA 158 1583 159 NA NA NA NA NA 
1734019200.0 2022.002001 NA 214 610 0 NA NA NA NA NA NA 301 814 0 NA NA NA NA NA NA 176 2384 135 NA NA NA NA NA NA 159 1126 153 NA NA NA NA NA 
1734019200.0 2023.000001 NA 208 649 0 NA NA NA NA NA NA 296 906 0 NA NA NA NA NA NA 287 9165 135 NA NA NA NA NA NA 359 3179 148 NA NA NA NA NA 
1734019200.0 2023.001001 NA 210 601 0 NA NA NA NA NA NA 289 861 0 NA NA NA NA NA NA 222 5938 136 NA NA NA NA NA NA 182 2328 156 NA NA NA NA NA 
1734019200.0 2023.002001 NA 214 634 0 NA NA NA NA NA NA 302 893 0 NA NA NA NA NA NA 185 3854 141 NA NA NA NA NA NA 146 1567 160 NA NA NA NA NA 
1734019200.0 2024.000001 NA 422 701 0 NA NA NA NA NA NA 570 965 0 NA NA NA NA NA NA 991 5217 164 NA NA NA NA NA NA 826 2432 185 NA NA NA NA NA 
1734019200.0 2024.001001 NA 428 662 0 NA NA NA NA NA NA 645 905 0 NA NA NA NA NA NA 1043 5008 220 NA NA NA NA NA NA 777 2465 262 NA NA NA NA NA 
1734019200.0 2024.002001 NA 421 681 0 NA NA NA NA NA NA 587 933 0 NA NA NA NA NA NA 1069 6153 163 NA NA NA NA NA NA 882 2727 185 NA NA NA NA NA 
1734019200.0 2024.003001 NA 439 658 0 NA NA NA NA NA NA 671 902 0 NA NA NA NA NA NA 1091 5310 236 NA NA NA NA NA NA 1052 3482 300 NA NA NA NA NA 
1734019200.0 2024.100001 NA 410 680 0 NA NA NA NA NA NA 579 916 0 NA NA NA NA NA NA 789 3484 160 NA NA NA NA NA NA 510 1729 176 NA NA NA NA NA 
1734019200.0 2024.101001 NA 430 663 0 NA NA NA NA NA NA 646 875 0 NA NA NA NA NA NA 1219 5671 165 NA NA NA NA NA NA 790 2395 182 NA NA NA NA NA 
1734019200.0 2024.102001 NA 441 695 0 NA NA NA NA NA NA 664 968 0 NA NA NA NA NA NA 1400 8868 173 NA NA NA NA NA NA 1182 6828 264 NA NA NA NA NA 
1734019200.0 2024.103001 NA 438 666 0 NA NA NA NA NA NA 660 948 0 NA NA NA NA NA NA 1183 5657 165 NA NA NA NA NA NA 834 2695 190 NA NA NA NA NA 
1734019200.0 2024.200001 NA 409 685 0 NA NA NA NA NA NA 568 940 0 NA NA NA NA NA NA 828 3853 161 NA NA NA NA NA NA 516 1797 174 NA NA NA NA NA 
1734019200.0 2024.201001 NA 431 654 0 NA NA NA NA NA NA 650 875 0 NA NA NA NA NA NA 1049 4669 165 NA NA NA NA NA NA 505 2344 184 NA NA NA NA NA 
1734019200.0 2024.202001 NA 427 660 0 NA NA NA NA NA NA 663 935 0 NA NA NA NA NA NA 1136 5681 166 NA NA NA NA NA NA 1453 2719 193 NA NA NA NA NA 
1734019200.0 2024.203001 NA 417 667 0 NA NA NA NA NA NA 659 915 0 NA NA NA NA NA NA 1187 5454 165 NA NA NA NA NA NA 1521 2490 181 NA NA NA NA NA 
1734019200.0 2024.300001 NA 422 678 0 NA NA NA NA NA NA 579 882 0 NA NA NA NA NA NA 771 3381 162 NA NA NA NA NA NA 499 1682 197 NA NA NA NA NA 
1734019200.0 2024.301001 NA 425 666 0 NA NA NA NA NA NA 655 929 0 NA NA NA NA NA NA 1228 5472 165 NA NA NA NA NA NA 1336 2597 190 NA NA NA NA NA 
1734019200.0 2024.302001 NA 428 663 0 NA NA NA NA NA NA 628 900 0 NA NA NA NA NA NA 1059 5080 165 NA NA NA NA NA NA 767 2422 185 NA NA NA NA NA 
1734019200.0 2024.303001 NA 425 658 0 NA NA NA NA NA NA 636 904 0 NA NA NA NA NA NA 1051 4670 165 NA NA NA NA NA NA 824 2261 182 NA NA NA NA NA 
1734019200.0 203.0 NA 266 465 0 NA NA NA NA NA NA 364 659 0 NA NA NA NA NA NA 291 892 160 NA NA NA NA NA NA 289 890 178 NA NA NA NA NA 
1734019200.0 204.0 168 251 457 0 NA NA NA NA NA 279 346 634 0 NA NA NA NA NA 735 296 892 169 NA NA NA NA NA 341 294 802 189 NA NA NA NA NA 
1734019200.0 205.0 NA 253 470 0 NA NA NA NA NA NA 352 626 0 NA NA NA NA NA NA 290 854 157 NA NA NA NA NA NA 288 792 167 NA NA NA NA NA 
1734019200.0 21.0 NA 186 384 0 NA NA NA NA NA NA 269 540 0 NA NA NA NA NA NA 569 991 164 NA NA NA NA NA NA 269 736 177 NA NA NA NA NA 
1734019200.0 22.0 NA 203 389 0 NA NA NA NA NA NA 278 550 0 NA NA NA NA NA NA 598 1126 162 NA NA NA NA NA NA 291 782 179 NA NA NA NA NA 
1734019200.0 23.0 NA 215 419 0 NA NA NA NA NA NA 300 589 0 NA NA NA NA NA NA 663 1172 178 NA NA NA NA NA NA 287 785 189 NA NA NA NA NA 
1734019200.0 23634.0 NA 639 658 0 245 NA NA NA NA NA 813 843 0 353 NA NA NA NA NA 785 1007 225 323 NA NA NA NA NA 507 767 247 317 NA NA NA NA 
1734019200.0 24.0 NA 218 421 0 NA NA NA NA NA NA 312 589 0 NA NA NA NA NA NA 699 1498 177 NA NA NA NA NA NA 294 917 189 NA NA NA NA NA 
1734019200.0 24034.0 NA 542 613 0 244 NA NA NA NA NA 712 809 0 343 NA NA NA NA NA 679 1088 226 311 NA NA NA NA NA 432 1042 263 290 NA NA NA NA 
1734019200.0 24834.0 NA 644 623 0 246 NA NA NA NA NA 821 867 0 342 NA NA NA NA NA 786 1086 229 318 NA NA NA NA NA 464 987 269 299 NA NA NA NA 
1734019200.0 24834.703 NA 612 298 0 NA NA NA NA NA NA 805 477 0 NA NA NA NA NA NA 866 393 110 NA NA NA NA NA NA 798 387 138 NA NA NA NA NA 
1734019200.0 24834.911 186 624 646 0 244 NA NA NA NA 275 820 855 0 353 NA NA NA NA 4254 2394 2502 701 349 NA NA NA NA 4251 3166 3022 1358 413 NA NA NA NA 
1734019200.0 25.0 NA 219 446 0 138 NA NA NA NA NA 315 626 0 207 NA NA NA NA NA 750 1789 180 137 NA NA NA NA NA 379 1083 197 165 NA NA NA NA 
1734019200.0 2500.001 NA 269 0 NA NA NA NA NA NA NA 403 0 NA NA NA NA NA NA NA 15498 66 NA NA NA NA NA NA NA 9456 84 NA NA NA NA NA NA 
1734019200.0 2500.002 NA 314 0 NA NA NA NA NA NA NA 523 0 NA NA NA NA NA NA NA 17197 69 NA NA NA NA NA NA NA 10450 90 NA NA NA NA NA NA 
1734019200.0 2500.003 NA 315 0 NA NA NA NA NA NA NA 531 0 NA NA NA NA NA NA NA 16490 64 NA NA NA NA NA NA NA 10170 80 NA NA NA NA NA NA 
1734019200.0 2500.011 NA 279 0 NA NA NA NA NA NA NA 410 0 NA NA NA NA NA NA NA 9917 63 NA NA NA NA NA NA NA 6313 77 NA NA NA NA NA NA 
1734019200.0 2500.012 NA 296 0 NA NA NA NA NA NA NA 445 0 NA NA NA NA NA NA NA 16693 64 NA NA NA NA NA NA NA 10187 85 NA NA NA NA NA NA 
1734019200.0 2500.013 NA 288 0 NA NA NA NA NA NA NA 420 0 NA NA NA NA NA NA NA 11877 64 NA NA NA NA NA NA NA 7345 80 NA NA NA NA NA NA 
1734019200.0 2500.021 NA 280 195 0 NA NA NA NA NA NA 393 284 0 NA NA NA NA NA NA 821 296 64 NA NA NA NA NA NA 572 318 75 NA NA NA NA NA 
1734019200.0 2500.022 NA 277 196 0 NA NA NA NA NA NA 392 282 0 NA NA NA NA NA NA 829 300 64 NA NA NA NA NA NA 554 322 76 NA NA NA NA NA 
1734019200.0 2500.023 NA 265 191 0 NA NA NA NA NA NA 359 277 0 NA NA NA NA NA NA 823 288 64 NA NA NA NA NA NA 573 294 76 NA NA NA NA NA 
1734019200.0 2500.024 NA 291 204 0 NA NA NA NA NA NA 397 288 0 NA NA NA NA NA NA 1019 316 64 NA NA NA NA NA NA 635 306 77 NA NA NA NA NA 
1734019200.0 2500.031 NA 286 185 0 NA NA NA NA NA NA 402 250 0 NA NA NA NA NA NA 862 269 61 NA NA NA NA NA NA 553 298 72 NA NA NA NA NA 
1734019200.0 2500.032 NA 281 185 0 NA NA NA NA NA NA 378 257 0 NA NA NA NA NA NA 868 270 62 NA NA NA NA NA NA 612 305 72 NA NA NA NA NA 
1734019200.0 2500.033 NA 289 187 0 NA NA NA NA NA NA 419 260 0 NA NA NA NA NA NA 893 282 63 NA NA NA NA NA NA 709 320 75 NA NA NA NA NA 
1734019200.0 2500.034 NA 289 191 0 NA NA NA NA NA NA 389 267 0 NA NA NA NA NA NA 906 308 64 NA NA NA NA NA NA 732 402 76 NA NA NA NA NA 
1734019200.0 2500.101 NA 278 0 NA NA NA NA NA NA NA 467 0 NA NA NA NA NA NA NA 6049 63 NA NA NA NA NA NA NA 4533 78 NA NA NA NA NA NA 
1734019200.0 2500.111 NA 247 0 NA NA NA NA NA NA NA 353 0 NA NA NA NA NA NA NA 3143 61 NA NA NA NA NA NA NA 1356 76 NA NA NA NA NA NA 
1734019200.0 2500.112 NA 249 0 NA NA NA NA NA NA NA 341 0 NA NA NA NA NA NA NA 602 64 NA NA NA NA NA NA NA 611 79 NA NA NA NA NA NA 
1734019200.0 2500.131 NA 155 NA NA NA NA NA NA NA NA 252 NA NA NA NA NA NA NA NA 2823 NA NA NA NA NA NA NA NA 1176 NA NA NA NA NA NA NA 
1734019200.0 2500.201 NA 236 0 NA NA NA NA NA NA NA 370 0 NA NA NA NA NA NA NA 6125 61 NA NA NA NA NA NA NA 5413 73 NA NA NA NA NA NA 
1734019200.0 2500.211 NA 257 0 NA NA NA NA NA NA NA 414 0 NA NA NA NA NA NA NA 3665 60 NA NA NA NA NA NA NA 1522 79 NA NA NA NA NA NA 
1734019200.0 2500.212 NA 261 0 NA NA NA NA NA NA NA 359 0 NA NA NA NA NA NA NA 649 68 NA NA NA NA NA NA NA 513 93 NA NA NA NA NA NA 
1734019200.0 2500.221 NA 220 NA NA NA NA NA NA NA NA 331 NA NA NA NA NA NA NA NA 827 NA NA NA NA NA NA NA NA 496 NA NA NA NA NA NA NA 
1734019200.0 2500.222 NA 234 NA NA NA NA NA NA NA NA 348 NA NA NA NA NA NA NA NA 895 NA NA NA NA NA NA NA NA 538 NA NA NA NA NA NA NA 
1734019200.0 2500.223 NA 245 NA NA NA NA NA NA NA NA 348 NA NA NA NA NA NA NA NA 2394 NA NA NA NA NA NA NA NA 974 NA NA NA NA NA NA NA 
1734019200.0 2500.224 NA 248 NA NA NA NA NA NA NA NA 358 NA NA NA NA NA NA NA NA 6613 NA NA NA NA NA NA NA NA 1907 NA NA NA NA NA NA NA 
1734019200.0 2500.225 NA 274 NA NA NA NA NA NA NA NA 414 NA NA NA NA NA NA NA NA 7447 NA NA NA NA NA NA NA NA 5472 NA NA NA NA NA NA NA 
1734019200.0 2500.226 NA 233 NA NA NA NA NA NA NA NA 343 NA NA NA NA NA NA NA NA 871 NA NA NA NA NA NA NA NA 557 NA NA NA NA NA NA NA 
1734019200.0 2500.227 NA 151 NA NA NA NA NA NA NA NA 235 NA NA NA NA NA NA NA NA 3936 NA NA NA NA NA NA NA NA 1599 NA NA NA NA NA NA NA 
1734019200.0 2500.231 NA 240 NA NA NA NA NA NA NA NA 335 NA NA NA NA NA NA NA NA 637 NA NA NA NA NA NA NA NA 484 NA NA NA NA NA NA NA 
1734019200.0 2500.232 NA 252 NA NA NA NA NA NA NA NA 354 NA NA NA NA NA NA NA NA 667 NA NA NA NA NA NA NA NA 515 NA NA NA NA NA NA NA 
1734019200.0 2500.233 NA 262 NA NA NA NA NA NA NA NA 347 NA NA NA NA NA NA NA NA 1704 NA NA NA NA NA NA NA NA 829 NA NA NA NA NA NA NA 
1734019200.0 2500.234 NA 262 NA NA NA NA NA NA NA NA 359 NA NA NA NA NA NA NA NA 5242 NA NA NA NA NA NA NA NA 1546 NA NA NA NA NA NA NA 
1734019200.0 2500.235 NA 284 NA NA NA NA NA NA NA NA 396 NA NA NA NA NA NA NA NA 5589 NA NA NA NA NA NA NA NA 1762 NA NA NA NA NA NA NA 
1734019200.0 2500.236 NA 251 NA NA NA NA NA NA NA NA 344 NA NA NA NA NA NA NA NA 648 NA NA NA NA NA NA NA NA 546 NA NA NA NA NA NA NA 
1734019200.0 2500.237 NA 152 NA NA NA NA NA NA NA NA 240 NA NA NA NA NA NA NA NA 3058 NA NA NA NA NA NA NA NA 1292 NA NA NA NA NA NA NA 
1734019200.0 2500.241 NA 232 NA NA NA NA NA NA NA NA 346 NA NA NA NA NA NA NA NA 220 NA NA NA NA NA NA NA NA 255 NA NA NA NA NA NA NA 
1734019200.0 2500.242 NA 178 NA NA NA NA NA NA NA NA 252 NA NA NA NA NA NA NA NA 706 NA NA NA NA NA NA NA NA 414 NA NA NA NA NA NA NA 
1734019200.0 2500.243 NA 111 NA NA NA NA NA NA NA NA 179 NA NA NA NA NA NA NA NA 132 NA NA NA NA NA NA NA NA 173 NA NA NA NA NA NA NA 
1734019200.0 2500.244 NA 184 NA NA NA NA NA NA NA NA 286 NA NA NA NA NA NA NA NA 1135 NA NA NA NA NA NA NA NA 534 NA NA NA NA NA NA NA 
1734019200.0 2500.245 NA 180 NA NA NA NA NA NA NA NA 274 NA NA NA NA NA NA NA NA 909 NA NA NA NA NA NA NA NA 516 NA NA NA NA NA NA NA 
1734019200.0 2500.901 NA 144 NA NA NA NA NA NA NA NA 230 NA NA NA NA NA NA NA NA 374 NA NA NA NA NA NA NA NA 391 NA NA NA NA NA NA NA 
1734019200.0 2500.902 NA 134 NA NA NA NA NA NA NA NA 226 NA NA NA NA NA NA NA NA 364 NA NA NA NA NA NA NA NA 340 NA NA NA NA NA NA NA 
1734019200.0 2500.911 104 111 NA NA NA NA NA NA NA 161 193 NA NA NA NA NA NA NA 109 125 NA NA NA NA NA NA NA 166 152 NA NA NA NA NA NA NA 
1734019200.0 2500.912 67 106 109 NA NA NA NA NA NA 109 168 191 NA NA NA NA NA NA 3384 122 110 NA NA NA NA NA NA 4401 115 128 NA NA NA NA NA NA 
1734019200.0 2500.913 68 106 110 NA NA NA NA NA NA 108 172 195 NA NA NA NA NA NA 427 131 124 NA NA NA NA NA NA 161 156 162 NA NA NA NA NA NA 
1734019200.0 250199.0 389 NA NA NA NA NA NA NA NA 576 NA NA NA NA NA NA NA NA 892 NA NA NA NA NA NA NA NA 640 NA NA NA NA NA NA NA NA 
1734019200.0 250199.17 407 NA NA NA NA NA NA NA NA 565 NA NA NA NA NA NA NA NA 970 NA NA NA NA NA NA NA NA 650 NA NA NA NA NA NA NA NA 
1734019200.0 250199.18 471 NA NA NA NA NA NA NA NA 708 NA NA NA NA NA NA NA NA 1448 NA NA NA NA NA NA NA NA 838 NA NA NA NA NA NA NA NA 
1734019200.0 250200.0 NA 452 531 0 NA NA NA NA NA NA 635 709 0 NA NA NA NA NA NA 1927 1050 163 NA NA NA NA NA NA 775 711 210 NA NA NA NA NA 
1734019200.0 250200.1 171 429 377 NA NA NA NA NA NA 267 572 545 NA NA NA NA NA NA 707 298 806 NA NA NA NA NA NA 357 321 652 NA NA NA NA NA NA 
1734019200.0 250200.117 148 510 408 NA NA NA NA NA NA 236 662 588 NA NA NA NA NA NA 746 681 704 NA NA NA NA NA NA 378 408 660 NA NA NA NA NA NA 
1734019200.0 250200.118 143 575 435 182 NA NA NA NA NA 230 789 581 271 NA NA NA NA NA 738 730 853 196 NA NA NA NA NA 413 403 541 221 NA NA NA NA NA 
1734019200.0 250200.17 NA 535 616 0 NA NA NA NA NA NA 733 857 0 NA NA NA NA NA NA 2441 1076 195 NA NA NA NA NA NA 951 764 207 NA NA NA NA NA 
1734019200.0 250200.18 NA 600 653 0 NA NA NA NA NA NA 860 895 0 NA NA NA NA NA NA 3090 1246 192 NA NA NA NA NA NA 1351 956 213 NA NA NA NA NA 
1734019200.0 250200.182 147 582 656 0 NA NA NA NA NA 231 777 904 0 NA NA NA NA NA 741 760 1425 196 NA NA NA NA NA 352 445 887 207 NA NA NA NA NA 
1734019200.0 250202.0 NA 461 539 0 NA NA NA NA NA NA 653 729 0 NA NA NA NA NA NA 2028 1087 165 NA NA NA NA NA NA 747 863 221 NA NA NA NA NA 
1734019200.0 250202.1 NA 394 445 546 0 NA NA NA NA NA 589 599 758 0 NA NA NA NA NA 887 1952 1148 167 NA NA NA NA NA 603 662 746 194 NA NA NA NA 
1734019200.0 250202.118 147 576 450 183 NA NA NA NA NA 231 770 669 279 NA NA NA NA NA 986 757 1041 206 NA NA NA NA NA 424 414 737 246 NA NA NA NA NA 
1734019200.0 250202.17 NA 545 638 0 NA NA NA NA NA NA 771 846 0 NA NA NA NA NA NA 2637 1219 201 NA NA NA NA NA NA 1195 820 212 NA NA NA NA NA 
1734019200.0 250202.171 NA 405 538 629 0 NA NA NA NA NA 578 720 869 0 NA NA NA NA NA 917 2438 1155 196 NA NA NA NA NA 636 846 790 208 NA NA NA NA 
1734019200.0 250202.172 NA 553 644 0 NA NA NA NA NA NA 776 845 0 NA NA NA NA NA NA 2658 1233 202 NA NA NA NA NA NA 1206 800 224 NA NA NA NA NA 
1734019200.0 250202.18 NA 593 686 0 NA NA NA NA NA NA 883 953 0 NA NA NA NA NA NA 3190 1579 197 NA NA NA NA NA NA 1453 1020 228 NA NA NA NA NA 
1734019200.0 250202.181 NA 487 609 665 0 NA NA NA NA NA 684 837 879 0 NA NA NA NA NA 1394 3079 1349 204 NA NA NA NA NA 732 1015 829 266 NA NA NA NA 
1734019200.0 250202.182 148 571 678 0 NA NA NA NA NA 238 815 925 0 NA NA NA NA NA 995 812 1561 203 NA NA NA NA NA 463 463 925 215 NA NA NA NA NA 
1734019200.0 250202.183 149 587 679 0 NA NA NA NA NA 237 779 929 0 NA NA NA NA NA 1027 775 1622 254 NA NA NA NA NA 618 468 1076 269 NA NA NA NA NA 
1734019200.0 250202.184 NA 442 602 662 0 NA NA NA NA NA 667 853 908 0 NA NA NA NA NA 1323 3319 1404 205 NA NA NA NA NA 672 1128 837 253 NA NA NA NA 
1734019200.0 250202.2 NA 471 534 0 NA NA NA NA NA NA 675 712 0 NA NA NA NA NA NA 3997 968 153 NA NA NA NA NA NA 1508 859 163 NA NA NA NA NA 
1734019200.0 250202.3 NA 392 456 530 0 NA NA NA NA NA 577 609 706 0 NA NA NA NA NA 851 3800 1073 160 NA NA NA NA NA 571 1262 846 183 NA NA NA NA 
1734019200.0 250202.4 NA 466 539 0 NA NA NA NA NA NA 675 729 0 NA NA NA NA NA NA 3940 989 156 NA NA NA NA NA NA 1377 869 180 NA NA NA NA NA 
1734019200.0 250202.5 NA 391 454 541 0 NA NA NA NA NA 558 631 726 0 NA NA NA NA NA 852 3740 1060 156 NA NA NA NA NA 681 1066 720 167 NA NA NA NA 
1734019200.0 250203.0 NA 456 536 0 NA NA NA NA NA NA 673 723 0 NA NA NA NA NA NA 1977 1030 162 NA NA NA NA NA NA 827 709 187 NA NA NA NA NA 
1734019200.0 250203.17 NA 543 634 0 NA NA NA NA NA NA 756 868 0 NA NA NA NA NA NA 2493 1148 200 NA NA NA NA NA NA 977 809 265 NA NA NA NA NA 
1734019200.0 250203.18 NA 584 651 0 NA NA NA NA NA NA 835 899 0 NA NA NA NA NA NA 3134 1338 194 NA NA NA NA NA NA 1362 931 228 NA NA NA NA NA 
1734019200.0 250204.0 NA 463 544 0 NA NA NA NA NA NA 665 704 0 NA NA NA NA NA NA 2007 1060 166 NA NA NA NA NA NA 1001 762 235 NA NA NA NA NA 
1734019200.0 250204.17 NA 540 623 0 NA NA NA NA NA NA 731 864 0 NA NA NA NA NA NA 2481 1114 204 NA NA NA NA NA NA 918 863 251 NA NA NA NA NA 
1734019200.0 250204.18 NA 598 667 0 NA NA NA NA NA NA 811 925 0 NA NA NA NA NA NA 3126 1317 196 NA NA NA NA NA NA 1456 835 219 NA NA NA NA NA 
1734019200.0 250205.0 NA 475 534 0 NA NA NA NA NA NA 676 685 0 NA NA NA NA NA NA 1934 1025 159 NA NA NA NA NA NA 794 808 183 NA NA NA NA NA 
1734019200.0 250205.17 NA 540 632 0 NA NA NA NA NA NA 731 872 0 NA NA NA NA NA NA 2495 1118 193 NA NA NA NA NA NA 937 867 206 NA NA NA NA NA 
1734019200.0 250205.18 NA 597 671 0 NA NA NA NA NA NA 841 886 0 NA NA NA NA NA NA 3097 1425 190 NA NA NA NA NA NA 1325 887 202 NA NA NA NA NA 
1734019200.0 250206.0 NA 457 531 0 NA NA NA NA NA NA 635 689 0 NA NA NA NA NA NA 1985 1098 166 NA NA NA NA NA NA 773 829 229 NA NA NA NA NA 
1734019200.0 250206.118 142 532 425 181 NA NA NA NA NA 226 715 616 273 NA NA NA NA NA 458 651 678 196 NA NA NA NA NA 338 420 521 236 NA NA NA NA NA 
1734019200.0 250206.17 NA 541 620 0 NA NA NA NA NA NA 745 858 0 NA NA NA NA NA NA 2538 1024 201 NA NA NA NA NA NA 1101 730 255 NA NA NA NA NA 
1734019200.0 250206.18 NA 581 723 0 NA NA NA NA NA NA 850 972 0 NA NA NA NA NA NA 3097 1351 198 NA NA NA NA NA NA 1378 975 234 NA NA NA NA NA 
1734019200.0 250206.181 NA 476 594 704 0 NA NA NA NA NA 674 850 992 0 NA NA NA NA NA 1395 2942 1240 202 NA NA NA NA NA 672 1082 954 246 NA NA NA NA 
1734019200.0 250206.182 145 573 713 0 NA NA NA NA NA 232 758 939 0 NA NA NA NA NA 466 655 1085 200 NA NA NA NA NA 330 419 803 215 NA NA NA NA NA 
1734019200.0 250207.0 NA 454 529 0 NA NA NA NA NA NA 657 686 0 NA NA NA NA NA NA 1834 952 155 NA NA NA NA NA NA 877 701 206 NA NA NA NA NA 
1734019200.0 250207.17 NA 529 609 0 NA NA NA NA NA NA 724 822 0 NA NA NA NA NA NA 2306 1017 184 NA NA NA NA NA NA 1026 891 194 NA NA NA NA NA 
1734019200.0 250207.18 NA 586 643 0 NA NA NA NA NA NA 858 892 0 NA NA NA NA NA NA 2940 1174 188 NA NA NA NA NA NA 1312 901 210 NA NA NA NA NA 
1734019200.0 250208.17 NA 552 640 0 NA NA NA NA NA NA 760 873 0 NA NA NA NA NA NA 2665 1415 199 NA NA NA NA NA NA 969 949 210 NA NA NA NA NA 
1734019200.0 250208.18 NA 596 687 0 NA NA NA NA NA NA 854 891 0 NA NA NA NA NA NA 3344 1798 201 NA NA NA NA NA NA 1469 944 210 NA NA NA NA NA 
1734019200.0 250399.0 306 NA NA NA NA NA NA NA NA 419 NA NA NA NA NA NA NA NA 298 NA NA NA NA NA NA NA NA 372 NA NA NA NA NA NA NA NA 
1734019200.0 250399.17 364 NA NA NA NA NA NA NA NA 479 NA NA NA NA NA NA NA NA 425 NA NA NA NA NA NA NA NA 392 NA NA NA NA NA NA NA NA 
1734019200.0 250399.18 367 NA NA NA NA NA NA NA NA 507 NA NA NA NA NA NA NA NA 450 NA NA NA NA NA NA NA NA 445 NA NA NA NA NA NA NA NA 
1734019200.0 250400.0 477 0 220 NA NA NA NA NA NA 637 0 319 NA NA NA NA NA NA 447 98 302 NA NA NA NA NA NA 614 141 355 NA NA NA NA NA NA 
1734019200.0 250400.17 558 0 224 NA NA NA NA NA NA 725 0 321 NA NA NA NA NA NA 513 109 286 NA NA NA NA NA NA 627 152 357 NA NA NA NA NA NA 
1734019200.0 250400.18 565 0 223 NA NA NA NA NA NA 725 0 323 NA NA NA NA NA NA 537 108 287 NA NA NA NA NA NA 659 143 439 NA NA NA NA NA NA 
1734019200.0 250402.0 487 0 228 NA NA NA NA NA NA 644 0 328 NA NA NA NA NA NA 480 98 313 NA NA NA NA NA NA 547 127 331 NA NA NA NA NA NA 
1734019200.0 250402.1 304 469 0 NA NA NA NA NA NA 424 615 0 NA NA NA NA NA NA 304 457 104 NA NA NA NA NA NA 386 420 138 NA NA NA NA NA NA 
1734019200.0 250402.17 558 0 229 NA NA NA NA NA NA 704 0 328 NA NA NA NA NA NA 546 116 299 NA NA NA NA NA NA 717 156 412 NA NA NA NA NA NA 
1734019200.0 250402.171 364 553 0 NA NA NA NA NA NA 493 703 0 NA NA NA NA NA NA 421 527 115 NA NA NA NA NA NA 479 433 158 NA NA NA NA NA NA 
1734019200.0 250402.18 568 0 227 NA NA NA NA NA NA 727 0 321 NA NA NA NA NA NA 557 119 304 NA NA NA NA NA NA 693 208 384 NA NA NA NA NA NA 
1734019200.0 250402.181 361 526 0 NA NA NA NA NA NA 483 692 0 NA NA NA NA NA NA 437 559 115 NA NA NA NA NA NA 455 526 158 NA NA NA NA NA NA 
1734019200.0 250403.0 481 0 226 NA NA NA NA NA NA 624 0 331 NA NA NA NA NA NA 433 99 281 NA NA NA NA NA NA 541 160 312 NA NA NA NA NA NA 
1734019200.0 250403.17 561 0 225 NA NA NA NA NA NA 715 0 311 NA NA NA NA NA NA 525 108 289 NA NA NA NA NA NA 703 151 318 NA NA NA NA NA NA 
1734019200.0 250403.18 559 0 227 NA NA NA NA NA NA 720 0 323 NA NA NA NA NA NA 535 108 289 NA NA NA NA NA NA 587 150 398 NA NA NA NA NA NA 
1734019200.0 250405.0 479 0 219 NA NA NA NA NA NA 624 0 322 NA NA NA NA NA NA 424 98 281 NA NA NA NA NA NA 577 145 352 NA NA NA NA NA NA 
1734019200.0 250405.17 555 0 222 NA NA NA NA NA NA 715 0 321 NA NA NA NA NA NA 497 111 283 NA NA NA NA NA NA 561 184 353 NA NA NA NA NA NA 
1734019200.0 250405.18 568 0 222 NA NA NA NA NA NA 703 0 317 NA NA NA NA NA NA 517 113 284 NA NA NA NA NA NA 558 154 355 NA NA NA NA NA NA 
1734019200.0 250406.0 480 0 220 NA NA NA NA NA NA 644 0 312 NA NA NA NA NA NA 400 99 275 NA NA NA NA NA NA 635 143 423 NA NA NA NA NA NA 
1734019200.0 250406.17 552 0 228 NA NA NA NA NA NA 718 0 325 NA NA NA NA NA NA 439 102 267 NA NA NA NA NA NA 665 124 338 NA NA NA NA NA NA 
1734019200.0 250406.18 561 0 224 NA NA NA NA NA NA 715 0 316 NA NA NA NA NA NA 474 111 277 NA NA NA NA NA NA 706 149 386 NA NA NA NA NA NA 
1734019200.0 250407.0 409 0 217 NA NA NA NA NA NA 540 0 313 NA NA NA NA NA NA 389 91 272 NA NA NA NA NA NA 590 147 396 NA NA NA NA NA NA 
1734019200.0 250407.17 479 0 224 NA NA NA NA NA NA 606 0 315 NA NA NA NA NA NA 448 99 282 NA NA NA NA NA NA 514 148 422 NA NA NA NA NA NA 
1734019200.0 250407.18 485 0 215 NA NA NA NA NA NA 614 0 308 NA NA NA NA NA NA 472 100 273 NA NA NA NA NA NA 549 149 307 NA NA NA NA NA NA 
1734019200.0 250408.0 486 0 227 NA NA NA NA NA NA 638 0 327 NA NA NA NA NA NA 457 100 295 NA NA NA NA NA NA 589 130 416 NA NA NA NA NA NA 
1734019200.0 250408.17 558 0 229 NA NA NA NA NA NA 717 0 338 NA NA NA NA NA NA 564 114 327 NA NA NA NA NA NA 732 156 394 NA NA NA NA NA NA 
1734019200.0 250408.18 565 0 226 NA NA NA NA NA NA 731 0 322 NA NA NA NA NA NA 557 114 314 NA NA NA NA NA NA 643 174 351 NA NA NA NA NA NA 
1734019200.0 250409.0 495 0 229 NA NA NA NA NA NA 654 0 332 NA NA NA NA NA NA 543 104 375 NA NA NA NA NA NA 653 172 430 NA NA NA NA NA NA 
1734019200.0 250409.17 566 0 232 NA NA NA NA NA NA 728 0 330 NA NA NA NA NA NA 649 115 376 NA NA NA NA NA NA 715 168 367 NA NA NA NA NA NA 
1734019200.0 250409.18 571 0 230 NA NA NA NA NA NA 715 0 335 NA NA NA NA NA NA 644 118 361 NA NA NA NA NA NA 675 149 362 NA NA NA NA NA NA 
1734019200.0 25200.0 NA 450 697 0 180 NA NA NA NA NA 607 955 0 272 NA NA NA NA NA 826 1325 159 201 NA NA NA NA NA 529 1027 169 213 NA NA NA NA 
1734019200.0 25202.0 NA 447 708 0 179 NA NA NA NA NA 615 958 0 265 NA NA NA NA NA 761 1288 163 204 NA NA NA NA NA 424 965 173 220 NA NA NA NA 
1734019200.0 25202.1 NA 446 653 0 NA NA NA NA NA NA 643 895 0 NA NA NA NA NA NA 1031 1289 167 NA NA NA NA NA NA 518 1013 194 NA NA NA NA NA 
1734019200.0 25202.15 NA 459 711 0 197 NA NA NA NA NA 631 970 0 286 NA NA NA NA NA 790 1302 163 267 NA NA NA NA NA 433 1020 175 292 NA NA NA NA 
1734019200.0 25202.2 NA 446 696 0 NA NA NA NA NA NA 638 958 0 NA NA NA NA NA NA 1042 1259 164 NA NA NA NA NA NA 535 866 189 NA NA NA NA NA 
1734019200.0 25203.0 NA 450 703 0 179 NA NA NA NA NA 596 900 0 270 NA NA NA NA NA 820 1286 158 207 NA NA NA NA NA 462 915 169 246 NA NA NA NA 
1734019200.0 25204.0 NA 464 709 0 NA NA NA NA NA NA 615 944 0 NA NA NA NA NA NA 829 1319 168 NA NA NA NA NA NA 440 955 224 NA NA NA NA NA 
1734019200.0 25205.0 NA 457 709 0 178 NA NA NA NA NA 608 937 0 270 NA NA NA NA NA 780 1227 159 201 NA NA NA NA NA 430 905 171 221 NA NA NA NA 
1734019200.0 25206.0 NA 453 748 0 178 NA NA NA NA NA 597 984 0 270 NA NA NA NA NA 791 1202 165 205 NA NA NA NA NA 439 861 184 223 NA NA NA NA 
1734019200.0 25207.0 NA 433 694 0 NA NA NA NA NA NA 595 912 0 NA NA NA NA NA NA 750 1122 147 NA NA NA NA NA NA 448 924 158 NA NA NA NA NA 
1734019200.0 25208.0 NA 462 741 0 NA NA NA NA NA NA 641 973 0 NA NA NA NA NA NA 831 1641 173 NA NA NA NA NA NA 432 1042 235 NA NA NA NA NA 
1734019200.0 25209.0 NA 451 709 0 179 NA NA NA NA NA 609 933 0 267 NA NA NA NA NA 801 1306 162 199 NA NA NA NA NA 484 1005 171 224 NA NA NA NA 
1734019200.0 25210.0 168 445 698 0 NA NA NA NA NA 271 581 890 0 NA NA NA NA NA 1282 384 978 160 NA NA NA NA NA 576 303 866 179 NA NA NA NA NA 
1734019200.0 25211.0 175 445 676 0 NA NA NA NA NA 288 605 889 0 NA NA NA NA NA 3269 775 1290 157 NA NA NA NA NA 1342 450 943 168 NA NA NA NA NA 
1734019200.0 25211.17 147 494 752 0 NA NA NA NA NA 248 668 1015 0 NA NA NA NA NA 3532 1193 1283 198 NA NA NA NA NA 3091 595 1011 237 NA NA NA NA NA 
1734019200.0 25211.18 148 551 847 0 NA NA NA NA NA 243 743 1185 0 NA NA NA NA NA 3249 1750 1711 204 NA NA NA NA NA 2217 849 1264 291 NA NA NA NA NA 
1734019200.0 25212.0 170 441 700 0 NA NA NA NA NA 287 607 965 0 NA NA NA NA NA 4297 740 1188 158 NA NA NA NA NA 3521 423 911 174 NA NA NA NA NA 
1734019200.0 25212.17 151 497 764 0 NA NA NA NA NA 248 637 1078 0 NA NA NA NA NA 4374 1268 1406 204 NA NA NA NA NA 3061 660 1305 238 NA NA NA NA NA 
1734019200.0 25212.18 149 577 847 0 NA NA NA NA NA 245 771 1237 0 NA NA NA NA NA 4456 1772 1839 206 NA NA NA NA NA 3170 1056 1505 258 NA NA NA NA NA 
1734019200.0 25213.0 176 455 709 0 NA NA NA NA NA 288 585 970 0 NA NA NA NA NA 4302 858 1329 169 NA NA NA NA NA 2633 665 1472 230 NA NA NA NA NA 
1734019200.0 25213.17 149 496 760 0 NA NA NA NA NA 248 639 1052 0 NA NA NA NA NA 4449 1213 1298 200 NA NA NA NA NA 4000 563 938 248 NA NA NA NA NA 
1734019200.0 25213.18 151 573 870 0 NA NA NA NA NA 247 766 1101 0 NA NA NA NA NA 4395 1755 1759 206 NA NA NA NA NA 2758 899 1346 271 NA NA NA NA NA 
1734019200.0 25214.0 NA 438 707 0 NA NA NA NA NA NA 608 938 0 NA NA NA NA NA NA 759 1211 158 NA NA NA NA NA NA 442 885 168 NA NA NA NA NA 
1734019200.0 25215.0 69 174 443 711 0 NA NA NA NA 100 271 592 948 0 NA NA NA NA 23 945 818 1305 164 NA NA NA NA 58 462 468 955 218 NA NA NA NA 
1734019200.0 25215.17 69 150 506 785 0 NA NA NA NA 101 243 691 1061 0 NA NA NA NA 22 854 1204 1318 193 NA NA NA NA 67 407 559 929 205 NA NA NA NA 
1734019200.0 25215.18 69 151 569 872 0 NA NA NA NA 101 242 760 1174 0 NA NA NA NA 23 891 1669 1787 198 NA NA NA NA 75 417 686 1114 229 NA NA NA NA 
1734019200.0 25234.0 191 627 657 0 246 NA NA NA NA 270 815 859 0 346 NA NA NA NA 2334 771 1010 229 309 NA NA NA NA 2500 533 895 278 317 NA NA NA NA 
1734019200.0 25400.0 573 0 221 NA NA NA NA NA NA 761 0 328 NA NA NA NA NA NA 818 104 282 NA NA NA NA NA NA 793 157 360 NA NA NA NA NA NA 
1734019200.0 25400.17 682 0 226 NA NA NA NA NA NA 914 0 312 NA NA NA NA NA NA 1479 119 287 NA NA NA NA NA NA 925 172 382 NA NA NA NA NA NA 
1734019200.0 25400.18 686 0 224 NA NA NA NA NA NA 927 0 319 NA NA NA NA NA NA 1292 109 288 NA NA NA NA NA NA 718 121 369 NA NA NA NA NA NA 
1734019200.0 25402.0 590 0 223 NA NA NA NA NA NA 754 0 326 NA NA NA NA NA NA 855 114 311 NA NA NA NA NA NA 695 190 451 NA NA NA NA NA NA 
1734019200.0 25402.17 635 0 225 NA NA NA NA NA NA 872 0 331 NA NA NA NA NA NA 1383 118 319 NA NA NA NA NA NA 831 145 354 NA NA NA NA NA NA 
1734019200.0 25402.18 688 0 224 NA NA NA NA NA NA 866 0 321 NA NA NA NA NA NA 1287 112 286 NA NA NA NA NA NA 707 126 341 NA NA NA NA NA NA 
1734019200.0 25403.0 581 0 224 NA NA NA NA NA NA 742 0 319 NA NA NA NA NA NA 762 96 275 NA NA NA NA NA NA 549 108 378 NA NA NA NA NA NA 
1734019200.0 25403.17 677 0 226 NA NA NA NA NA NA 903 0 327 NA NA NA NA NA NA 1205 118 282 NA NA NA NA NA NA 686 181 334 NA NA NA NA NA NA 
1734019200.0 25403.18 689 0 225 NA NA NA NA NA NA 908 0 316 NA NA NA NA NA NA 1424 116 292 NA NA NA NA NA NA 1003 162 404 NA NA NA NA NA NA 
1734019200.0 25405.0 589 0 223 NA NA NA NA NA NA 792 0 340 NA NA NA NA NA NA 816 102 281 NA NA NA NA NA NA 876 140 374 NA NA NA NA NA NA 
1734019200.0 25405.17 678 0 222 NA NA NA NA NA NA 890 0 314 NA NA NA NA NA NA 1159 111 274 NA NA NA NA NA NA 623 138 342 NA NA NA NA NA NA 
1734019200.0 25405.18 689 0 224 NA NA NA NA NA NA 888 0 330 NA NA NA NA NA NA 1363 116 287 NA NA NA NA NA NA 843 150 415 NA NA NA NA NA NA 
1734019200.0 25406.0 594 0 222 NA NA NA NA NA NA 776 0 310 NA NA NA NA NA NA 650 105 300 NA NA NA NA NA NA 668 142 360 NA NA NA NA NA NA 
1734019200.0 25406.17 678 0 226 NA NA NA NA NA NA 867 0 320 NA NA NA NA NA NA 976 109 274 NA NA NA NA NA NA 607 122 343 NA NA NA NA NA NA 
1734019200.0 25406.18 682 0 220 NA NA NA NA NA NA 849 0 316 NA NA NA NA NA NA 975 122 297 NA NA NA NA NA NA 826 187 333 NA NA NA NA NA NA 
1734019200.0 25407.0 508 0 221 NA NA NA NA NA NA 680 0 328 NA NA NA NA NA NA 692 94 260 NA NA NA NA NA NA 597 132 281 NA NA NA NA NA NA 
1734019200.0 25407.17 606 0 224 NA NA NA NA NA NA 815 0 323 NA NA NA NA NA NA 1218 110 279 NA NA NA NA NA NA 793 148 387 NA NA NA NA NA NA 
1734019200.0 25407.18 620 0 220 NA NA NA NA NA NA 754 0 313 NA NA NA NA NA NA 1251 113 280 NA NA NA NA NA NA 873 168 360 NA NA NA NA NA NA 
1734019200.0 25408.0 594 0 225 NA NA NA NA NA NA 738 0 323 NA NA NA NA NA NA 941 114 354 NA NA NA NA NA NA 773 198 364 NA NA NA NA NA NA 
1734019200.0 25408.17 694 0 231 NA NA NA NA NA NA 936 0 321 NA NA NA NA NA NA 1528 113 348 NA NA NA NA NA NA 838 124 324 NA NA NA NA NA NA 
1734019200.0 25408.18 701 0 230 NA NA NA NA NA NA 939 0 330 NA NA NA NA NA NA 1589 115 346 NA NA NA NA NA NA 830 134 325 NA NA NA NA NA NA 
1734019200.0 25409.0 583 0 226 NA NA NA NA NA NA 759 0 318 NA NA NA NA NA NA 897 105 292 NA NA NA NA NA NA 765 163 350 NA NA NA NA NA NA 
1734019200.0 25409.17 692 0 231 NA NA NA NA NA NA 932 0 323 NA NA NA NA NA NA 1353 114 291 NA NA NA NA NA NA 746 129 352 NA NA NA NA NA NA 
1734019200.0 25409.18 680 0 226 NA NA NA NA NA NA 917 0 315 NA NA NA NA NA NA 1320 111 292 NA NA NA NA NA NA 678 123 381 NA NA NA NA NA NA 
1734019200.0 25634.0 181 638 666 0 247 NA NA NA NA 272 820 897 0 337 NA NA NA NA 2132 749 1015 226 304 NA NA NA NA 1280 503 776 246 292 NA NA NA NA 
1734019200.0 26.0 NA 215 431 0 NA NA NA NA NA NA 302 604 0 NA NA NA NA NA NA 636 1074 164 NA NA NA NA NA NA 284 767 179 NA NA NA NA NA 
1734019200.0 26034.0 189 634 665 0 246 NA NA NA NA 273 832 853 0 345 NA NA NA NA 2287 804 1101 235 330 NA NA NA NA 1995 591 1318 298 380 NA NA NA NA 
1734019200.0 26434.0 182 632 650 0 245 NA NA NA NA 263 820 898 0 349 NA NA NA NA 2200 765 993 222 308 NA NA NA NA 1638 542 799 233 328 NA NA NA NA 
1734019200.0 26834.0 189 631 657 0 246 NA NA NA NA 270 824 835 0 345 NA NA NA NA 2010 724 980 191 269 NA NA NA NA 914 568 846 231 319 NA NA NA NA 
1734019200.0 27.0 NA 218 414 0 NA NA NA NA NA NA 305 587 0 NA NA NA NA NA NA 636 1031 169 NA NA NA NA NA NA 283 750 184 NA NA NA NA NA 
1734019200.0 27234.0 195 634 647 0 248 NA NA NA NA 286 802 872 0 355 NA NA NA NA 2293 758 1027 226 312 NA NA NA NA 2890 453 751 247 311 NA NA NA NA 
1734019200.0 27634.0 180 645 671 0 248 NA NA NA NA 264 840 880 0 340 NA NA NA NA 2421 811 1102 241 344 NA NA NA NA 2223 606 1101 333 376 NA NA NA NA 
1734019200.0 28.0 NA 215 420 0 NA NA NA NA NA NA 308 568 0 NA NA NA NA NA NA 690 1304 169 NA NA NA NA NA NA 342 802 184 NA NA NA NA NA 
1734019200.0 280.0 190 185 377 0 NA NA NA NA NA 351 264 523 0 NA NA NA NA NA 745 154 766 151 NA NA NA NA NA 398 133 652 164 NA NA NA NA NA 
1734019200.0 28034.0 192 637 673 0 247 NA NA NA NA 279 811 878 0 343 NA NA NA NA 1912 719 992 190 267 NA NA NA NA 908 416 976 248 280 NA NA NA NA 
1734019200.0 281.0 187 271 483 0 NA NA NA NA NA 372 367 635 0 NA NA NA NA NA 682 181 551 148 NA NA NA NA NA 429 163 513 161 NA NA NA NA NA 
1734019200.0 28434.0 180 628 662 0 238 NA NA NA NA 264 801 854 0 334 NA NA NA NA 2146 753 1001 222 280 NA NA NA NA 1489 509 742 235 299 NA NA NA NA 
1734019200.0 28834.0 188 627 652 0 248 NA NA NA NA 273 831 869 0 347 NA NA NA NA 1902 718 976 191 269 NA NA NA NA 1110 507 786 205 316 NA NA NA NA 
1734019200.0 29.0 NA 216 435 0 NA NA NA NA NA NA 294 594 0 NA NA NA NA NA NA 632 1123 163 NA NA NA NA NA NA 291 775 175 NA NA NA NA NA 
1734019200.0 29234.0 193 645 666 0 248 NA NA NA NA 281 812 875 0 354 NA NA NA NA 1877 733 972 191 270 NA NA NA NA 811 432 909 214 310 NA NA NA NA 
1734019200.0 29634.0 NA 643 667 0 237 NA NA NA NA NA 855 878 0 345 NA NA NA NA NA 816 1097 232 303 NA NA NA NA NA 492 872 273 304 NA NA NA NA 
1734019200.0 29634.21 NA 597 356 268 NA NA NA NA NA NA 820 480 362 NA NA NA NA NA NA 866 486 400 NA NA NA NA NA NA 579 391 363 NA NA NA NA NA 
1734019200.0 29634.402 NA 644 331 0 NA NA NA NA NA NA 1084 747 0 NA NA NA NA NA NA 894 402 95 NA NA NA NA NA NA 724 437 126 NA NA NA NA NA 
1734019200.0 29634.5 NA 644 217 0 NA NA NA NA NA NA 848 306 0 NA NA NA NA NA NA 833 316 81 NA NA NA NA NA NA 605 370 103 NA NA NA NA NA 
1734019200.0 29634.702 NA 642 625 0 237 NA NA NA NA NA 825 853 0 334 NA NA NA NA NA 816 1152 237 301 NA NA NA NA NA 487 1062 287 301 NA NA NA NA 
1734019200.0 29634.75 NA 630 NA NA NA NA NA NA NA NA 828 NA NA NA NA NA NA NA NA 809 NA NA NA NA NA NA NA NA 568 NA NA NA NA NA NA NA 
1734019200.0 29634.9 NA 641 632 0 239 NA NA NA NA NA 835 890 0 348 NA NA NA NA NA 803 1163 233 307 NA NA NA NA NA 437 1132 272 316 NA NA NA NA 
1734019200.0 29634.911 190 635 655 0 251 NA NA NA NA 275 842 861 0 354 NA NA NA NA 4436 2484 2612 767 330 NA NA NA NA 4419 3600 3517 1601 352 NA NA NA NA 
1734019200.0 29661.0 NA 596 557 0 230 NA NA NA NA NA 760 786 0 329 NA NA NA NA NA 702 886 208 292 NA NA NA NA NA 423 948 236 298 NA NA NA NA 
1734019200.0 29696.0 NA 593 589 0 231 NA NA NA NA NA 764 752 0 328 NA NA NA NA NA 707 877 207 288 NA NA NA NA NA 422 734 229 298 NA NA NA NA 
1734019200.0 29700.0 NA 594 589 0 231 NA NA NA NA NA 757 750 0 336 NA NA NA NA NA 696 858 208 292 NA NA NA NA NA 410 711 236 305 NA NA NA NA 
1734019200.0 29751.85 NA 854 1238 0 267 NA NA NA NA NA 1236 2092 0 363 NA NA NA NA NA 3044 112581 258 339 NA NA NA NA NA 2579 41148 271 309 NA NA NA NA 
1734019200.0 29834.114 NA 1516 2112 0 NA NA NA NA NA NA 2187 3150 0 NA NA NA NA NA NA 5499 8756 269 NA NA NA NA NA NA 4083 4565 374 NA NA NA NA NA 
1734019200.0 29834.21 NA 1325 798 314 NA NA NA NA NA NA 1854 1160 419 NA NA NA NA NA NA 5511 3618 637 NA NA NA NA NA NA 3322 1335 417 NA NA NA NA NA 
1734019200.0 29834.99 NA 1123 1478 1286 0 NA NA NA NA NA 1624 2077 1850 0 NA NA NA NA NA 3422 2556 6776 259 NA NA NA NA NA 3408 1864 3406 357 NA NA NA NA 
1734019200.0 29834.9921 NA 901 1284 763 316 NA NA NA NA NA 1315 1780 1220 420 NA NA NA NA NA 3201 2107 3663 649 NA NA NA NA NA 3804 771 1314 474 NA NA NA NA 
1734019200.0 29834.999 NA 612 985 837 0 NA NA NA NA NA 836 1313 1160 0 NA NA NA NA NA 1330 1238 2114 245 NA NA NA NA NA 1507 591 1108 316 NA NA NA NA 
1734019200.0 29861.97 1098 NA NA NA NA NA NA NA NA 1617 NA NA NA NA NA NA NA NA 3264 NA NA NA NA NA NA NA NA 1630 NA NA NA NA NA NA NA NA 
1734019200.0 3.0 159 181 322 NA NA NA NA NA NA 270 263 445 NA NA NA NA NA NA 1403 141 550 NA NA NA NA NA NA 724 134 468 NA NA NA NA NA NA 
1734019200.0 30.0 NA 219 415 0 NA NA NA NA NA NA 305 595 0 NA NA NA NA NA NA 651 1207 178 NA NA NA NA NA NA 272 754 192 NA NA NA NA NA 
1734019200.0 300.0 143 278 519 0 NA NA NA NA NA 215 378 721 0 NA NA NA NA NA 506 156 607 178 NA NA NA NA NA 377 247 660 188 NA NA NA NA NA 
1734019200.0 30034.0 191 631 675 0 247 NA NA NA NA 280 812 896 0 341 NA NA NA NA 1883 732 997 189 269 NA NA NA NA 1011 448 751 242 302 NA NA NA NA 
1734019200.0 301.0 142 275 523 0 NA NA NA NA NA 219 384 718 0 NA NA NA NA NA 722 153 579 172 NA NA NA NA NA 484 242 688 186 NA NA NA NA NA 
1734019200.0 302.0 142 274 522 0 NA NA NA NA NA 218 379 732 0 NA NA NA NA NA 471 152 568 172 NA NA NA NA NA 385 270 625 193 NA NA NA NA NA 
1734019200.0 30434.0 193 644 656 0 247 NA NA NA NA 280 857 854 0 339 NA NA NA NA 1891 711 999 192 270 NA NA NA NA 1030 459 850 224 294 NA NA NA NA 
1734019200.0 30834.0 195 639 676 0 248 NA NA NA NA 283 822 858 0 354 NA NA NA NA 1864 735 981 190 271 NA NA NA NA 932 425 965 203 297 NA NA NA NA 
1734019200.0 31.0 NA 217 414 0 NA NA NA NA NA NA 298 565 0 NA NA NA NA NA NA 645 1055 163 NA NA NA NA NA NA 285 718 175 NA NA NA NA NA 
1734019200.0 310.0 152 269 510 0 NA NA NA NA NA 216 364 713 0 NA NA NA NA NA 669 141 573 180 NA NA NA NA NA 537 245 593 225 NA NA NA NA NA 
1734019200.0 311.0 154 268 508 0 NA NA NA NA NA 220 360 699 0 NA NA NA NA NA 914 145 588 188 NA NA NA NA NA 627 229 619 230 NA NA NA NA NA 
1734019200.0 312.0 152 273 514 0 NA NA NA NA NA 231 360 735 0 NA NA NA NA NA 632 141 584 185 NA NA NA NA NA 557 208 609 229 NA NA NA NA NA 
1734019200.0 31234.0 188 630 661 0 248 NA NA NA NA 271 845 857 0 342 NA NA NA NA 1943 733 998 193 271 NA NA NA NA 810 452 949 212 314 NA NA NA NA 
1734019200.0 32.0 NA 215 415 0 NA NA NA NA NA NA 310 579 0 NA NA NA NA NA NA 666 1163 166 NA NA NA NA NA NA 292 786 178 NA NA NA NA NA 
1734019200.0 320.0 169 263 503 0 NA NA NA NA NA 232 379 717 0 NA NA NA NA NA 782 171 544 180 NA NA NA NA NA 663 266 599 215 NA NA NA NA NA 
1734019200.0 32034.0 190 648 683 0 249 NA NA NA NA 282 828 857 0 348 NA NA NA NA 2911 876 1100 261 358 NA NA NA NA 3097 617 1133 423 398 NA NA NA NA 
1734019200.0 321.0 167 324 582 0 NA NA NA NA NA 233 438 774 0 NA NA NA NA NA 979 247 765 188 NA NA NA NA NA 647 324 666 225 NA NA NA NA NA 
1734019200.0 322.0 165 282 518 0 NA NA NA NA NA 238 387 717 0 NA NA NA NA NA 741 184 590 178 NA NA NA NA NA 568 276 647 190 NA NA NA NA NA 
1734019200.0 33.0 NA 217 413 0 NA NA NA NA NA NA 297 571 0 NA NA NA NA NA NA 621 989 164 NA NA NA NA NA NA 299 744 188 NA NA NA NA NA 
1734019200.0 330.0 182 469 682 0 NA NA NA NA NA 261 703 878 0 NA NA NA NA NA 839 378 986 213 NA NA NA NA NA 769 372 824 271 NA NA NA NA NA 
1734019200.0 331.0 186 473 689 0 NA NA NA NA NA 266 689 904 0 NA NA NA NA NA 1047 406 1062 209 NA NA NA NA NA 800 443 854 250 NA NA NA NA NA 
1734019200.0 332.0 181 469 692 0 NA NA NA NA NA 258 714 885 0 NA NA NA NA NA 857 400 1086 212 NA NA NA NA NA 808 364 877 223 NA NA NA NA NA 
1734019200.0 34.0 165 184 388 0 NA NA NA NA NA 282 263 548 0 NA NA NA NA NA 722 156 673 153 NA NA NA NA NA 357 123 674 162 NA NA NA NA NA 
1734019200.0 35.0 NA 220 421 0 NA NA NA NA NA NA 309 596 0 NA NA NA NA NA NA 662 1207 170 NA NA NA NA NA NA 301 805 185 NA NA NA NA NA 
1734019200.0 36.0 NA 211 431 0 NA NA NA NA NA NA 302 580 0 NA NA NA NA NA NA 712 3690 183 NA NA NA NA NA NA 341 1391 195 NA NA NA NA NA 
1734019200.0 37.0 NA 214 424 0 NA NA NA NA NA NA 307 581 0 NA NA NA NA NA NA 696 1670 174 NA NA NA NA NA NA 297 925 202 NA NA NA NA NA 
1734019200.0 38.0 NA 215 425 0 NA NA NA NA NA NA 310 587 0 NA NA NA NA NA NA 689 1481 171 NA NA NA NA NA NA 282 813 204 NA NA NA NA NA 
1734019200.0 39.0 NA 217 430 0 NA NA NA NA NA NA 306 586 0 NA NA NA NA NA NA 785 2568 189 NA NA NA NA NA NA 328 1184 225 NA NA NA NA NA 
1734019200.0 4.17 NA 103 396 0 263 NA NA NA NA NA 168 553 0 347 NA NA NA NA NA 66 1196 127 466 NA NA NA NA NA 90 963 141 495 NA NA NA NA 
1734019200.0 4.22 NA 203 133 139 0 NA NA NA NA NA 343 203 217 0 NA NA NA NA NA 399 114 122 87 NA NA NA NA NA 427 169 203 114 NA NA NA NA 
1734019200.0 4.23 NA 134 407 0 NA NA NA NA NA NA 212 552 0 NA NA NA NA NA NA 101 1158 158 NA NA NA NA NA NA 172 892 173 NA NA NA NA NA 
1734019200.0 4.24 NA 129 400 0 NA NA NA NA NA NA 201 556 0 NA NA NA NA NA NA 92 1223 128 NA NA NA NA NA NA 114 892 143 NA NA NA NA NA 
1734019200.0 4.25 NA 129 400 0 NA NA NA NA NA NA 202 531 0 NA NA NA NA NA NA 94 1208 135 NA NA NA NA NA NA 150 818 150 NA NA NA NA NA 
1734019200.0 4.26 NA 128 407 0 NA NA NA NA NA NA 196 567 0 NA NA NA NA NA NA 95 1407 146 NA NA NA NA NA NA 156 957 177 NA NA NA NA NA 
1734019200.0 4.27 NA 132 405 0 NA NA NA NA NA NA 202 547 0 NA NA NA NA NA NA 96 1449 174 NA NA NA NA NA NA 143 998 202 NA NA NA NA NA 
1734019200.0 4.28 NA 134 393 0 NA NA NA NA NA NA 206 527 0 NA NA NA NA NA NA 95 1275 579 NA NA NA NA NA NA 287 1187 597 NA NA NA NA NA 
1734019200.0 4.29 NA 106 404 0 269 NA NA NA NA NA 170 548 0 357 NA NA NA NA NA 68 1255 128 465 NA NA NA NA NA 76 801 145 464 NA NA NA NA 
1734019200.0 4.34 NA 136 413 0 NA NA NA NA NA NA 202 561 0 NA NA NA NA NA NA 101 1314 159 NA NA NA NA NA NA 187 958 175 NA NA NA NA NA 
1734019200.0 4.36 NA 131 406 0 NA NA NA NA NA NA 206 551 0 NA NA NA NA NA NA 97 1392 125 NA NA NA NA NA NA 133 1106 137 NA NA NA NA NA 
1734019200.0 4.37 NA 130 415 0 NA NA NA NA NA NA 202 567 0 NA NA NA NA NA NA 98 1605 137 NA NA NA NA NA NA 179 1094 151 NA NA NA NA NA 
1734019200.0 4.4 NA 103 478 0 NA NA NA NA NA NA 172 741 0 NA NA NA NA NA NA 63 1481 124 NA NA NA NA NA NA 86 899 139 NA NA NA NA NA 
1734019200.0 4.41 NA 102 480 0 NA NA NA NA NA NA 173 755 0 NA NA NA NA NA NA 67 1893 128 NA NA NA NA NA NA 100 1033 142 NA NA NA NA NA 
1734019200.0 4.42 NA 103 491 0 NA NA NA NA NA NA 176 735 0 NA NA NA NA NA NA 70 2164 128 NA NA NA NA NA NA 108 1113 142 NA NA NA NA NA 
1734019200.0 4.43 NA 109 471 0 NA NA NA NA NA NA 182 755 0 NA NA NA NA NA NA 65 1456 126 NA NA NA NA NA NA 116 1108 141 NA NA NA NA NA 
1734019200.0 4.44 NA 103 477 0 NA NA NA NA NA NA 178 733 0 NA NA NA NA NA NA 66 1715 127 NA NA NA NA NA NA 175 985 159 NA NA NA NA NA 
1734019200.0 4.45 NA 103 487 0 NA NA NA NA NA NA 174 743 0 NA NA NA NA NA NA 71 2351 126 NA NA NA NA NA NA 101 1177 139 NA NA NA NA NA 
1734019200.0 4.51 NA 104 489 0 NA NA NA NA NA NA 175 762 0 NA NA NA NA NA NA 68 1914 125 NA NA NA NA NA NA 150 1047 139 NA NA NA NA NA 
1734019200.0 4.52 NA 102 488 0 NA NA NA NA NA NA 174 794 0 NA NA NA NA NA NA 70 2388 131 NA NA NA NA NA NA 132 1143 159 NA NA NA NA NA 
1734019200.0 4.53 NA 103 491 0 NA NA NA NA NA NA 173 743 0 NA NA NA NA NA NA 72 2283 127 NA NA NA NA NA NA 111 1083 144 NA NA NA NA NA 
1734019200.0 4.54 NA 102 488 0 NA NA NA NA NA NA 177 762 0 NA NA NA NA NA NA 69 2234 128 NA NA NA NA NA NA 85 1061 159 NA NA NA NA NA 
1734019200.0 4.55 NA 105 492 0 NA NA NA NA NA NA 177 761 0 NA NA NA NA NA NA 71 2858 125 NA NA NA NA NA NA 115 1216 148 NA NA NA NA NA 
1734019200.0 4.57 NA 126 496 0 NA NA NA NA NA NA 199 765 0 NA NA NA NA NA NA 101 2647 129 NA NA NA NA NA NA 134 1263 144 NA NA NA NA NA 
1734019200.0 4.58 NA 104 481 0 NA NA NA NA NA NA 177 749 0 NA NA NA NA NA NA 67 1720 126 NA NA NA NA NA NA 90 999 141 NA NA NA NA NA 
1734019200.0 4.6 NA 399 0 NA NA NA NA NA NA NA 533 0 NA NA NA NA NA NA NA 1159 173 NA NA NA NA NA NA NA 965 196 NA NA NA NA NA NA 
1734019200.0 4.61 NA 105 487 0 NA NA NA NA NA NA 173 753 0 NA NA NA NA NA NA 71 2169 126 NA NA NA NA NA NA 187 1082 142 NA NA NA NA NA 
1734019200.0 4.62 NA 104 487 0 NA NA NA NA NA NA 180 770 0 NA NA NA NA NA NA 69 2210 132 NA NA NA NA NA NA 130 1086 187 NA NA NA NA NA 
1734019200.0 4.63 NA 102 492 0 NA NA NA NA NA NA 170 776 0 NA NA NA NA NA NA 71 2495 128 NA NA NA NA NA NA 117 1126 142 NA NA NA NA NA 
1734019200.0 4.64 NA 103 489 0 NA NA NA NA NA NA 177 775 0 NA NA NA NA NA NA 70 2365 127 NA NA NA NA NA NA 117 1114 144 NA NA NA NA NA 
1734019200.0 4.65 NA 102 501 0 NA NA NA NA NA NA 177 777 0 NA NA NA NA NA NA 76 3438 140 NA NA NA NA NA NA 107 1403 173 NA NA NA NA NA 
1734019200.0 4.67 NA 128 497 0 NA NA NA NA NA NA 198 758 0 NA NA NA NA NA NA 100 2695 130 NA NA NA NA NA NA 126 1184 143 NA NA NA NA NA 
1734019200.0 4.68 NA 103 490 0 NA NA NA NA NA NA 172 763 0 NA NA NA NA NA NA 70 2106 127 NA NA NA NA NA NA 100 1048 149 NA NA NA NA NA 
1734019200.0 4.71 NA 102 482 0 NA NA NA NA NA NA 172 756 0 NA NA NA NA NA NA 67 1727 126 NA NA NA NA NA NA 75 1095 142 NA NA NA NA NA 
1734019200.0 4.72 NA 103 484 0 NA NA NA NA NA NA 175 747 0 NA NA NA NA NA NA 70 2057 127 NA NA NA NA NA NA 125 1052 143 NA NA NA NA NA 
1734019200.0 4.73 NA 105 492 0 NA NA NA NA NA NA 176 755 0 NA NA NA NA NA NA 71 2429 129 NA NA NA NA NA NA 118 1164 142 NA NA NA NA NA 
1734019200.0 4.74 NA 105 485 0 NA NA NA NA NA NA 174 731 0 NA NA NA NA NA NA 70 2081 127 NA NA NA NA NA NA 106 1068 142 NA NA NA NA NA 
1734019200.0 4.75 NA 104 491 0 NA NA NA NA NA NA 180 772 0 NA NA NA NA NA NA 71 2556 127 NA NA NA NA NA NA 90 1146 139 NA NA NA NA NA 
1734019200.0 4.76 NA 131 492 0 NA NA NA NA NA NA 201 766 0 NA NA NA NA NA NA 104 2611 129 NA NA NA NA NA NA 179 1222 139 NA NA NA NA NA 
1734019200.0 4.77 NA 126 492 0 NA NA NA NA NA NA 198 780 0 NA NA NA NA NA NA 104 2615 129 NA NA NA NA NA NA 171 1245 140 NA NA NA NA NA 
1734019200.0 4.78 NA 108 492 0 NA NA NA NA NA NA 182 769 0 NA NA NA NA NA NA 71 2453 125 NA NA NA NA NA NA 131 1121 135 NA NA NA NA NA 
1734019200.0 4000.0 NA 217 429 NA NA NA NA NA NA NA 321 581 NA NA NA NA NA NA NA 727 1688 NA NA NA NA NA NA NA 365 919 NA NA NA NA NA NA 
1734019200.0 4001.0 NA 269 490 NA NA NA NA NA NA NA 371 664 NA NA NA NA NA NA NA 305 937 NA NA NA NA NA NA NA 291 868 NA NA NA NA NA NA 
1734019200.0 4002.0 NA 216 414 NA NA NA NA NA NA NA 295 581 NA NA NA NA NA NA NA 665 1172 NA NA NA NA NA NA NA 406 939 NA NA NA NA NA NA 
1734019200.0 4003.0 NA 216 416 NA NA NA NA NA NA NA 301 580 NA NA NA NA NA NA NA 646 1203 NA NA NA NA NA NA NA 335 765 NA NA NA NA NA NA 
1734019200.0 4006.0 136 255 466 NA NA NA NA NA NA 227 355 623 NA NA NA NA NA NA 301 292 868 NA NA NA NA NA NA 257 299 787 NA NA NA NA NA NA 
1734019200.0 4007.0 131 0 0 NA NA NA NA NA NA 217 0 0 NA NA NA NA NA NA 230 54 547 NA NA NA NA NA NA 258 157 717 NA NA NA NA NA NA 
1734019200.0 4008.0 132 0 0 NA NA NA NA NA NA 215 0 0 NA NA NA NA NA NA 229 54 545 NA NA NA NA NA NA 218 164 631 NA NA NA NA NA NA 
1734019200.0 43.0 NA 214 421 0 NA NA NA NA NA NA 303 581 0 NA NA NA NA NA NA 649 1407 182 NA NA NA NA NA NA 291 826 203 NA NA NA NA NA 
1734019200.0 44.0 NA 214 413 0 NA NA NA NA NA NA 302 575 0 NA NA NA NA NA NA 648 1279 164 NA NA NA NA NA NA 288 838 175 NA NA NA NA NA 
1734019200.0 45.0 NA 218 421 0 NA NA NA NA NA NA 301 569 0 NA NA NA NA NA NA 650 1304 169 NA NA NA NA NA NA 280 807 179 NA NA NA NA NA 
1734019200.0 5.1 413 0 NA NA NA NA NA NA NA 563 0 NA NA NA NA NA NA NA 429 102 NA NA NA NA NA NA NA 386 126 NA NA NA NA NA NA NA 
1734019200.0 5.2 329 0 NA NA NA NA NA NA NA 434 0 NA NA NA NA NA NA NA 351 91 NA NA NA NA NA NA NA 407 118 NA NA NA NA NA NA NA 
1734019200.0 5.3 327 0 NA NA NA NA NA NA NA 445 0 NA NA NA NA NA NA NA 356 90 NA NA NA NA NA NA NA 418 110 NA NA NA NA NA NA NA 
1734019200.0 5.4 407 0 NA NA NA NA NA NA NA 540 0 NA NA NA NA NA NA NA 382 99 NA NA NA NA NA NA NA 354 128 NA NA NA NA NA NA NA 
1734019200.0 5.5 400 0 NA NA NA NA NA NA NA 536 0 NA NA NA NA NA NA NA 371 96 NA NA NA NA NA NA NA 369 120 NA NA NA NA NA NA NA 
1734019200.0 5.6 412 0 NA NA NA NA NA NA NA 532 0 NA NA NA NA NA NA NA 414 97 NA NA NA NA NA NA NA 385 125 NA NA NA NA NA NA NA 
1734019200.0 5.7 407 0 NA NA NA NA NA NA NA 542 0 NA NA NA NA NA NA NA 396 98 NA NA NA NA NA NA NA 402 130 NA NA NA NA NA NA NA 
1734019200.0 500199.0 298 NA NA NA NA NA NA NA NA 432 NA NA NA NA NA NA NA NA 600 NA NA NA NA NA NA NA NA 576 NA NA NA NA NA NA NA NA 
1734019200.0 500200.0 NA 311 449 0 NA NA NA NA NA NA 437 587 0 NA NA NA NA NA NA 1244 938 161 NA NA NA NA NA NA 533 715 169 NA NA NA NA NA 
1734019200.0 500200.1 171 284 356 NA NA NA NA NA NA 265 386 497 NA NA NA NA NA NA 707 215 763 NA NA NA NA NA NA 363 264 682 NA NA NA NA NA NA 
1734019200.0 500202.0 NA 314 459 0 NA NA NA NA NA NA 445 610 0 NA NA NA NA NA NA 1367 1055 178 NA NA NA NA NA NA 587 767 214 NA NA NA NA NA 
1734019200.0 500203.0 NA 310 446 0 NA NA NA NA NA NA 442 581 0 NA NA NA NA NA NA 1259 934 163 NA NA NA NA NA NA 556 673 173 NA NA NA NA NA 
1734019200.0 500204.0 NA 306 450 0 NA NA NA NA NA NA 429 603 0 NA NA NA NA NA NA 1271 949 165 NA NA NA NA NA NA 556 737 176 NA NA NA NA NA 
1734019200.0 500205.0 NA 311 446 0 NA NA NA NA NA NA 436 600 0 NA NA NA NA NA NA 1266 946 174 NA NA NA NA NA NA 567 761 250 NA NA NA NA NA 
1734019200.0 500206.0 NA 306 458 0 NA NA NA NA NA NA 444 613 0 NA NA NA NA NA NA 1267 981 167 NA NA NA NA NA NA 557 777 198 NA NA NA NA NA 
1734019200.0 500207.0 NA 298 446 0 NA NA NA NA NA NA 428 590 0 NA NA NA NA NA NA 1119 907 156 NA NA NA NA NA NA 513 720 170 NA NA NA NA NA 
1734019200.0 50200.0 NA 325 542 0 NA NA NA NA NA NA 446 725 0 NA NA NA NA NA NA 476 1059 164 NA NA NA NA NA NA 373 972 176 NA NA NA NA NA 
1734019200.0 50202.0 NA 332 556 0 NA NA NA NA NA NA 452 761 0 NA NA NA NA NA NA 473 1124 178 NA NA NA NA NA NA 326 885 191 NA NA NA NA NA 
1734019200.0 50203.0 NA 321 567 0 NA NA NA NA NA NA 448 763 0 NA NA NA NA NA NA 464 1037 164 NA NA NA NA NA NA 384 880 176 NA NA NA NA NA 
1734019200.0 50204.0 NA 323 556 0 NA NA NA NA NA NA 447 761 0 NA NA NA NA NA NA 464 1060 167 NA NA NA NA NA NA 398 985 188 NA NA NA NA NA 
1734019200.0 50205.0 NA 317 566 0 NA NA NA NA NA NA 426 749 0 NA NA NA NA NA NA 465 1074 168 NA NA NA NA NA NA 350 960 179 NA NA NA NA NA 
1734019200.0 50206.0 NA 324 551 0 NA NA NA NA NA NA 449 762 0 NA NA NA NA NA NA 463 1063 170 NA NA NA NA NA NA 368 926 196 NA NA NA NA NA 
1734019200.0 50207.0 NA 323 541 0 NA NA NA NA NA NA 432 730 0 NA NA NA NA NA NA 448 995 158 NA NA NA NA NA NA 353 879 171 NA NA NA NA NA 
1734019200.0 50208.0 NA 334 588 0 NA NA NA NA NA NA 467 786 0 NA NA NA NA NA NA 502 1449 172 NA NA NA NA NA NA 340 998 183 NA NA NA NA NA 
1734019200.0 503.0 50 0 NA NA NA NA NA NA NA 157 0 NA NA NA NA NA NA NA 1210 63 NA NA NA NA NA NA NA 762 76 NA NA NA NA NA NA NA 
1734019200.0 504.0 104 0 NA NA NA NA NA NA NA 166 0 NA NA NA NA NA NA NA 106 64 NA NA NA NA NA NA NA 141 84 NA NA NA NA NA NA NA 
1734019200.0 505.0 104 0 NA NA NA NA NA NA NA 166 0 NA NA NA NA NA NA NA 104 67 NA NA NA NA NA NA NA 122 94 NA NA NA NA NA NA NA 
1734019200.0 506.0 104 0 NA NA NA NA NA NA NA 162 0 NA NA NA NA NA NA NA 105 63 NA NA NA NA NA NA NA 126 82 NA NA NA NA NA NA NA 
1734019200.0 507.0 98 0 NA NA NA NA NA NA NA 157 0 NA NA NA NA NA NA NA 569 62 NA NA NA NA NA NA NA 386 78 NA NA NA NA NA NA NA 
1734019200.0 508.0 101 0 NA NA NA NA NA NA NA 159 0 NA NA NA NA NA NA NA 102 65 NA NA NA NA NA NA NA 123 81 NA NA NA NA NA NA NA 
1734019200.0 509.0 96 0 NA NA NA NA NA NA NA 154 0 NA NA NA NA NA NA NA 100 67 NA NA NA NA NA NA NA 135 81 NA NA NA NA NA NA NA 
1734019200.0 510.0 98 0 NA NA NA NA NA NA NA 157 0 NA NA NA NA NA NA NA 1208 63 NA NA NA NA NA NA NA 808 76 NA NA NA NA NA NA NA 
1734019200.0 511.0 106 0 NA NA NA NA NA NA NA 163 0 NA NA NA NA NA NA NA 2443 64 NA NA NA NA NA NA NA 5515 79 NA NA NA NA NA NA NA 
1734019200.0 512.0 68 106 0 NA NA NA NA NA NA 109 167 0 NA NA NA NA NA NA 3282 117 60 NA NA NA NA NA NA 3240 113 72 NA NA NA NA NA NA 
1734019200.0 513.0 68 106 0 NA NA NA NA NA NA 108 168 0 NA NA NA NA NA NA 844 134 64 NA NA NA NA NA NA 385 150 85 NA NA NA NA NA NA 
1734019200.0 514.0 68 106 0 NA NA NA NA NA NA 108 172 0 NA NA NA NA NA NA 450 109 64 NA NA NA NA NA NA 186 127 83 NA NA NA NA NA NA 
1734019200.0 515.0 68 106 0 NA NA NA NA NA NA 109 169 0 NA NA NA NA NA NA 3386 102 60 NA NA NA NA NA NA 4485 106 72 NA NA NA NA NA NA 
1734019200.0 516.0 68 105 0 NA NA NA NA NA NA 109 169 0 NA NA NA NA NA NA 3542 107 63 NA NA NA NA NA NA 3781 142 76 NA NA NA NA NA NA 
1734019200.0 517.0 67 107 0 NA NA NA NA NA NA 108 173 0 NA NA NA NA NA NA 507 112 64 NA NA NA NA NA NA 272 127 84 NA NA NA NA NA NA 
1734019200.0 518.0 67 105 0 NA NA NA NA NA NA 109 166 0 NA NA NA NA NA NA 3367 101 60 NA NA NA NA NA NA 4417 112 72 NA NA NA NA NA NA 
1734019200.0 519.0 67 106 0 NA NA NA NA NA NA 110 170 0 NA NA NA NA NA NA 3476 100 60 NA NA NA NA NA NA 4277 105 73 NA NA NA NA NA NA 
1734019200.0 520.0 67 106 0 NA NA NA NA NA NA 108 170 0 NA NA NA NA NA NA 504 104 67 NA NA NA NA NA NA 299 131 81 NA NA NA NA NA NA 
1734019200.0 521.0 69 98 0 NA NA NA NA NA NA 111 159 0 NA NA NA NA NA NA 4109 86 63 NA NA NA NA NA NA 7117 130 76 NA NA NA NA NA NA 
1734019200.0 522.0 68 99 0 NA NA NA NA NA NA 110 159 0 NA NA NA NA NA NA 834 88 66 NA NA NA NA NA NA 327 131 90 NA NA NA NA NA NA 
1734019200.0 523.0 68 101 0 NA NA NA NA NA NA 109 161 0 NA NA NA NA NA NA 1125 96 68 NA NA NA NA NA NA 506 125 93 NA NA NA NA NA NA 
1734019200.0 524.0 68 101 0 NA NA NA NA NA NA 107 166 0 NA NA NA NA NA NA 506 89 63 NA NA NA NA NA NA 303 109 84 NA NA NA NA NA NA 
1734019200.0 525.0 68 100 0 NA NA NA NA NA NA 111 159 0 NA NA NA NA NA NA 4155 89 63 NA NA NA NA NA NA 6880 129 79 NA NA NA NA NA NA 
1734019200.0 526.0 67 99 0 NA NA NA NA NA NA 109 160 0 NA NA NA NA NA NA 3400 83 60 NA NA NA NA NA NA 4429 100 73 NA NA NA NA NA NA 
1734019200.0 527.0 66 101 0 NA NA NA NA NA NA 108 165 0 NA NA NA NA NA NA 505 88 65 NA NA NA NA NA NA 210 116 82 NA NA NA NA NA NA 
1734019200.0 528.0 67 100 0 NA NA NA NA NA NA 109 161 0 NA NA NA NA NA NA 4003 85 59 NA NA NA NA NA NA 6585 101 68 NA NA NA NA NA NA 
1734019200.0 529.0 68 99 0 NA NA NA NA NA NA 109 159 0 NA NA NA NA NA NA 3473 90 63 NA NA NA NA NA NA 4361 139 79 NA NA NA NA NA NA 
1734019200.0 530.0 68 101 0 NA NA NA NA NA NA 107 165 0 NA NA NA NA NA NA 506 88 71 NA NA NA NA NA NA 262 113 99 NA NA NA NA NA NA 
1734019200.0 531.0 122 0 NA NA NA NA NA NA NA 266 0 NA NA NA NA NA NA NA 89 64 NA NA NA NA NA NA NA 131 87 NA NA NA NA NA NA NA 
1734019200.0 534.0 245 0 NA NA NA NA NA NA NA 323 0 NA NA NA NA NA NA NA 752 60 NA NA NA NA NA NA NA 1315 75 NA NA NA NA NA NA NA 
1734019200.0 535.0 110 0 NA NA NA NA NA NA NA 185 0 NA NA NA NA NA NA NA 583 64 NA NA NA NA NA NA NA 451 83 NA NA NA NA NA NA NA 
1734019200.0 536.0 109 0 NA NA NA NA NA NA NA 176 0 NA NA NA NA NA NA NA 119 67 NA NA NA NA NA NA NA 208 106 NA NA NA NA NA NA NA 
1734019200.0 537.0 110 0 NA NA NA NA NA NA NA 188 0 NA NA NA NA NA NA NA 1886 65 NA NA NA NA NA NA NA 956 83 NA NA NA NA NA NA NA 
1734019200.0 538.0 110 0 NA NA NA NA NA NA NA 186 0 NA NA NA NA NA NA NA 3508 60 NA NA NA NA NA NA NA 4680 70 NA NA NA NA NA NA NA 
1734019200.0 539.0 110 0 NA NA NA NA NA NA NA 170 0 NA NA NA NA NA NA NA 9716 63 NA NA NA NA NA NA NA 21312 77 NA NA NA NA NA NA NA 
1734019200.0 541.0 98 0 NA NA NA NA NA NA NA 158 0 NA NA NA NA NA NA NA 91 66 NA NA NA NA NA NA NA 109 84 NA NA NA NA NA NA NA 
1734019200.0 545.0 99 0 NA NA NA NA NA NA NA 158 0 NA NA NA NA NA NA NA 103 65 NA NA NA NA NA NA NA 157 87 NA NA NA NA NA NA NA 
1734019200.0 551.0 68 107 0 NA NA NA NA NA NA 109 166 0 NA NA NA NA NA NA 1126 152 64 NA NA NA NA NA NA 465 180 82 NA NA NA NA NA NA 
1734019200.0 552.0 67 106 0 NA NA NA NA NA NA 107 173 0 NA NA NA NA NA NA 505 106 65 NA NA NA NA NA NA 278 126 78 NA NA NA NA NA NA 
1734019200.0 554.0 66 107 0 NA NA NA NA NA NA 107 174 0 NA NA NA NA NA NA 2432 106 64 NA NA NA NA NA NA 998 141 81 NA NA NA NA NA NA 
1734019200.0 555.0 68 107 0 NA NA NA NA NA NA 108 174 0 NA NA NA NA NA NA 1693 108 61 NA NA NA NA NA NA 648 127 72 NA NA NA NA NA NA 
1734019200.0 556.0 68 107 0 NA NA NA NA NA NA 108 172 0 NA NA NA NA NA NA 434 130 62 NA NA NA NA NA NA 190 155 78 NA NA NA NA NA NA 
1734019200.0 560.0 104 0 NA NA NA NA NA NA NA 161 0 NA NA NA NA NA NA NA 107 66 NA NA NA NA NA NA NA 141 83 NA NA NA NA NA NA NA 
1734019200.0 561.0 105 0 NA NA NA NA NA NA NA 162 0 NA NA NA NA NA NA NA 108 68 NA NA NA NA NA NA NA 137 86 NA NA NA NA NA NA NA 
1734019200.0 562.0 68 102 0 NA NA NA NA NA NA 108 163 0 NA NA NA NA NA NA 449 103 64 NA NA NA NA NA NA 276 124 91 NA NA NA NA NA NA 
1734019200.0 570.0 93 0 NA NA NA NA NA NA NA 151 0 NA NA NA NA NA NA NA 156 68 NA NA NA NA NA NA NA 164 89 NA NA NA NA NA NA NA 
1734019200.0 571.0 94 0 NA NA NA NA NA NA NA 149 0 NA NA NA NA NA NA NA 175 66 NA NA NA NA NA NA NA 174 92 NA NA NA NA NA NA NA 
1734019200.0 572.0 93 0 NA NA NA NA NA NA NA 148 0 NA NA NA NA NA NA NA 139 64 NA NA NA NA NA NA NA 158 80 NA NA NA NA NA NA NA 
1734019200.0 573.0 94 0 NA NA NA NA NA NA NA 148 0 NA NA NA NA NA NA NA 306 65 NA NA NA NA NA NA NA 281 102 NA NA NA NA NA NA NA 
1734019200.0 574.0 97 0 NA NA NA NA NA NA NA 152 0 NA NA NA NA NA NA NA 362 66 NA NA NA NA NA NA NA 265 91 NA NA NA NA NA NA NA 
1734019200.0 575.0 92 0 NA NA NA NA NA NA NA 149 0 NA NA NA NA NA NA NA 602 64 NA NA NA NA NA NA NA 572 82 NA NA NA NA NA NA NA 
1734019200.0 576.0 94 0 NA NA NA NA NA NA NA 150 0 NA NA NA NA NA NA NA 116 64 NA NA NA NA NA NA NA 132 85 NA NA NA NA NA NA NA 
1734019200.0 577.0 93 0 NA NA NA NA NA NA NA 149 0 NA NA NA NA NA NA NA 113 64 NA NA NA NA NA NA NA 149 79 NA NA NA NA NA NA NA 
1734019200.0 6.0 NA 187 385 0 NA NA NA NA NA NA 272 551 0 NA NA NA NA NA NA 548 755 150 NA NA NA NA NA NA 237 677 170 NA NA NA NA NA 
1734019200.0 7.0 132 159 200 120 0 NA NA NA NA 210 243 309 184 0 NA NA NA NA 264 112 206 112 85 NA NA NA NA 313 188 247 204 99 NA NA NA NA 
1734019200.0 7.1 130 165 198 120 0 NA NA NA NA 213 235 308 183 0 NA NA NA NA 471 98 191 98 78 NA NA NA NA 513 137 218 125 89 NA NA NA NA 
1734019200.0 7.2 132 260 309 127 0 NA NA NA NA 212 358 505 195 0 NA NA NA NA 261 301 250 105 102 NA NA NA NA 333 209 252 138 118 NA NA NA NA 
1734019200.0 7.21 131 266 308 127 0 NA NA NA NA 209 367 489 194 0 NA NA NA NA 267 319 260 124 106 NA NA NA NA 340 293 315 195 128 NA NA NA NA 
1734019200.0 7.22 129 218 269 126 0 NA NA NA NA 216 307 407 197 0 NA NA NA NA 273 116 244 115 87 NA NA NA NA 360 148 286 182 107 NA NA NA NA 
1734019200.0 7.23 140 211 302 125 0 NA NA NA NA 210 312 461 198 0 NA NA NA NA 461 113 247 94 113 NA NA NA NA 612 122 332 111 138 NA NA NA NA 
1734019200.0 7.24 134 216 299 121 0 NA NA NA NA 211 312 467 190 0 NA NA NA NA 442 107 241 89 110 NA NA NA NA 542 108 301 121 146 NA NA NA NA 
1734019200.0 7.3 129 246 302 128 0 NA NA NA NA 212 331 497 198 0 NA NA NA NA 450 204 245 105 99 NA NA NA NA 407 219 278 143 113 NA NA NA NA 
1734019200.0 7.4 131 260 307 127 0 NA NA NA NA 214 353 490 196 0 NA NA NA NA 262 299 249 106 101 NA NA NA NA 238 221 250 135 115 NA NA NA NA 
1734019200.0 7.5 146 379 207 NA NA NA NA NA NA 216 562 312 NA NA NA NA NA NA 585 370 242 NA NA NA NA NA NA 945 326 237 NA NA NA NA NA NA 
1734019200.0 8.0 NA 182 203 105 0 NA NA NA NA NA 262 322 166 0 NA NA NA NA NA 540 263 77 87 NA NA NA NA NA 268 298 126 113 NA NA NA NA 
1734019200.0 8.1 132 289 322 106 0 NA NA NA NA 208 371 503 168 0 NA NA NA NA 242 527 268 72 108 NA NA NA NA 313 268 354 90 132 NA NA NA NA 
1734019200.0 8.2 140 247 317 105 0 NA NA NA NA 207 343 498 168 0 NA NA NA NA 413 155 235 71 105 NA NA NA NA 475 125 221 92 117 NA NA NA NA 
1734019200.0 9.0 NA 215 424 0 NA NA NA NA NA NA 303 587 0 NA NA NA NA NA NA 703 1595 172 NA NA NA NA NA NA 292 934 180 NA NA NA NA NA 
