Timestamp WorkflowId PeakValueRss1 PeakValueRss2 PeakValueRss3 PeakValueRss4 PeakValueRss5 PeakValueRss6 PeakValueRss7 PeakValueRss8 PeakValueRss9 PeakValueVsize1 PeakValueVsize2 PeakValueVsize3 PeakValueVsize4 PeakValueVsize5 PeakValueVsize6 PeakValueVsize7 PeakValueVsize8 PeakValueVsize9 TotalJobCPU1 TotalJobCPU2 TotalJobCPU3 TotalJobCPU4 TotalJobCPU5 TotalJobCPU6 TotalJobCPU7 TotalJobCPU8 TotalJobCPU9 TotalJobTime1 TotalJobTime2 TotalJobTime3 TotalJobTime4 TotalJobTime5 TotalJobTime6 TotalJobTime7 TotalJobTime8 TotalJobTime9 
1747519200.0 1.0 149 160 274 NA NA NA NA NA NA 256 227 375 NA NA NA NA NA NA 709 198 488 NA NA NA NA NA NA 628 198 588 NA NA NA NA NA NA 
1747519200.0 10.0 NA 199 385 0 NA NA NA NA NA NA 287 509 0 NA NA NA NA NA NA 749 1392 185 NA NA NA NA NA NA 328 824 209 NA NA NA NA NA 
1747519200.0 1000.0 NA 361 240 0 102 NA NA NA NA NA 507 318 0 165 NA NA NA NA NA 1116 342 127 117 NA NA NA NA NA 677 369 143 154 NA NA NA NA 
1747519200.0 10001.0 NA 281 455 0 144 161 NA NA NA NA 374 638 0 211 238 NA NA NA NA 574 683 173 147 228 NA NA NA NA 280 719 190 170 271 NA NA NA 
1747519200.0 10002.0 NA 280 455 0 145 164 NA NA NA NA 371 637 0 206 240 NA NA NA NA 579 705 177 152 227 NA NA NA NA 278 787 206 182 265 NA NA NA 
1747519200.0 10003.0 NA 281 459 0 144 162 NA NA NA NA 374 621 0 207 245 NA NA NA NA 582 694 175 151 227 NA NA NA NA 291 696 213 193 261 NA NA NA 
1747519200.0 10004.0 NA 278 456 0 145 161 NA NA NA NA 361 621 0 203 234 NA NA NA NA 589 681 174 149 222 NA NA NA NA 299 698 201 235 239 NA NA NA 
1747519200.0 10005.0 NA 279 447 0 144 161 NA NA NA NA 364 624 0 207 237 NA NA NA NA 576 679 178 147 224 NA NA NA NA 287 740 230 180 263 NA NA NA 
1747519200.0 10006.0 NA 279 454 0 145 157 NA NA NA NA 363 624 0 207 238 NA NA NA NA 579 672 169 151 220 NA NA NA NA 281 682 185 230 279 NA NA NA 
1747519200.0 10007.0 NA 280 458 0 175 161 NA NA NA NA 361 639 0 286 242 NA NA NA NA 589 688 172 150 220 NA NA NA NA 289 674 190 185 246 NA NA NA 
1747519200.0 10008.0 NA 282 460 0 174 160 NA NA NA NA 371 638 0 285 241 NA NA NA NA 587 696 176 154 220 NA NA NA NA 268 675 195 185 251 NA NA NA 
1747519200.0 10009.0 NA 278 452 0 175 162 NA NA NA NA 356 622 0 278 240 NA NA NA NA 614 771 185 166 230 NA NA NA NA 469 1061 238 255 270 NA NA NA 
1747519200.0 1001.0 NA 318 180 0 0 0 0 0 0 NA 445 261 0 0 0 0 0 0 NA 957 184 43 30 44 84 55 85 NA 792 217 63 48 63 97 79 111 
1747519200.0 1001.2 NA 521 225 0 0 0 0 NA NA NA 748 346 0 0 0 0 NA NA NA 4873 381 52 60 61 66 NA NA NA 2439 346 67 103 103 125 NA NA 
1747519200.0 1001.3 NA 509 217 0 NA NA NA NA NA NA 702 333 0 NA NA NA NA NA NA 3610 369 111 NA NA NA NA NA NA 1335 273 145 NA NA NA NA NA 
1747519200.0 1002.0 NA 358 134 NA NA NA NA NA NA NA 487 177 NA NA NA NA NA NA NA 1224 97 NA NA NA NA NA NA NA 1031 87 NA NA NA NA NA NA 
1747519200.0 1002.3 NA 495 215 0 NA NA NA NA NA NA 708 325 0 NA NA NA NA NA NA 2866 310 113 NA NA NA NA NA NA 1166 299 148 NA NA NA NA NA 
1747519200.0 1002.4 NA 498 0 NA NA NA NA NA NA NA 719 0 NA NA NA NA NA NA NA 4773 184 NA NA NA NA NA NA NA 4565 230 NA NA NA NA NA NA 
1747519200.0 10023.0 NA 280 454 0 143 157 NA NA NA NA 364 643 0 205 231 NA NA NA NA 580 675 174 150 214 NA NA NA NA 288 662 192 256 260 NA NA NA 
1747519200.0 10024.0 NA 290 456 0 177 164 NA NA NA NA 362 652 0 290 243 NA NA NA NA 608 787 187 158 231 NA NA NA NA 281 696 208 192 240 NA NA NA 
1747519200.0 10024.1 NA 293 283 0 NA NA NA NA NA NA 380 397 0 NA NA NA NA NA NA 747 409 219 NA NA NA NA NA NA 359 433 247 NA NA NA NA NA 
1747519200.0 10024.2 NA 290 470 0 NA NA NA NA NA NA 384 635 0 NA NA NA NA NA NA 615 797 191 NA NA NA NA NA NA 303 793 217 NA NA NA NA NA 
1747519200.0 10024.3 NA 290 271 0 NA NA NA NA NA NA 375 380 0 NA NA NA NA NA NA 695 391 170 NA NA NA NA NA NA 345 374 197 NA NA NA NA NA 
1747519200.0 10024.4 NA 290 470 0 NA NA NA NA NA NA 374 639 0 NA NA NA NA NA NA 608 788 185 NA NA NA NA NA NA 311 740 209 NA NA NA NA NA 
1747519200.0 10024.5 NA 291 154 0 NA NA NA NA NA NA 369 285 0 NA NA NA NA NA NA 742 280 94 NA NA NA NA NA NA 378 351 121 NA NA NA NA NA 
1747519200.0 10025.0 NA 283 463 0 145 165 NA NA NA NA 366 646 0 204 242 NA NA NA NA 581 701 181 150 224 NA NA NA NA 275 644 250 177 237 NA NA NA 
1747519200.0 10026.0 NA 286 478 0 150 164 NA NA NA NA 371 659 0 215 247 NA NA NA NA 639 862 189 150 230 NA NA NA NA 301 760 230 180 237 NA NA NA 
1747519200.0 1003.0 NA 382 0 NA NA NA NA NA NA NA 634 0 NA NA NA NA NA NA NA 1473 160 NA NA NA NA NA NA NA 843 184 NA NA NA NA NA NA 
1747519200.0 1004.0 NA 265 145 0 0 0 0 NA NA NA 396 204 0 0 0 0 NA NA NA 490 138 33 49 94 88 NA NA NA 619 214 52 69 141 103 NA NA 
1747519200.0 10042.0 NA 284 462 0 176 161 NA NA NA NA 367 633 0 285 240 NA NA NA NA 598 731 180 151 220 NA NA NA NA 292 701 196 178 243 NA NA NA 
1747519200.0 1005.0 NA 207 152 0 NA NA NA NA NA NA 357 239 0 NA NA NA NA NA NA 275 124 48 NA NA NA NA NA NA 367 153 63 NA NA NA NA NA 
1747519200.0 10059.0 NA 293 480 0 150 163 NA NA NA NA 375 657 0 212 237 NA NA NA NA 613 1010 187 151 236 NA NA NA NA 288 734 215 186 312 NA NA NA 
1747519200.0 10071.0 NA 288 470 0 142 164 NA NA NA NA 369 655 0 203 241 NA NA NA NA 599 747 187 156 232 NA NA NA NA 279 665 202 209 253 NA NA NA 
1747519200.0 101.0 168 NA NA NA NA NA NA NA NA 288 NA NA NA NA NA NA NA NA 431 NA NA NA NA NA NA NA NA 523 NA NA NA NA NA NA NA NA 
1747519200.0 1010.0 NA 79 96 0 NA NA NA NA NA NA 141 152 0 NA NA NA NA NA NA 79 108 79 NA NA NA NA NA NA 188 175 101 NA NA NA NA NA 
1747519200.0 102.0 178 NA NA NA NA NA NA NA NA 298 NA NA NA NA NA NA NA NA 411 NA NA NA NA NA NA NA NA 356 NA NA NA NA NA NA NA NA 
1747519200.0 1020.0 NA 86 74 0 84 NA NA NA NA NA 152 142 0 153 NA NA NA NA NA 89 64 35 87 NA NA NA NA NA 173 84 56 163 NA NA NA NA 
1747519200.0 10224.0 NA 461 684 0 167 NA NA NA NA NA 610 940 0 244 NA NA NA NA NA 1308 1317 201 233 NA NA NA NA NA 733 1083 245 264 NA NA NA NA 
1747519200.0 10224.15 NA 471 704 0 180 NA NA NA NA NA 638 979 0 274 NA NA NA NA NA 1425 1596 198 281 NA NA NA NA NA 953 1589 251 385 NA NA NA NA 
1747519200.0 10225.0 NA 459 697 0 164 NA NA NA NA NA 587 905 0 243 NA NA NA NA NA 1310 1199 193 224 NA NA NA NA NA 713 1001 231 238 NA NA NA NA 
1747519200.0 103.0 126 155 337 NA NA NA NA NA NA 209 223 469 NA NA NA NA NA NA 337 114 643 NA NA NA NA NA NA 398 178 706 NA NA NA NA NA NA 
1747519200.0 1030.0 NA 258 88 0 0 NA NA NA NA NA 379 147 0 0 NA NA NA NA NA 2651 101 35 35 NA NA NA NA NA 936 124 55 53 NA NA NA NA 
1747519200.0 1040.0 NA 473 76 0 NA NA NA NA NA NA 667 129 0 NA NA NA NA NA NA 4149 60 54 NA NA NA NA NA NA 1418 77 75 NA NA NA NA NA 
1747519200.0 1040.1 NA 121 75 0 NA NA NA NA NA NA 184 129 0 NA NA NA NA NA NA 191 78 60 NA NA NA NA NA NA 294 124 77 NA NA NA NA NA 
1747519200.0 1041.0 NA 116 82 0 NA NA NA NA NA NA 180 138 0 NA NA NA NA NA NA 136 79 40 NA NA NA NA NA NA 210 108 56 NA NA NA NA NA 
1747519200.0 1042.0 NA 116 79 0 NA NA NA NA NA NA 183 134 0 NA NA NA NA NA NA 283 80 38 NA NA NA NA NA NA 679 112 56 NA NA NA NA NA 
1747519200.0 10424.0 NA 242 428 0 NA NA NA NA NA NA 328 641 0 NA NA NA NA NA NA 192 776 198 NA NA NA NA NA NA 248 737 278 NA NA NA NA NA 
1747519200.0 1043.0 NA 107 88 0 NA NA NA NA NA NA 168 150 0 NA NA NA NA NA NA 149 82 37 NA NA NA NA NA NA 186 119 55 NA NA NA NA NA 
1747519200.0 1044.0 NA 107 112 0 NA NA NA NA NA NA 169 175 0 NA NA NA NA NA NA 148 113 42 NA NA NA NA NA NA 195 146 57 NA NA NA NA NA 
1747519200.0 1045.0 NA 107 105 0 NA NA NA NA NA NA 168 172 0 NA NA NA NA NA NA 156 111 34 NA NA NA NA NA NA 187 112 48 NA NA NA NA NA 
1747519200.0 105.0 156 165 78 NA NA NA NA NA NA 257 231 130 NA NA NA NA NA NA 751 195 71 NA NA NA NA NA NA 677 193 96 NA NA NA NA NA NA 
1747519200.0 1052.0 NA 206 152 0 NA NA NA NA NA NA 348 238 0 NA NA NA NA NA NA 255 105 41 NA NA NA NA NA NA 300 164 65 NA NA NA NA NA 
1747519200.0 1052.1 NA 139 0 NA NA NA NA NA NA NA 235 0 NA NA NA NA NA NA NA 106 39 NA NA NA NA NA NA NA 169 53 NA NA NA NA NA NA 
1747519200.0 106.0 117 0 0 NA NA NA NA NA NA 196 0 0 NA NA NA NA NA NA 294 56 583 NA NA NA NA NA NA 379 109 666 NA NA NA NA NA NA 
1747519200.0 107.0 160 167 352 NA NA NA NA NA NA 261 237 478 NA NA NA NA NA NA 955 210 813 NA NA NA NA NA NA 529 249 895 NA NA NA NA NA NA 
1747519200.0 108.0 159 168 356 NA NA NA NA NA NA 268 236 472 NA NA NA NA NA NA 986 178 726 NA NA NA NA NA NA 494 175 674 NA NA NA NA NA NA 
1747519200.0 10801.0 NA 272 457 0 145 165 NA NA NA NA 348 640 0 211 239 NA NA NA NA 580 673 172 150 225 NA NA NA NA 281 658 192 215 252 NA NA NA 
1747519200.0 10802.0 NA 268 453 0 146 166 NA NA NA NA 362 621 0 205 244 NA NA NA NA 610 675 174 148 225 NA NA NA NA 294 728 193 185 238 NA NA NA 
1747519200.0 10803.0 NA 274 459 0 145 167 NA NA NA NA 360 663 0 208 245 NA NA NA NA 571 702 181 152 229 NA NA NA NA 291 692 249 201 241 NA NA NA 
1747519200.0 10804.0 NA 271 455 0 144 163 NA NA NA NA 366 652 0 209 243 NA NA NA NA 572 676 175 149 225 NA NA NA NA 277 683 214 193 244 NA NA NA 
1747519200.0 10804.31 NA 272 410 0 142 160 NA NA NA NA 353 635 0 211 247 NA NA NA NA 570 707 177 151 230 NA NA NA NA 277 860 199 185 312 NA NA NA 
1747519200.0 10805.0 NA 271 455 0 144 163 NA NA NA NA 352 641 0 209 244 NA NA NA NA 569 676 172 146 226 NA NA NA NA 282 654 189 171 265 NA NA NA 
1747519200.0 10805.31 NA 270 456 0 144 162 NA NA NA NA 351 612 0 198 247 NA NA NA NA 580 717 174 149 228 NA NA NA NA 312 817 195 194 257 NA NA NA 
1747519200.0 10806.0 NA 271 445 0 144 162 NA NA NA NA 344 629 0 206 247 NA NA NA NA 565 682 175 145 222 NA NA NA NA 272 757 192 168 250 NA NA NA 
1747519200.0 10807.0 NA 273 455 0 167 164 NA NA NA NA 362 632 0 284 237 NA NA NA NA 590 691 178 164 227 NA NA NA NA 281 695 202 231 251 NA NA NA 
1747519200.0 10808.0 NA 273 447 0 174 164 NA NA NA NA 353 631 0 286 237 NA NA NA NA 569 707 177 152 223 NA NA NA NA 274 731 195 181 244 NA NA NA 
1747519200.0 10809.0 NA 273 459 0 175 165 NA NA NA NA 361 653 0 285 250 NA NA NA NA 571 716 175 151 237 NA NA NA NA 276 692 190 175 265 NA NA NA 
1747519200.0 10823.0 NA 266 420 0 144 159 NA NA NA NA 361 618 0 207 247 NA NA NA NA 576 676 179 150 226 NA NA NA NA 291 673 200 186 306 NA NA NA 
1747519200.0 10824.0 NA 279 471 0 175 166 NA NA NA NA 374 646 0 289 246 NA NA NA NA 606 754 189 156 237 NA NA NA NA 315 677 215 195 264 NA NA NA 
1747519200.0 10824.1 NA 277 284 0 NA NA NA NA NA NA 362 409 0 NA NA NA NA NA NA 721 389 189 NA NA NA NA NA NA 390 408 217 NA NA NA NA NA 
1747519200.0 10824.5 NA 282 152 0 NA NA NA NA NA NA 361 284 0 NA NA NA NA NA NA 742 258 95 NA NA NA NA NA NA 407 315 120 NA NA NA NA NA 
1747519200.0 10824.501 NA 279 160 0 NA NA NA NA NA NA 370 297 0 NA NA NA NA NA NA 703 306 129 NA NA NA NA NA NA 343 394 155 NA NA NA NA NA 
1747519200.0 10824.505 NA 282 158 0 NA NA NA NA NA NA 376 289 0 NA NA NA NA NA NA 676 273 111 NA NA NA NA NA NA 348 364 139 NA NA NA NA NA 
1747519200.0 10824.511 NA 281 125 0 NA NA NA NA NA NA 365 203 0 NA NA NA NA NA NA 673 192 86 NA NA NA NA NA NA 353 292 117 NA NA NA NA NA 
1747519200.0 10824.521 NA 278 119 0 NA NA NA NA NA NA 362 179 0 NA NA NA NA NA NA 656 153 87 NA NA NA NA NA NA 371 180 117 NA NA NA NA NA 
1747519200.0 10824.6 NA 284 472 0 176 167 NA NA NA NA 368 657 0 287 246 NA NA NA NA 601 761 187 159 236 NA NA NA NA 279 765 208 194 317 NA NA NA 
1747519200.0 10824.8 NA 282 469 0 170 166 NA NA NA NA 378 655 0 285 251 NA NA NA NA 603 782 189 164 246 NA NA NA NA 276 682 208 231 295 NA NA NA 
1747519200.0 10825.0 NA 257 455 0 142 168 NA NA NA NA 353 649 0 208 251 NA NA NA NA 590 719 186 156 234 NA NA NA NA 312 697 207 218 251 NA NA NA 
1747519200.0 10826.0 NA 286 463 0 148 165 NA NA NA NA 374 652 0 212 243 NA NA NA NA 593 828 186 148 230 NA NA NA NA 313 786 210 170 248 NA NA NA 
1747519200.0 10842.0 NA 276 464 0 176 164 NA NA NA NA 363 656 0 284 248 NA NA NA NA 584 722 185 153 232 NA NA NA NA 287 681 207 196 271 NA NA NA 
1747519200.0 10842.501 NA 278 156 0 NA NA NA NA NA NA 360 298 0 NA NA NA NA NA NA 633 262 109 NA NA NA NA NA NA 351 425 135 NA NA NA NA NA 
1747519200.0 10842.505 NA 278 157 0 NA NA NA NA NA NA 352 297 0 NA NA NA NA NA NA 670 247 112 NA NA NA NA NA NA 356 364 138 NA NA NA NA NA 
1747519200.0 10859.0 NA 288 483 0 149 167 NA NA NA NA 365 674 0 211 251 NA NA NA NA 606 1086 190 150 239 NA NA NA NA 281 854 214 181 262 NA NA NA 
1747519200.0 10871.0 NA 276 470 0 149 167 NA NA NA NA 354 647 0 214 247 NA NA NA NA 619 771 187 148 238 NA NA NA NA 290 663 202 177 272 NA NA NA 
1747519200.0 109.0 162 169 357 NA NA NA NA NA NA 273 242 488 NA NA NA NA NA NA 1050 182 711 NA NA NA NA NA NA 519 159 658 NA NA NA NA NA NA 
1747519200.0 11.0 NA 183 363 0 119 NA NA NA NA NA 254 502 0 180 NA NA NA NA NA 749 930 253 142 NA NA NA NA NA 361 747 297 185 NA NA NA NA 
1747519200.0 110.0 124 163 343 NA NA NA NA NA NA 199 232 488 NA NA NA NA NA NA 378 190 775 NA NA NA NA NA NA 488 296 873 NA NA NA NA NA NA 
1747519200.0 1102.0 NA 197 386 264 218 NA NA NA NA NA 277 509 360 259 NA NA NA NA NA 780 1685 938 149 NA NA NA NA NA 317 955 470 143 NA NA NA NA 
1747519200.0 11024.0 NA 547 790 0 167 NA NA NA NA NA 711 1088 0 250 NA NA NA NA NA 1978 1759 208 256 NA NA NA NA NA 1128 1439 237 312 NA NA NA NA 
1747519200.0 11024.15 NA 513 792 0 186 NA NA NA NA NA 739 1086 0 263 NA NA NA NA NA 2035 1775 199 272 NA NA NA NA NA 1357 1409 226 302 NA NA NA NA 
1747519200.0 11024.2 NA 531 793 0 160 NA NA NA NA NA 703 1113 0 231 NA NA NA NA NA 1983 1867 198 193 NA NA NA NA NA 1180 1524 231 201 NA NA NA NA 
1747519200.0 11024.6 NA 544 791 0 168 NA NA NA NA NA 733 1045 0 251 NA NA NA NA NA 1921 1757 197 256 NA NA NA NA NA 1137 1532 270 287 NA NA NA NA 
1747519200.0 11025.0 NA 556 822 0 167 NA NA NA NA NA 744 1082 0 249 NA NA NA NA NA 1863 1693 197 230 NA NA NA NA NA 886 1046 248 240 NA NA NA NA 
1747519200.0 111.0 154 167 329 NA NA NA NA NA NA 258 231 482 NA NA NA NA NA NA 534 135 637 NA NA NA NA NA NA 369 143 682 NA NA NA NA NA NA 
1747519200.0 112.0 156 166 348 NA NA NA NA NA NA 268 237 482 NA NA NA NA NA NA 692 166 650 NA NA NA NA NA NA 445 147 631 NA NA NA NA NA NA 
1747519200.0 11224.0 NA 243 462 0 NA NA NA NA NA NA 322 631 0 NA NA NA NA NA NA 210 820 194 NA NA NA NA NA NA 268 978 214 NA NA NA NA NA 
1747519200.0 11224.6 NA 245 462 0 NA NA NA NA NA NA 322 641 0 NA NA NA NA NA NA 198 776 185 NA NA NA NA NA NA 186 711 202 NA NA NA NA NA 
1747519200.0 113.0 163 169 348 NA NA NA NA NA NA 275 242 465 NA NA NA NA NA NA 905 217 795 NA NA NA NA NA NA 458 191 787 NA NA NA NA NA NA 
1747519200.0 114.0 165 169 352 NA NA NA NA NA NA 265 241 482 NA NA NA NA NA NA 804 173 665 NA NA NA NA NA NA 429 144 641 NA NA NA NA NA NA 
1747519200.0 115.0 163 169 355 NA NA NA NA NA NA 263 241 483 NA NA NA NA NA NA 897 173 689 NA NA NA NA NA NA 476 138 696 NA NA NA NA NA NA 
1747519200.0 116.0 166 169 353 NA NA NA NA NA NA 263 234 478 NA NA NA NA NA NA 868 171 713 NA NA NA NA NA NA 415 147 664 NA NA NA NA NA NA 
1747519200.0 11601.0 NA 248 469 0 150 NA NA NA NA NA 339 661 0 214 NA NA NA NA NA 189 752 179 139 NA NA NA NA NA 193 804 229 150 NA NA NA NA 
1747519200.0 11602.0 NA 247 474 0 148 NA NA NA NA NA 331 684 0 207 NA NA NA NA NA 183 715 176 132 NA NA NA NA NA 166 765 192 148 NA NA NA NA 
1747519200.0 11603.0 NA 247 472 0 149 NA NA NA NA NA 327 666 0 216 NA NA NA NA NA 183 739 179 131 NA NA NA NA NA 161 729 219 143 NA NA NA NA 
1747519200.0 11604.0 NA 245 465 0 149 NA NA NA NA NA 322 660 0 214 NA NA NA NA NA 180 703 177 138 NA NA NA NA NA 147 724 210 178 NA NA NA NA 
1747519200.0 11605.0 NA 245 471 0 148 NA NA NA NA NA 326 669 0 217 NA NA NA NA NA 194 775 178 142 NA NA NA NA NA 276 834 207 158 NA NA NA NA 
1747519200.0 11606.0 NA 245 468 0 148 NA NA NA NA NA 324 670 0 205 NA NA NA NA NA 178 705 173 131 NA NA NA NA NA 157 764 195 144 NA NA NA NA 
1747519200.0 11607.0 NA 248 450 0 169 NA NA NA NA NA 331 668 0 256 NA NA NA NA NA 192 785 179 138 NA NA NA NA NA 257 926 208 152 NA NA NA NA 
1747519200.0 11608.0 NA 247 473 0 169 NA NA NA NA NA 333 687 0 253 NA NA NA NA NA 195 795 183 139 NA NA NA NA NA 186 1150 235 148 NA NA NA NA 
1747519200.0 11609.0 NA 241 475 0 169 NA NA NA NA NA 337 679 0 257 NA NA NA NA NA 199 751 176 138 NA NA NA NA NA 216 849 194 161 NA NA NA NA 
1747519200.0 11630.0 NA 235 506 0 152 NA NA NA NA NA 354 703 0 218 NA NA NA NA NA 243 1190 196 140 NA NA NA NA NA 212 1098 229 157 NA NA NA NA 
1747519200.0 11634.0 NA 258 492 0 153 NA NA NA NA NA 333 678 0 215 NA NA NA NA NA 204 843 194 131 NA NA NA NA NA 162 789 250 137 NA NA NA NA 
1747519200.0 11634.1 NA 257 279 0 NA NA NA NA NA NA 346 405 0 NA NA NA NA NA NA 252 374 185 NA NA NA NA NA NA 213 409 230 NA NA NA NA NA 
1747519200.0 11634.15 NA 258 508 0 153 NA NA NA NA NA 340 684 0 224 NA NA NA NA NA 218 928 193 140 NA NA NA NA NA 194 1027 242 155 NA NA NA NA 
1747519200.0 11634.24 NA 197 404 0 138 NA NA NA NA NA 270 632 0 203 NA NA NA NA NA 108 679 184 127 NA NA NA NA NA 123 674 234 141 NA NA NA NA 
1747519200.0 11634.5 NA 261 161 0 NA NA NA NA NA NA 345 287 0 NA NA NA NA NA NA 242 236 94 NA NA NA NA NA NA 178 280 125 NA NA NA NA NA 
1747519200.0 11634.501 NA 257 163 0 NA NA NA NA NA NA 343 291 0 NA NA NA NA NA NA 262 251 115 NA NA NA NA NA NA 214 312 142 NA NA NA NA NA 
1747519200.0 11634.505 NA 259 168 0 NA NA NA NA NA NA 338 298 0 NA NA NA NA NA NA 248 259 104 NA NA NA NA NA NA 259 323 120 NA NA NA NA NA 
1747519200.0 11634.511 NA 261 125 0 NA NA NA NA NA NA 339 205 0 NA NA NA NA NA NA 249 193 77 NA NA NA NA NA NA 189 247 100 NA NA NA NA NA 
1747519200.0 11634.521 NA 260 121 0 NA NA NA NA NA NA 343 179 0 NA NA NA NA NA NA 262 188 89 NA NA NA NA NA NA 259 294 129 NA NA NA NA NA 
1747519200.0 11634.601 NA 257 89 493 0 NA NA NA NA NA 343 141 693 0 NA NA NA NA NA 211 51 886 200 NA NA NA NA NA 214 62 1015 225 NA NA NA NA 
1747519200.0 11634.7 NA 258 495 0 NA NA NA NA NA NA 348 710 0 NA NA NA NA NA NA 217 879 198 NA NA NA NA NA NA 180 836 220 NA NA NA NA NA 
1747519200.0 11634.91 NA 258 494 0 153 NA NA NA NA NA 344 683 0 223 NA NA NA NA NA 220 898 190 144 NA NA NA NA NA 241 1074 227 211 NA NA NA NA 
1747519200.0 11634.911 150 253 491 0 170 NA NA NA NA 231 337 685 0 255 NA NA NA NA 1505 591 1185 408 356 NA NA NA NA 1543 404 1217 477 292 NA NA NA NA 
1747519200.0 11634.914 143 248 490 0 167 NA NA NA NA 216 325 681 0 248 NA NA NA NA 1275 231 895 189 171 NA NA NA NA 642 211 870 222 225 NA NA NA NA 
1747519200.0 11640.0 NA 249 459 0 149 NA NA NA NA NA 341 664 0 217 NA NA NA NA NA 186 729 184 132 NA NA NA NA NA 145 750 218 144 NA NA NA NA 
1747519200.0 11643.0 NA 256 490 0 150 NA NA NA NA NA 348 704 0 218 NA NA NA NA NA 216 848 189 141 NA NA NA NA NA 226 883 207 177 NA NA NA NA 
1747519200.0 11646.0 NA 253 481 0 151 NA NA NA NA NA 340 685 0 215 NA NA NA NA NA 193 766 187 134 NA NA NA NA NA 147 709 210 154 NA NA NA NA 
1747519200.0 11650.0 NA 253 484 0 175 NA NA NA NA NA 335 699 0 268 NA NA NA NA NA 210 835 188 143 NA NA NA NA NA 247 1006 220 165 NA NA NA NA 
1747519200.0 11650.501 NA 255 162 0 NA NA NA NA NA NA 333 303 0 NA NA NA NA NA NA 232 239 107 NA NA NA NA NA NA 238 317 131 NA NA NA NA NA 
1747519200.0 11650.505 NA 253 162 0 NA NA NA NA NA NA 328 294 0 NA NA NA NA NA NA 252 260 104 NA NA NA NA NA NA 218 349 131 NA NA NA NA NA 
1747519200.0 11650.911 148 229 482 0 175 NA NA NA NA 232 322 662 0 259 NA NA NA NA 839 586 1102 404 376 NA NA NA NA 746 478 964 484 282 NA NA NA NA 
1747519200.0 11650.914 138 244 478 0 168 NA NA NA NA 211 315 686 0 250 NA NA NA NA 644 210 786 190 157 NA NA NA NA 390 187 886 219 194 NA NA NA NA 
1747519200.0 117.0 153 168 355 NA NA NA NA NA NA 260 233 479 NA NA NA NA NA NA 973 172 714 NA NA NA NA NA NA 502 190 705 NA NA NA NA NA NA 
1747519200.0 11723.17 NA 263 501 0 NA NA NA NA NA NA 352 679 0 NA NA NA NA NA NA 218 928 195 NA NA NA NA NA NA 184 760 254 NA NA NA NA NA 
1747519200.0 118.0 165 172 360 NA NA NA NA NA NA 268 244 491 NA NA NA NA NA NA 1144 182 728 NA NA NA NA NA NA 512 146 670 NA NA NA NA NA NA 
1747519200.0 11834.0 NA 593 952 0 NA NA NA NA NA NA 801 1264 0 NA NA NA NA NA NA 1791 2177 197 NA NA NA NA NA NA 1174 1298 213 NA NA NA NA NA 
1747519200.0 11834.13 NA 631 1020 0 NA NA NA NA NA NA 830 1402 0 NA NA NA NA NA NA 2016 2715 208 NA NA NA NA NA NA 1254 1429 229 NA NA NA NA NA 
1747519200.0 11834.19 NA 580 966 0 NA NA NA NA NA NA 802 1263 0 NA NA NA NA NA NA 1988 2591 214 NA NA NA NA NA NA 1234 1807 267 NA NA NA NA NA 
1747519200.0 11834.21 NA 501 350 217 156 NA NA NA NA NA 630 467 280 243 NA NA NA NA NA 1638 1112 281 157 NA NA NA NA NA 783 557 267 175 NA NA NA NA 
1747519200.0 11834.24 NA 207 450 0 NA NA NA NA NA NA 286 629 0 NA NA NA NA NA NA 115 683 182 NA NA NA NA NA NA 131 699 205 NA NA NA NA NA 
1747519200.0 11834.99 NA 498 660 693 0 NA NA NA NA NA 830 930 895 0 NA NA NA NA NA 2264 601 2207 209 NA NA NA NA NA 1773 269 1115 231 NA NA NA NA 
1747519200.0 11846.0 NA 603 956 0 NA NA NA NA NA NA 825 1153 0 NA NA NA NA NA NA 1795 2071 202 NA NA NA NA NA NA 1142 1207 247 NA NA NA NA NA 
1747519200.0 11846.19 NA 615 968 0 NA NA NA NA NA NA 803 1291 0 NA NA NA NA NA NA 2018 2443 212 NA NA NA NA NA NA 1246 1438 308 NA NA NA NA NA 
1747519200.0 119.0 162 165 347 NA NA NA NA NA NA 269 231 472 NA NA NA NA NA NA 672 168 687 NA NA NA NA NA NA 666 186 703 NA NA NA NA NA NA 
1747519200.0 12.0 NA 198 382 0 NA NA NA NA NA NA 279 534 0 NA NA NA NA NA NA 719 1404 189 NA NA NA NA NA NA 344 844 218 NA NA NA NA NA 
1747519200.0 120.0 123 162 339 NA NA NA NA NA NA 207 230 450 NA NA NA NA NA NA 345 201 758 NA NA NA NA NA NA 583 244 1106 NA NA NA NA NA NA 
1747519200.0 12034.0 NA 256 493 0 NA NA NA NA NA NA 342 682 0 NA NA NA NA NA NA 208 841 198 NA NA NA NA NA NA 155 780 219 NA NA NA NA NA 
1747519200.0 121.0 162 172 361 NA NA NA NA NA NA 267 243 486 NA NA NA NA NA NA 1206 184 760 NA NA NA NA NA NA 591 150 691 NA NA NA NA NA NA 
1747519200.0 122.0 119 0 0 NA NA NA NA NA NA 195 0 0 NA NA NA NA NA NA 303 80 660 NA NA NA NA NA NA 418 147 790 NA NA NA NA NA NA 
1747519200.0 123.1 396 NA NA NA NA NA NA NA NA 520 NA NA NA NA NA NA NA NA 479 NA NA NA NA NA NA NA NA 431 NA NA NA NA NA NA NA NA 
1747519200.0 123.2 401 NA NA NA NA NA NA NA NA 525 NA NA NA NA NA NA NA NA 536 NA NA NA NA NA NA NA NA 523 NA NA NA NA NA NA NA NA 
1747519200.0 123.3 309 NA NA NA NA NA NA NA NA 415 NA NA NA NA NA NA NA NA 398 NA NA NA NA NA NA NA NA 411 NA NA NA NA NA NA NA NA 
1747519200.0 124.1 375 NA NA NA NA NA NA NA NA 476 NA NA NA NA NA NA NA NA 445 NA NA NA NA NA NA NA NA 437 NA NA NA NA NA NA NA NA 
1747519200.0 124.2 390 NA NA NA NA NA NA NA NA 498 NA NA NA NA NA NA NA NA 467 NA NA NA NA NA NA NA NA 416 NA NA NA NA NA NA NA NA 
1747519200.0 124.4 379 NA NA NA NA NA NA NA NA 473 NA NA NA NA NA NA NA NA 424 NA NA NA NA NA NA NA NA 410 NA NA NA NA NA NA NA NA 
1747519200.0 124.5 374 NA NA NA NA NA NA NA NA 472 NA NA NA NA NA NA NA NA 416 NA NA NA NA NA NA NA NA 399 NA NA NA NA NA NA NA NA 
1747519200.0 124.6 309 NA NA NA NA NA NA NA NA 415 NA NA NA NA NA NA NA NA 433 NA NA NA NA NA NA NA NA 434 NA NA NA NA NA NA NA NA 
1747519200.0 12434.0 NA 447 607 0 193 NA NA NA NA NA 562 833 0 308 NA NA NA NA NA 1014 1219 265 183 NA NA NA NA NA 547 1128 361 257 NA NA NA NA 
1747519200.0 12434.7 NA 437 605 0 NA NA NA NA NA NA 554 817 0 NA NA NA NA NA NA 1118 1174 241 NA NA NA NA NA NA 525 1099 266 NA NA NA NA NA 
1747519200.0 125.0 163 169 350 NA NA NA NA NA NA 274 237 468 NA NA NA NA NA NA 838 172 688 NA NA NA NA NA NA 482 177 794 NA NA NA NA NA NA 
1747519200.0 126.0 128 164 354 NA NA NA NA NA NA 218 234 485 NA NA NA NA NA NA 510 161 665 NA NA NA NA NA NA 456 157 750 NA NA NA NA NA NA 
1747519200.0 12634.0 NA 773 1095 0 NA NA NA NA NA NA 1031 1477 0 NA NA NA NA NA NA 3418 3419 309 NA NA NA NA NA NA 2939 2938 356 NA NA NA NA NA 
1747519200.0 12634.99 NA 592 822 774 0 NA NA NA NA NA 852 1176 1047 0 NA NA NA NA NA 2554 2216 2865 304 NA NA NA NA NA 2811 1166 2188 386 NA NA NA NA 
1747519200.0 127.0 124 166 339 NA NA NA NA NA NA 207 237 475 NA NA NA NA NA NA 377 162 641 NA NA NA NA NA NA 356 154 676 NA NA NA NA NA NA 
1747519200.0 128.0 122 163 340 NA NA NA NA NA NA 196 233 479 NA NA NA NA NA NA 274 161 649 NA NA NA NA NA NA 362 164 670 NA NA NA NA NA NA 
1747519200.0 12834.0 NA 424 605 0 182 NA NA NA NA NA 561 831 0 264 NA NA NA NA NA 633 1210 241 165 NA NA NA NA NA 427 1057 277 169 NA NA NA NA 
1747519200.0 129.0 124 162 341 NA NA NA NA NA NA 207 236 479 NA NA NA NA NA NA 273 157 663 NA NA NA NA NA NA 366 145 706 NA NA NA NA NA NA 
1747519200.0 13.0 NA 175 357 0 NA NA NA NA NA NA 246 473 0 NA NA NA NA NA NA 180 1053 199 NA NA NA NA NA NA 269 1022 259 NA NA NA NA NA 
1747519200.0 130.0 121 162 329 NA NA NA NA NA NA 197 228 483 NA NA NA NA NA NA 291 161 649 NA NA NA NA NA NA 414 198 688 NA NA NA NA NA NA 
1747519200.0 1301.0 143 199 300 NA NA NA NA NA NA 220 276 417 NA NA NA NA NA NA 683 172 425 NA NA NA NA NA NA 659 157 479 NA NA NA NA NA NA 
1747519200.0 1301.17 133 271 326 NA NA NA NA NA NA 205 348 471 NA NA NA NA NA NA 740 654 524 NA NA NA NA NA NA 682 339 658 NA NA NA NA NA NA 
1747519200.0 1302.0 168 210 313 NA NA NA NA NA NA 262 288 435 NA NA NA NA NA NA 1366 250 584 NA NA NA NA NA NA 629 206 517 NA NA NA NA NA NA 
1747519200.0 1302.17 140 282 340 NA NA NA NA NA NA 217 351 477 NA NA NA NA NA NA 1284 638 566 NA NA NA NA NA NA 619 280 508 NA NA NA NA NA NA 
1747519200.0 1302.18 138 273 288 204 160 NA NA NA NA 213 358 450 281 233 NA NA NA NA 1222 625 372 285 184 NA NA NA NA 533 267 322 271 183 NA NA NA NA 
1747519200.0 1302.181 139 273 289 214 161 NA NA NA NA 216 347 435 276 243 NA NA NA NA 1312 637 383 290 186 NA NA NA NA 562 264 365 281 185 NA NA NA NA 
1747519200.0 1303.0 158 207 317 NA NA NA NA NA NA 236 281 433 NA NA NA NA NA NA 1899 162 605 NA NA NA NA NA NA 909 196 466 NA NA NA NA NA NA 
1747519200.0 1303.17 143 279 341 NA NA NA NA NA NA 220 344 491 NA NA NA NA NA NA 1818 585 609 NA NA NA NA NA NA 879 258 474 NA NA NA NA NA NA 
1747519200.0 13034.0 NA 585 875 0 NA NA NA NA NA NA 832 1127 0 NA NA NA NA NA NA 1673 2058 257 NA NA NA NA NA NA 1829 2034 317 NA NA NA NA NA 
1747519200.0 13034.99 NA 356 656 688 0 NA NA NA NA NA 581 849 909 0 NA NA NA NA NA 1410 885 1673 255 NA NA NA NA NA 1903 488 1311 273 NA NA NA NA 
1747519200.0 1304.18 136 265 283 210 159 NA NA NA NA 212 336 452 281 240 NA NA NA NA 889 605 308 271 178 NA NA NA NA 433 264 287 308 209 NA NA NA NA 
1747519200.0 1304.181 137 266 287 209 158 NA NA NA NA 215 358 444 274 239 NA NA NA NA 950 606 322 277 182 NA NA NA NA 459 260 300 286 197 NA NA NA NA 
1747519200.0 1304.182 136 265 282 207 NA NA NA NA NA 210 353 437 278 NA NA NA NA NA 1001 722 333 291 NA NA NA NA NA 508 352 356 297 NA NA NA NA NA 
1747519200.0 1306.0 NA 208 386 0 NA NA NA NA NA NA 293 528 0 NA NA NA NA NA NA 168 678 144 NA NA NA NA NA NA 220 838 161 NA NA NA NA NA 
1747519200.0 1307.0 NA 197 238 93 0 NA NA NA NA NA 278 354 147 0 NA NA NA NA NA 176 297 99 98 NA NA NA NA NA 301 356 140 125 NA NA NA NA 
1747519200.0 1308.0 NA 194 232 92 0 NA NA NA NA NA 281 338 147 0 NA NA NA NA NA 181 260 83 119 NA NA NA NA NA 257 283 116 151 NA NA NA NA 
1747519200.0 1309.0 NA 219 401 0 NA NA NA NA NA NA 297 542 0 NA NA NA NA NA NA 212 847 197 NA NA NA NA NA NA 278 1133 239 NA NA NA NA NA 
1747519200.0 131.0 101 162 344 NA NA NA NA NA NA 211 228 470 NA NA NA NA NA NA 407 164 646 NA NA NA NA NA NA 551 199 688 NA NA NA NA NA NA 
1747519200.0 1310.0 NA 218 399 0 NA NA NA NA NA NA 297 541 0 NA NA NA NA NA NA 213 844 201 NA NA NA NA NA NA 309 1154 252 NA NA NA NA NA 
1747519200.0 1311.0 NA 210 413 0 119 NA NA NA NA NA 291 552 0 174 NA NA NA NA NA 180 556 161 125 NA NA NA NA NA 263 595 219 163 NA NA NA NA 
1747519200.0 1312.0 NA 217 397 0 NA NA NA NA NA NA 306 524 0 NA NA NA NA NA NA 221 888 193 NA NA NA NA NA NA 341 1135 258 NA NA NA NA NA 
1747519200.0 1313.0 NA 221 406 0 NA NA NA NA NA NA 302 545 0 NA NA NA NA NA NA 162 834 163 NA NA NA NA NA NA 222 765 247 NA NA NA NA NA 
1747519200.0 1314.0 NA 217 401 0 NA NA NA NA NA NA 292 533 0 NA NA NA NA NA NA 186 733 164 NA NA NA NA NA NA 213 798 230 NA NA NA NA NA 
1747519200.0 1315.0 NA 210 386 0 NA NA NA NA NA NA 300 511 0 NA NA NA NA NA NA 160 634 143 NA NA NA NA NA NA 166 680 187 NA NA NA NA NA 
1747519200.0 1316.0 NA 209 352 0 NA NA NA NA NA NA 281 538 0 NA NA NA NA NA NA 205 837 184 NA NA NA NA NA NA 286 1228 229 NA NA NA NA NA 
1747519200.0 1317.0 NA 210 397 0 154 NA NA NA NA NA 294 526 0 235 NA NA NA NA NA 161 637 142 169 NA NA NA NA NA 175 641 159 190 NA NA NA NA 
1747519200.0 1318.0 NA 208 386 0 150 NA NA NA NA NA 292 515 0 223 NA NA NA NA NA 173 670 142 178 NA NA NA NA NA 214 753 172 227 NA NA NA NA 
1747519200.0 1319.0 NA 178 385 0 NA NA NA NA NA NA 292 511 0 NA NA NA NA NA NA 179 691 150 NA NA NA NA NA NA 284 799 209 NA NA NA NA NA 
1747519200.0 132.0 150 170 359 NA NA NA NA NA NA 258 237 476 NA NA NA NA NA NA 908 176 716 NA NA NA NA NA NA 466 153 677 NA NA NA NA NA NA 
1747519200.0 1320.0 NA 209 385 0 153 NA NA NA NA NA 289 529 0 222 NA NA NA NA NA 174 683 147 177 NA NA NA NA NA 243 886 194 192 NA NA NA NA 
1747519200.0 1321.0 NA 208 388 0 153 NA NA NA NA NA 293 534 0 228 NA NA NA NA NA 180 692 143 182 NA NA NA NA NA 247 874 162 199 NA NA NA NA 
1747519200.0 1322.0 NA 205 358 0 155 NA NA NA NA NA 291 540 0 230 NA NA NA NA NA 172 677 150 167 NA NA NA NA NA 233 665 202 175 NA NA NA NA 
1747519200.0 1323.0 NA 209 381 0 NA NA NA NA NA NA 299 514 0 NA NA NA NA NA NA 161 629 143 NA NA NA NA NA NA 180 692 189 NA NA NA NA NA 
1747519200.0 13234.0 84 545 0 NA NA NA NA NA NA 137 704 0 NA NA NA NA NA NA 98 974 171 NA NA NA NA NA NA 141 1015 210 NA NA NA NA NA NA 
1747519200.0 1324.0 NA 218 368 0 NA NA NA NA NA NA 295 554 0 NA NA NA NA NA NA 214 974 188 NA NA NA NA NA NA 289 1128 243 NA NA NA NA NA 
1747519200.0 13240.303 215 NA NA NA NA NA NA NA NA 296 NA NA NA NA NA NA NA NA 1522 NA NA NA NA NA NA NA NA 827 NA NA NA NA NA NA NA NA 
1747519200.0 1325.0 NA 219 402 0 124 157 NA NA NA NA 298 545 0 176 232 NA NA NA NA 181 731 156 125 179 NA NA NA NA 231 790 194 158 187 NA NA NA 
1747519200.0 1325.1 NA 206 242 0 NA NA NA NA NA NA 303 368 0 NA NA NA NA NA NA 212 368 162 NA NA NA NA NA NA 260 395 218 NA NA NA NA NA 
1747519200.0 1325.2 NA 217 398 0 NA NA NA NA NA NA 302 534 0 NA NA NA NA NA NA 191 760 163 NA NA NA NA NA NA 248 769 248 NA NA NA NA NA 
1747519200.0 1325.3 NA 219 233 0 NA NA NA NA NA NA 305 344 0 NA NA NA NA NA NA 230 337 162 NA NA NA NA NA NA 293 384 193 NA NA NA NA NA 
1747519200.0 1325.4 NA 218 402 0 NA NA NA NA NA NA 299 536 0 NA NA NA NA NA NA 189 754 165 NA NA NA NA NA NA 223 679 227 NA NA NA NA NA 
1747519200.0 1325.5 NA 241 0 NA NA NA NA NA NA NA 331 0 NA NA NA NA NA NA NA 909 82 NA NA NA NA NA NA NA 1086 134 NA NA NA NA NA NA 
1747519200.0 1325.51 NA 227 0 NA NA NA NA NA NA NA 321 0 NA NA NA NA NA NA NA 830 89 NA NA NA NA NA NA NA 833 143 NA NA NA NA NA NA 
1747519200.0 1325.516 NA 245 0 NA NA NA NA NA NA NA 329 0 NA NA NA NA NA NA NA 972 77 NA NA NA NA NA NA NA 1032 101 NA NA NA NA NA NA 
1747519200.0 1325.5161 NA 244 0 NA NA NA NA NA NA NA 330 0 NA NA NA NA NA NA NA 1003 86 NA NA NA NA NA NA NA 1114 123 NA NA NA NA NA NA 
1747519200.0 1325.517 NA 232 0 NA NA NA NA NA NA NA 319 0 NA NA NA NA NA NA NA 1005 84 NA NA NA NA NA NA NA 868 123 NA NA NA NA NA NA 
1747519200.0 1325.518 NA 258 0 NA NA NA NA NA NA NA 347 0 NA NA NA NA NA NA NA 1173 95 NA NA NA NA NA NA NA 988 127 NA NA NA NA NA NA 
1747519200.0 1325.9 NA 246 403 0 124 NA NA NA NA NA 332 530 0 181 NA NA NA NA NA 217 753 157 135 NA NA NA NA NA 284 781 203 173 NA NA NA NA 
1747519200.0 1325.91 NA 246 401 0 124 NA NA NA NA NA 330 546 0 175 NA NA NA NA NA 213 758 151 138 NA NA NA NA NA 265 751 172 201 NA NA NA NA 
1747519200.0 1326.0 NA 181 393 0 NA NA NA NA NA NA 298 543 0 NA NA NA NA NA NA 182 696 162 NA NA NA NA NA NA 234 728 241 NA NA NA NA NA 
1747519200.0 1327.0 NA 212 356 0 NA NA NA NA NA NA 288 526 0 NA NA NA NA NA NA 217 868 183 NA NA NA NA NA NA 290 998 218 NA NA NA NA NA 
1747519200.0 1328.0 NA 218 398 0 NA NA NA NA NA NA 294 546 0 NA NA NA NA NA NA 189 750 163 NA NA NA NA NA NA 231 818 234 NA NA NA NA NA 
1747519200.0 1329.0 NA 214 393 0 148 NA NA NA NA NA 298 532 0 232 NA NA NA NA NA 170 675 150 174 NA NA NA NA NA 204 764 170 211 NA NA NA NA 
1747519200.0 133.0 164 170 358 NA NA NA NA NA NA 267 236 472 NA NA NA NA NA NA 1226 178 771 NA NA NA NA NA NA 537 144 732 NA NA NA NA NA NA 
1747519200.0 1330.0 NA 216 424 0 154 NA NA NA NA NA 300 574 0 233 NA NA NA NA NA 189 735 151 173 NA NA NA NA NA 256 744 181 182 NA NA NA NA 
1747519200.0 1331.0 NA 186 394 0 155 NA NA NA NA NA 289 556 0 232 NA NA NA NA NA 189 707 150 183 NA NA NA NA NA 248 829 176 267 NA NA NA NA 
1747519200.0 1332.0 NA 216 398 0 NA NA NA NA NA NA 289 546 0 NA NA NA NA NA NA 187 732 153 NA NA NA NA NA NA 279 845 169 NA NA NA NA NA 
1747519200.0 1333.0 NA 212 391 0 NA NA NA NA NA NA 289 526 0 NA NA NA NA NA NA 179 698 158 NA NA NA NA NA NA 215 729 211 NA NA NA NA NA 
1747519200.0 1334.0 NA 217 396 0 NA NA NA NA NA NA 295 522 0 NA NA NA NA NA NA 209 852 202 NA NA NA NA NA NA 240 1224 253 NA NA NA NA NA 
1747519200.0 1335.0 NA 214 391 0 NA NA NA NA NA NA 294 536 0 NA NA NA NA NA NA 179 691 154 NA NA NA NA NA NA 196 743 174 NA NA NA NA NA 
1747519200.0 1336.0 NA 220 406 0 NA NA NA NA NA NA 296 550 0 NA NA NA NA NA NA 179 1001 154 NA NA NA NA NA NA 173 798 180 NA NA NA NA NA 
1747519200.0 1337.0 NA 229 423 0 NA NA NA NA NA NA 310 565 0 NA NA NA NA NA NA 193 892 158 NA NA NA NA NA NA 194 764 196 NA NA NA NA NA 
1747519200.0 1338.0 NA 218 401 0 156 NA NA NA NA NA 297 549 0 231 NA NA NA NA NA 189 768 164 189 NA NA NA NA NA 255 914 200 201 NA NA NA NA 
1747519200.0 1339.0 NA 220 405 0 NA NA NA NA NA NA 301 560 0 NA NA NA NA NA NA 240 1030 184 NA NA NA NA NA NA 275 1119 227 NA NA NA NA NA 
1747519200.0 134.0 NA 365 76 0 NA NA NA NA NA NA 496 129 0 NA NA NA NA NA NA 1483 69 38 NA NA NA NA NA NA 1214 95 54 NA NA NA NA NA 
1747519200.0 134.701 NA 91 398 0 NA NA NA NA NA NA 155 533 0 NA NA NA NA NA NA 93 2096 176 NA NA NA NA NA NA 136 1149 281 NA NA NA NA NA 
1747519200.0 134.702 NA 92 397 0 NA NA NA NA NA NA 161 546 0 NA NA NA NA NA NA 75 2262 138 NA NA NA NA NA NA 144 1089 155 NA NA NA NA NA 
1747519200.0 134.703 NA 92 411 0 NA NA NA NA NA NA 164 553 0 NA NA NA NA NA NA 77 2281 148 NA NA NA NA NA NA 126 1092 165 NA NA NA NA NA 
1747519200.0 134.704 NA 87 401 0 NA NA NA NA NA NA 158 548 0 NA NA NA NA NA NA 81 2202 137 NA NA NA NA NA NA 191 1080 154 NA NA NA NA NA 
1747519200.0 134.705 NA 95 410 0 NA NA NA NA NA NA 165 554 0 NA NA NA NA NA NA 77 2346 153 NA NA NA NA NA NA 128 1112 177 NA NA NA NA NA 
1747519200.0 134.706 NA 93 404 0 NA NA NA NA NA NA 164 557 0 NA NA NA NA NA NA 74 2459 160 NA NA NA NA NA NA 107 1221 184 NA NA NA NA NA 
1747519200.0 134.707 NA 93 398 0 NA NA NA NA NA NA 156 557 0 NA NA NA NA NA NA 77 2196 140 NA NA NA NA NA NA 136 1060 161 NA NA NA NA NA 
1747519200.0 134.708 NA 92 397 0 NA NA NA NA NA NA 158 547 0 NA NA NA NA NA NA 73 2098 140 NA NA NA NA NA NA 123 1037 159 NA NA NA NA NA 
1747519200.0 134.709 NA 95 569 0 NA NA NA NA NA NA 164 773 0 NA NA NA NA NA NA 68 2171 140 NA NA NA NA NA NA 84 1038 191 NA NA NA NA NA 
1747519200.0 134.71 NA 90 367 0 NA NA NA NA NA NA 150 533 0 NA NA NA NA NA NA 71 1649 142 NA NA NA NA NA NA 129 1197 160 NA NA NA NA NA 
1747519200.0 134.801 NA 92 397 0 NA NA NA NA NA NA 157 534 0 NA NA NA NA NA NA 67 1614 129 NA NA NA NA NA NA 109 968 150 NA NA NA NA NA 
1747519200.0 134.802 NA 92 404 0 NA NA NA NA NA NA 160 565 0 NA NA NA NA NA NA 81 2617 138 NA NA NA NA NA NA 117 1231 157 NA NA NA NA NA 
1747519200.0 134.803 NA 92 399 0 NA NA NA NA NA NA 159 553 0 NA NA NA NA NA NA 83 2394 141 NA NA NA NA NA NA 143 1120 165 NA NA NA NA NA 
1747519200.0 134.804 NA 92 415 0 NA NA NA NA NA NA 161 565 0 NA NA NA NA NA NA 84 2661 142 NA NA NA NA NA NA 148 1261 160 NA NA NA NA NA 
1747519200.0 134.805 NA 89 411 0 NA NA NA NA NA NA 161 557 0 NA NA NA NA NA NA 84 2635 145 NA NA NA NA NA NA 130 1241 191 NA NA NA NA NA 
1747519200.0 134.806 NA 93 414 0 NA NA NA NA NA NA 156 559 0 NA NA NA NA NA NA 77 2798 140 NA NA NA NA NA NA 105 1350 176 NA NA NA NA NA 
1747519200.0 134.807 NA 197 444 0 NA NA NA NA NA NA 277 617 0 NA NA NA NA NA NA 219 2642 178 NA NA NA NA NA NA 229 1222 198 NA NA NA NA NA 
1747519200.0 134.808 NA 199 449 0 NA NA NA NA NA NA 281 629 0 NA NA NA NA NA NA 223 2663 163 NA NA NA NA NA NA 251 1174 206 NA NA NA NA NA 
1747519200.0 134.809 NA 91 401 0 NA NA NA NA NA NA 159 553 0 NA NA NA NA NA NA 84 2491 140 NA NA NA NA NA NA 177 1184 159 NA NA NA NA NA 
1747519200.0 134.81 NA 93 401 0 NA NA NA NA NA NA 162 565 0 NA NA NA NA NA NA 84 2512 141 NA NA NA NA NA NA 132 1193 160 NA NA NA NA NA 
1747519200.0 134.811 NA 91 411 0 NA NA NA NA NA NA 158 568 0 NA NA NA NA NA NA 82 2608 142 NA NA NA NA NA NA 166 1206 165 NA NA NA NA NA 
1747519200.0 134.812 NA 89 396 0 NA NA NA NA NA NA 158 548 0 NA NA NA NA NA NA 70 1719 145 NA NA NA NA NA NA 112 1212 242 NA NA NA NA NA 
1747519200.0 134.813 NA 234 117 0 NA NA NA NA NA NA 368 181 0 NA NA NA NA NA NA 501 137 127 NA NA NA NA NA NA 333 174 160 NA NA NA NA NA 
1747519200.0 134.901 NA 91 392 0 NA NA NA NA NA NA 156 544 0 NA NA NA NA NA NA 90 2019 172 NA NA NA NA NA NA 121 1238 220 NA NA NA NA NA 
1747519200.0 134.902 NA 92 394 0 NA NA NA NA NA NA 160 543 0 NA NA NA NA NA NA 75 2025 137 NA NA NA NA NA NA 139 1002 157 NA NA NA NA NA 
1747519200.0 134.903 NA 93 395 0 NA NA NA NA NA NA 165 543 0 NA NA NA NA NA NA 77 1978 145 NA NA NA NA NA NA 147 1034 173 NA NA NA NA NA 
1747519200.0 134.904 NA 92 405 0 NA NA NA NA NA NA 159 551 0 NA NA NA NA NA NA 72 2286 139 NA NA NA NA NA NA 87 1138 169 NA NA NA NA NA 
1747519200.0 134.905 NA 92 396 0 NA NA NA NA NA NA 166 553 0 NA NA NA NA NA NA 76 1925 141 NA NA NA NA NA NA 131 1090 158 NA NA NA NA NA 
1747519200.0 134.906 NA 91 397 0 NA NA NA NA NA NA 160 530 0 NA NA NA NA NA NA 76 2243 140 NA NA NA NA NA NA 98 1069 157 NA NA NA NA NA 
1747519200.0 134.907 NA 194 430 0 NA NA NA NA NA NA 275 571 0 NA NA NA NA NA NA 209 2083 151 NA NA NA NA NA NA 230 1090 191 NA NA NA NA NA 
1747519200.0 134.908 NA 199 433 0 NA NA NA NA NA NA 295 600 0 NA NA NA NA NA NA 211 2179 152 NA NA NA NA NA NA 256 1128 184 NA NA NA NA NA 
1747519200.0 134.909 NA 93 393 0 NA NA NA NA NA NA 164 543 0 NA NA NA NA NA NA 86 2397 166 NA NA NA NA NA NA 132 1240 247 NA NA NA NA NA 
1747519200.0 134.91 NA 93 394 0 NA NA NA NA NA NA 164 545 0 NA NA NA NA NA NA 79 1880 144 NA NA NA NA NA NA 141 1035 164 NA NA NA NA NA 
1747519200.0 134.911 NA 92 397 0 NA NA NA NA NA NA 163 539 0 NA NA NA NA NA NA 78 1996 140 NA NA NA NA NA NA 140 1042 165 NA NA NA NA NA 
1747519200.0 134.912 NA 89 395 0 NA NA NA NA NA NA 150 548 0 NA NA NA NA NA NA 77 1614 137 NA NA NA NA NA NA 142 1011 154 NA NA NA NA NA 
1747519200.0 134.99601 NA 65 404 0 NA NA NA NA NA NA 158 545 0 NA NA NA NA NA NA 77 2886 135 NA NA NA NA NA NA 95 1264 160 NA NA NA NA NA 
1747519200.0 134.99602 NA 92 395 0 NA NA NA NA NA NA 169 552 0 NA NA NA NA NA NA 77 1817 139 NA NA NA NA NA NA 122 985 172 NA NA NA NA NA 
1747519200.0 134.99603 NA 93 403 0 NA NA NA NA NA NA 161 566 0 NA NA NA NA NA NA 84 2411 146 NA NA NA NA NA NA 146 1152 173 NA NA NA NA NA 
1747519200.0 134.99901 NA 91 392 0 NA NA NA NA NA NA 162 549 0 NA NA NA NA NA NA 99 2220 161 NA NA NA NA NA NA 142 1180 202 NA NA NA NA NA 
1747519200.0 1340.0 NA 210 389 0 NA NA NA NA NA NA 287 525 0 NA NA NA NA NA NA 184 806 179 NA NA NA NA NA NA 239 1215 201 NA NA NA NA NA 
1747519200.0 1341.0 NA 224 410 0 NA NA NA NA NA NA 315 531 0 NA NA NA NA NA NA 205 914 168 NA NA NA NA NA NA 259 738 242 NA NA NA NA NA 
1747519200.0 1343.0 NA 216 402 0 NA NA NA NA NA NA 287 532 0 NA NA NA NA NA NA 179 731 162 NA NA NA NA NA NA 173 788 200 NA NA NA NA NA 
1747519200.0 13434.0 83 785 0 NA NA NA NA NA NA 136 1003 0 NA NA NA NA NA NA 70 2615 126 NA NA NA NA NA NA 73 1234 166 NA NA NA NA NA NA 
1747519200.0 1344.0 NA 214 397 0 NA NA NA NA NA NA 296 538 0 NA NA NA NA NA NA 225 880 201 NA NA NA NA NA NA 258 1013 229 NA NA NA NA NA 
1747519200.0 1345.0 NA 215 399 0 NA NA NA NA NA NA 295 548 0 NA NA NA NA NA NA 176 692 160 NA NA NA NA NA NA 182 669 192 NA NA NA NA NA 
1747519200.0 1347.0 NA 217 397 0 NA NA NA NA NA NA 296 540 0 NA NA NA NA NA NA 176 677 150 NA NA NA NA NA NA 173 636 166 NA NA NA NA NA 
1747519200.0 1348.0 NA 214 389 0 NA NA NA NA NA NA 293 537 0 NA NA NA NA NA NA 209 800 215 NA NA NA NA NA NA 244 960 261 NA NA NA NA NA 
1747519200.0 1349.0 NA 214 390 0 NA NA NA NA NA NA 289 516 0 NA NA NA NA NA NA 206 843 184 NA NA NA NA NA NA 270 1027 238 NA NA NA NA NA 
1747519200.0 135.1 412 0 190 153 NA NA NA NA NA 527 0 258 228 NA NA NA NA NA 489 127 328 216 NA NA NA NA NA 589 164 347 255 NA NA NA NA NA 
1747519200.0 135.11 416 0 188 153 NA NA NA NA NA 569 0 262 233 NA NA NA NA NA 508 105 302 190 NA NA NA NA NA 664 131 316 262 NA NA NA NA NA 
1747519200.0 135.12 406 0 182 152 NA NA NA NA NA 557 0 269 229 NA NA NA NA NA 434 131 338 184 NA NA NA NA NA 526 201 388 208 NA NA NA NA NA 
1747519200.0 135.13 413 0 NA NA NA NA NA NA NA 531 0 NA NA NA NA NA NA NA 470 158 NA NA NA NA NA NA NA 428 184 NA NA NA NA NA NA NA 
1747519200.0 135.14 411 0 189 152 NA NA NA NA NA 525 0 259 231 NA NA NA NA NA 493 138 324 234 NA NA NA NA NA 560 182 384 272 NA NA NA NA NA 
1747519200.0 135.2 337 0 179 128 NA NA NA NA NA 453 0 250 226 NA NA NA NA NA 397 111 317 216 NA NA NA NA NA 586 168 363 277 NA NA NA NA NA 
1747519200.0 135.3 334 0 186 148 NA NA NA NA NA 467 0 260 226 NA NA NA NA NA 447 131 317 184 NA NA NA NA NA 533 235 368 232 NA NA NA NA NA 
1747519200.0 135.4 404 0 185 151 NA NA NA NA NA 528 0 258 232 NA NA NA NA NA 419 116 315 199 NA NA NA NA NA 545 164 394 245 NA NA NA NA NA 
1747519200.0 135.5 403 0 182 151 NA NA NA NA NA 541 0 259 228 NA NA NA NA NA 450 120 341 204 NA NA NA NA NA 540 189 405 255 NA NA NA NA NA 
1747519200.0 135.6 415 0 158 151 NA NA NA NA NA 529 0 261 226 NA NA NA NA NA 494 141 313 201 NA NA NA NA NA 598 190 341 210 NA NA NA NA NA 
1747519200.0 135.7 411 0 185 151 NA NA NA NA NA 532 0 255 233 NA NA NA NA NA 453 132 338 184 NA NA NA NA NA 483 179 415 218 NA NA NA NA NA 
1747519200.0 135.8 182 NA NA NA NA NA NA NA NA 264 NA NA NA NA NA NA NA NA 405 NA NA NA NA NA NA NA NA 263 NA NA NA NA NA NA NA NA 
1747519200.0 135.9 408 0 186 148 NA NA NA NA NA 526 0 262 227 NA NA NA NA NA 502 128 309 189 NA NA NA NA NA 539 210 345 247 NA NA NA NA NA 
1747519200.0 1350.0 NA 214 393 0 NA NA NA NA NA NA 294 541 0 NA NA NA NA NA NA 217 822 175 NA NA NA NA NA NA 277 1122 205 NA NA NA NA NA 
1747519200.0 1351.0 NA 214 392 0 NA NA NA NA NA NA 290 541 0 NA NA NA NA NA NA 215 855 195 NA NA NA NA NA NA 280 1136 265 NA NA NA NA NA 
1747519200.0 1352.0 NA 213 395 0 NA NA NA NA NA NA 291 544 0 NA NA NA NA NA NA 178 690 157 NA NA NA NA NA NA 243 734 178 NA NA NA NA NA 
1747519200.0 1353.0 NA 217 400 0 NA NA NA NA NA NA 301 549 0 NA NA NA NA NA NA 189 748 163 NA NA NA NA NA NA 259 801 235 NA NA NA NA NA 
1747519200.0 1354.0 NA 216 399 0 NA NA NA NA NA NA 300 555 0 NA NA NA NA NA NA 216 879 191 NA NA NA NA NA NA 269 1243 213 NA NA NA NA NA 
1747519200.0 1355.0 NA 218 398 0 NA NA NA NA NA NA 302 526 0 NA NA NA NA NA NA 240 904 183 NA NA NA NA NA NA 250 980 269 NA NA NA NA NA 
1747519200.0 1356.0 161 211 432 0 201 NA NA NA NA 255 286 576 0 275 NA NA NA NA 836 173 715 151 264 NA NA NA NA 437 148 652 171 294 NA NA NA NA 
1747519200.0 136.721 NA 154 422 0 NA NA NA NA NA NA 225 571 0 NA NA NA NA NA NA 179 2465 141 NA NA NA NA NA NA 263 1147 166 NA NA NA NA NA 
1747519200.0 136.722 NA 152 417 0 NA NA NA NA NA NA 218 589 0 NA NA NA NA NA NA 168 2758 102 NA NA NA NA NA NA 209 1310 151 NA NA NA NA NA 
1747519200.0 136.723 NA 149 417 0 NA NA NA NA NA NA 218 580 0 NA NA NA NA NA NA 210 2667 142 NA NA NA NA NA NA 278 1214 163 NA NA NA NA NA 
1747519200.0 136.724 NA 153 424 0 NA NA NA NA NA NA 224 585 0 NA NA NA NA NA NA 176 3067 97 NA NA NA NA NA NA 182 1426 119 NA NA NA NA NA 
1747519200.0 136.72411 NA 236 0 NA NA NA NA NA NA NA 325 0 NA NA NA NA NA NA NA 898 95 NA NA NA NA NA NA NA 976 120 NA NA NA NA NA NA 
1747519200.0 136.72412 NA 265 0 NA NA NA NA NA NA NA 352 0 NA NA NA NA NA NA NA 1061 78 NA NA NA NA NA NA NA 1025 107 NA NA NA NA NA NA 
1747519200.0 136.725 NA 154 423 0 NA NA NA NA NA NA 227 582 0 NA NA NA NA NA NA 184 2695 104 NA NA NA NA NA NA 243 1243 136 NA NA NA NA NA 
1747519200.0 136.726 NA 153 375 0 NA NA NA NA NA NA 228 528 0 NA NA NA NA NA NA 183 2797 88 NA NA NA NA NA NA 208 1243 103 NA NA NA NA NA 
1747519200.0 136.727 NA 256 461 0 NA NA NA NA NA NA 346 620 0 NA NA NA NA NA NA 292 2685 143 NA NA NA NA NA NA 223 1203 196 NA NA NA NA NA 
1747519200.0 136.728 NA 251 468 0 NA NA NA NA NA NA 343 641 0 NA NA NA NA NA NA 350 2871 137 NA NA NA NA NA NA 365 1200 169 NA NA NA NA NA 
1747519200.0 136.729 NA 152 429 0 NA NA NA NA NA NA 220 597 0 NA NA NA NA NA NA 180 2828 113 NA NA NA NA NA NA 247 1264 129 NA NA NA NA NA 
1747519200.0 136.73 NA 154 434 0 NA NA NA NA NA NA 224 600 0 NA NA NA NA NA NA 180 2712 108 NA NA NA NA NA NA 179 1246 135 NA NA NA NA NA 
1747519200.0 136.731 NA 152 432 0 NA NA NA NA NA NA 220 583 0 NA NA NA NA NA NA 166 2757 103 NA NA NA NA NA NA 164 1243 130 NA NA NA NA NA 
1747519200.0 136.732 NA 152 455 0 NA NA NA NA NA NA 218 616 0 NA NA NA NA NA NA 178 2264 143 NA NA NA NA NA NA 256 1103 166 NA NA NA NA NA 
1747519200.0 136.733 NA 243 125 0 NA NA NA NA NA NA 372 189 0 NA NA NA NA NA NA 475 139 105 NA NA NA NA NA NA 405 198 137 NA NA NA NA NA 
1747519200.0 136.734 NA 153 379 0 NA NA NA NA NA NA 218 533 0 NA NA NA NA NA NA 207 2658 106 NA NA NA NA NA NA 193 1225 122 NA NA NA NA NA 
1747519200.0 136.735 NA 154 366 0 NA NA NA NA NA NA 226 493 0 NA NA NA NA NA NA 198 1076 117 NA NA NA NA NA NA 215 924 141 NA NA NA NA NA 
1747519200.0 136.736 NA 156 439 0 NA NA NA NA NA NA 227 616 0 NA NA NA NA NA NA 186 3899 139 NA NA NA NA NA NA 154 1466 158 NA NA NA NA NA 
1747519200.0 136.737 NA 152 425 0 NA NA NA NA NA NA 217 606 0 NA NA NA NA NA NA 196 4466 101 NA NA NA NA NA NA 190 1838 127 NA NA NA NA NA 
1747519200.0 136.738 NA 153 433 0 NA NA NA NA NA NA 219 616 0 NA NA NA NA NA NA 228 4282 137 NA NA NA NA NA NA 200 1597 154 NA NA NA NA NA 
1747519200.0 136.739 NA 154 437 0 NA NA NA NA NA NA 219 613 0 NA NA NA NA NA NA 200 4971 99 NA NA NA NA NA NA 176 1859 119 NA NA NA NA NA 
1747519200.0 136.74 NA 153 444 0 NA NA NA NA NA NA 229 615 0 NA NA NA NA NA NA 200 4329 96 NA NA NA NA NA NA 193 1748 119 NA NA NA NA NA 
1747519200.0 136.741 NA 154 384 0 NA NA NA NA NA NA 227 543 0 NA NA NA NA NA NA 212 4322 89 NA NA NA NA NA NA 205 1708 104 NA NA NA NA NA 
1747519200.0 136.742 NA 152 437 0 NA NA NA NA NA NA 221 598 0 NA NA NA NA NA NA 190 4105 109 NA NA NA NA NA NA 187 1573 126 NA NA NA NA NA 
1747519200.0 136.743 NA 154 457 0 NA NA NA NA NA NA 227 627 0 NA NA NA NA NA NA 208 3928 116 NA NA NA NA NA NA 225 1560 174 NA NA NA NA NA 
1747519200.0 136.744 NA 153 428 0 NA NA NA NA NA NA 223 620 0 NA NA NA NA NA NA 190 4336 103 NA NA NA NA NA NA 162 1659 134 NA NA NA NA NA 
1747519200.0 136.745 NA 152 462 0 NA NA NA NA NA NA 218 632 0 NA NA NA NA NA NA 179 3128 135 NA NA NA NA NA NA 171 1280 154 NA NA NA NA NA 
1747519200.0 136.746 NA 152 384 0 NA NA NA NA NA NA 228 567 0 NA NA NA NA NA NA 231 4083 108 NA NA NA NA NA NA 228 1664 135 NA NA NA NA NA 
1747519200.0 136.747 NA 150 442 0 NA NA NA NA NA NA 227 621 0 NA NA NA NA NA NA 197 3973 139 NA NA NA NA NA NA 211 1520 160 NA NA NA NA NA 
1747519200.0 136.748 NA 153 388 0 NA NA NA NA NA NA 225 550 0 NA NA NA NA NA NA 189 3947 101 NA NA NA NA NA NA 184 1555 130 NA NA NA NA NA 
1747519200.0 136.749 NA 113 437 0 NA NA NA NA NA NA 228 628 0 NA NA NA NA NA NA 239 4444 148 NA NA NA NA NA NA 214 1685 197 NA NA NA NA NA 
1747519200.0 136.75 NA 152 450 0 NA NA NA NA NA NA 220 629 0 NA NA NA NA NA NA 219 5284 102 NA NA NA NA NA NA 257 1985 152 NA NA NA NA NA 
1747519200.0 136.751 NA 152 439 0 NA NA NA NA NA NA 225 646 0 NA NA NA NA NA NA 206 5225 95 NA NA NA NA NA NA 215 2213 123 NA NA NA NA NA 
1747519200.0 136.752 NA 155 388 0 NA NA NA NA NA NA 225 552 0 NA NA NA NA NA NA 210 4312 90 NA NA NA NA NA NA 171 1768 107 NA NA NA NA NA 
1747519200.0 136.753 NA 129 441 0 NA NA NA NA NA NA 221 630 0 NA NA NA NA NA NA 198 4291 114 NA NA NA NA NA NA 204 1669 152 NA NA NA NA NA 
1747519200.0 136.754 NA 155 480 0 NA NA NA NA NA NA 229 646 0 NA NA NA NA NA NA 195 3567 118 NA NA NA NA NA NA 214 1424 167 NA NA NA NA NA 
1747519200.0 136.755 NA 153 388 0 NA NA NA NA NA NA 224 610 0 NA NA NA NA NA NA 202 4664 99 NA NA NA NA NA NA 191 1823 114 NA NA NA NA NA 
1747519200.0 136.756 NA 151 466 0 NA NA NA NA NA NA 220 641 0 NA NA NA NA NA NA 177 2976 142 NA NA NA NA NA NA 184 1324 200 NA NA NA NA NA 
1747519200.0 136.757 NA 153 394 0 NA NA NA NA NA NA 223 576 0 NA NA NA NA NA NA 225 3874 113 NA NA NA NA NA NA 213 1583 173 NA NA NA NA NA 
1747519200.0 136.758 NA 153 447 0 NA NA NA NA NA NA 231 625 0 NA NA NA NA NA NA 203 4912 136 NA NA NA NA NA NA 194 1709 157 NA NA NA NA NA 
1747519200.0 136.759 NA 151 440 0 NA NA NA NA NA NA 219 638 0 NA NA NA NA NA NA 202 5466 102 NA NA NA NA NA NA 189 2095 131 NA NA NA NA NA 
1747519200.0 136.76 NA 152 456 0 NA NA NA NA NA NA 223 639 0 NA NA NA NA NA NA 246 6241 141 NA NA NA NA NA NA 299 2159 157 NA NA NA NA NA 
1747519200.0 136.761 NA 151 447 0 NA NA NA NA NA NA 214 658 0 NA NA NA NA NA NA 235 6927 99 NA NA NA NA NA NA 276 2480 118 NA NA NA NA NA 
1747519200.0 136.7611 NA 251 0 NA NA NA NA NA NA NA 347 0 NA NA NA NA NA NA NA 1021 81 NA NA NA NA NA NA NA 939 115 NA NA NA NA NA NA 
1747519200.0 136.76111 NA 254 0 NA NA NA NA NA NA NA 355 0 NA NA NA NA NA NA NA 1026 76 NA NA NA NA NA NA NA 898 97 NA NA NA NA NA NA 
1747519200.0 136.762 NA 135 412 0 NA NA NA NA NA NA 226 620 0 NA NA NA NA NA NA 237 8043 101 NA NA NA NA NA NA 409 3755 119 NA NA NA NA NA 
1747519200.0 136.763 NA 151 398 0 NA NA NA NA NA NA 221 561 0 NA NA NA NA NA NA 222 5797 89 NA NA NA NA NA NA 206 2026 116 NA NA NA NA NA 
1747519200.0 136.764 NA 151 414 0 NA NA NA NA NA NA 221 626 0 NA NA NA NA NA NA 213 6104 118 NA NA NA NA NA NA 328 2478 158 NA NA NA NA NA 
1747519200.0 136.765 NA 152 476 0 NA NA NA NA NA NA 221 641 0 NA NA NA NA NA NA 213 4986 114 NA NA NA NA NA NA 230 1836 149 NA NA NA NA NA 
1747519200.0 136.766 NA 151 426 0 NA NA NA NA NA NA 224 610 0 NA NA NA NA NA NA 204 5728 102 NA NA NA NA NA NA 189 2134 126 NA NA NA NA NA 
1747519200.0 136.767 NA 152 457 0 NA NA NA NA NA NA 224 641 0 NA NA NA NA NA NA 187 4225 140 NA NA NA NA NA NA 174 1649 162 NA NA NA NA NA 
1747519200.0 136.768 NA 150 398 0 NA NA NA NA NA NA 217 586 0 NA NA NA NA NA NA 252 5693 114 NA NA NA NA NA NA 280 2216 137 NA NA NA NA NA 
1747519200.0 136.769 NA 154 446 0 NA NA NA NA NA NA 227 607 0 NA NA NA NA NA NA 186 3888 142 NA NA NA NA NA NA 177 1480 199 NA NA NA NA NA 
1747519200.0 136.77 NA 153 436 0 NA NA NA NA NA NA 221 588 0 NA NA NA NA NA NA 186 4053 105 NA NA NA NA NA NA 232 1573 141 NA NA NA NA NA 
1747519200.0 136.771 NA 154 445 0 NA NA NA NA NA NA 220 592 0 NA NA NA NA NA NA 201 3865 140 NA NA NA NA NA NA 156 1464 178 NA NA NA NA NA 
1747519200.0 136.772 NA 153 434 0 NA NA NA NA NA NA 220 625 0 NA NA NA NA NA NA 185 4587 98 NA NA NA NA NA NA 152 1694 124 NA NA NA NA NA 
1747519200.0 136.7721 NA 246 0 NA NA NA NA NA NA NA 327 0 NA NA NA NA NA NA NA 1054 102 NA NA NA NA NA NA NA 777 126 NA NA NA NA NA NA 
1747519200.0 136.77211 NA 248 0 NA NA NA NA NA NA NA 340 0 NA NA NA NA NA NA NA 1011 76 NA NA NA NA NA NA NA 780 93 NA NA NA NA NA NA 
1747519200.0 136.773 NA 153 442 0 NA NA NA NA NA NA 217 627 0 NA NA NA NA NA NA 186 4035 94 NA NA NA NA NA NA 157 1602 110 NA NA NA NA NA 
1747519200.0 136.774 NA 154 396 0 NA NA NA NA NA NA 215 549 0 NA NA NA NA NA NA 206 4036 89 NA NA NA NA NA NA 244 1603 108 NA NA NA NA NA 
1747519200.0 136.775 NA 151 443 0 NA NA NA NA NA NA 220 599 0 NA NA NA NA NA NA 180 3788 115 NA NA NA NA NA NA 151 1446 165 NA NA NA NA NA 
1747519200.0 136.776 NA 153 460 0 NA NA NA NA NA NA 219 622 0 NA NA NA NA NA NA 190 3657 117 NA NA NA NA NA NA 162 1465 174 NA NA NA NA NA 
1747519200.0 136.777 NA 154 439 0 NA NA NA NA NA NA 220 605 0 NA NA NA NA NA NA 183 4211 100 NA NA NA NA NA NA 188 1630 116 NA NA NA NA NA 
1747519200.0 136.778 NA 155 462 0 NA NA NA NA NA NA 220 594 0 NA NA NA NA NA NA 186 2789 142 NA NA NA NA NA NA 254 1294 160 NA NA NA NA NA 
1747519200.0 136.779 NA 153 394 0 NA NA NA NA NA NA 227 548 0 NA NA NA NA NA NA 217 3823 110 NA NA NA NA NA NA 215 1558 163 NA NA NA NA NA 
1747519200.0 136.78 NA 173 504 0 NA NA NA NA NA NA 246 707 0 NA NA NA NA NA NA 184 4827 152 NA NA NA NA NA NA 192 1907 168 NA NA NA NA NA 
1747519200.0 136.7801 NA 187 0 NA NA NA NA NA NA NA 260 0 NA NA NA NA NA NA NA 274 93 NA NA NA NA NA NA NA 336 119 NA NA NA NA NA NA 
1747519200.0 136.7802 NA 118 0 NA NA NA NA NA NA NA 183 0 NA NA NA NA NA NA NA 152 79 NA NA NA NA NA NA NA 231 108 NA NA NA NA NA NA 
1747519200.0 136.7803 NA 190 0 NA NA NA NA NA NA NA 261 0 NA NA NA NA NA NA NA 337 85 NA NA NA NA NA NA NA 643 108 NA NA NA NA NA NA 
1747519200.0 136.781 NA 167 467 0 NA NA NA NA NA NA 248 686 0 NA NA NA NA NA NA 194 5241 116 NA NA NA NA NA NA 305 1982 133 NA NA NA NA NA 
1747519200.0 136.782 NA 172 535 0 NA NA NA NA NA NA 243 761 0 NA NA NA NA NA NA 243 5702 161 NA NA NA NA NA NA 290 2108 183 NA NA NA NA NA 
1747519200.0 136.783 NA 174 472 0 NA NA NA NA NA NA 244 711 0 NA NA NA NA NA NA 188 6088 114 NA NA NA NA NA NA 177 2182 131 NA NA NA NA NA 
1747519200.0 136.784 NA 172 438 0 NA NA NA NA NA NA 245 629 0 NA NA NA NA NA NA 196 4797 127 NA NA NA NA NA NA 256 1853 183 NA NA NA NA NA 
1747519200.0 136.785 NA 173 416 0 NA NA NA NA NA NA 244 630 0 NA NA NA NA NA NA 227 5605 120 NA NA NA NA NA NA 276 2166 170 NA NA NA NA NA 
1747519200.0 136.786 NA 173 530 0 NA NA NA NA NA NA 242 716 0 NA NA NA NA NA NA 192 5563 136 NA NA NA NA NA NA 281 2061 159 NA NA NA NA NA 
1747519200.0 136.787 NA 175 587 0 NA NA NA NA NA NA 249 815 0 NA NA NA NA NA NA 190 5139 137 NA NA NA NA NA NA 173 1994 157 NA NA NA NA NA 
1747519200.0 136.788 NA 173 477 0 NA NA NA NA NA NA 245 705 0 NA NA NA NA NA NA 186 5805 117 NA NA NA NA NA NA 181 2119 132 NA NA NA NA NA 
1747519200.0 136.789 NA 173 563 0 NA NA NA NA NA NA 236 784 0 NA NA NA NA NA NA 177 4674 158 NA NA NA NA NA NA 201 1970 185 NA NA NA NA NA 
1747519200.0 136.79 NA 177 436 0 NA NA NA NA NA NA 246 596 0 NA NA NA NA NA NA 199 3023 124 NA NA NA NA NA NA 171 1351 140 NA NA NA NA NA 
1747519200.0 136.791 NA 175 442 0 NA NA NA NA NA NA 251 608 0 NA NA NA NA NA NA 184 1128 133 NA NA NA NA NA NA 178 863 157 NA NA NA NA NA 
1747519200.0 136.792 NA 174 531 0 NA NA NA NA NA NA 245 710 0 NA NA NA NA NA NA 184 4187 153 NA NA NA NA NA NA 214 1629 172 NA NA NA NA NA 
1747519200.0 136.793 NA 173 461 0 NA NA NA NA NA NA 240 689 0 NA NA NA NA NA NA 175 3980 122 NA NA NA NA NA NA 174 1590 172 NA NA NA NA NA 
1747519200.0 136.794 NA 174 525 0 NA NA NA NA NA NA 250 726 0 NA NA NA NA NA NA 206 4309 160 NA NA NA NA NA NA 232 1633 209 NA NA NA NA NA 
1747519200.0 136.795 NA 175 426 0 NA NA NA NA NA NA 247 662 0 NA NA NA NA NA NA 181 4454 117 NA NA NA NA NA NA 207 1703 134 NA NA NA NA NA 
1747519200.0 136.796 NA 173 429 0 NA NA NA NA NA NA 238 616 0 NA NA NA NA NA NA 175 3990 118 NA NA NA NA NA NA 213 1628 155 NA NA NA NA NA 
1747519200.0 136.797 NA 134 431 0 NA NA NA NA NA NA 242 611 0 NA NA NA NA NA NA 200 4382 108 NA NA NA NA NA NA 200 1679 130 NA NA NA NA NA 
1747519200.0 136.798 NA 175 511 0 NA NA NA NA NA NA 244 709 0 NA NA NA NA NA NA 176 4318 134 NA NA NA NA NA NA 180 1664 184 NA NA NA NA NA 
1747519200.0 136.799 NA 174 597 0 NA NA NA NA NA NA 247 809 0 NA NA NA NA NA NA 195 4240 135 NA NA NA NA NA NA 196 1712 177 NA NA NA NA NA 
1747519200.0 136.8 NA 174 488 0 NA NA NA NA NA NA 243 677 0 NA NA NA NA NA NA 185 4416 119 NA NA NA NA NA NA 233 1686 137 NA NA NA NA NA 
1747519200.0 136.801 NA 173 556 0 NA NA NA NA NA NA 241 744 0 NA NA NA NA NA NA 175 3212 162 NA NA NA NA NA NA 376 1911 231 NA NA NA NA NA 
1747519200.0 136.802 NA 133 434 0 NA NA NA NA NA NA 243 605 0 NA NA NA NA NA NA 217 3723 127 NA NA NA NA NA NA 232 1541 163 NA NA NA NA NA 
1747519200.0 136.803 NA 178 449 0 NA NA NA NA NA NA 252 607 0 NA NA NA NA NA NA 170 1111 134 NA NA NA NA NA NA 154 986 190 NA NA NA NA NA 
1747519200.0 136.804 NA 176 520 0 NA NA NA NA NA NA 249 746 0 NA NA NA NA NA NA 173 4084 160 NA NA NA NA NA NA 168 1620 201 NA NA NA NA NA 
1747519200.0 136.805 NA 174 476 0 NA NA NA NA NA NA 241 672 0 NA NA NA NA NA NA 181 4306 123 NA NA NA NA NA NA 193 1724 151 NA NA NA NA NA 
1747519200.0 136.806 NA 170 510 0 NA NA NA NA NA NA 245 722 0 NA NA NA NA NA NA 212 4174 156 NA NA NA NA NA NA 208 1786 175 NA NA NA NA NA 
1747519200.0 136.807 NA 175 472 0 NA NA NA NA NA NA 245 698 0 NA NA NA NA NA NA 173 4528 119 NA NA NA NA NA NA 163 1837 165 NA NA NA NA NA 
1747519200.0 136.808 NA 174 476 0 NA NA NA NA NA NA 248 661 0 NA NA NA NA NA NA 181 4183 120 NA NA NA NA NA NA 209 1666 153 NA NA NA NA NA 
1747519200.0 136.809 NA 176 417 0 NA NA NA NA NA NA 248 621 0 NA NA NA NA NA NA 198 4172 112 NA NA NA NA NA NA 173 1793 165 NA NA NA NA NA 
1747519200.0 136.81 NA 174 509 0 NA NA NA NA NA NA 242 726 0 NA NA NA NA NA NA 168 4132 129 NA NA NA NA NA NA 210 1705 147 NA NA NA NA NA 
1747519200.0 136.811 NA 176 585 0 NA NA NA NA NA NA 249 797 0 NA NA NA NA NA NA 186 4149 135 NA NA NA NA NA NA 179 1694 154 NA NA NA NA NA 
1747519200.0 136.812 NA 174 470 0 NA NA NA NA NA NA 242 677 0 NA NA NA NA NA NA 181 4629 118 NA NA NA NA NA NA 183 1906 137 NA NA NA NA NA 
1747519200.0 136.813 NA 176 558 0 NA NA NA NA NA NA 248 762 0 NA NA NA NA NA NA 157 2990 153 NA NA NA NA NA NA 188 1334 174 NA NA NA NA NA 
1747519200.0 136.814 NA 172 434 0 NA NA NA NA NA NA 248 622 0 NA NA NA NA NA NA 218 3935 124 NA NA NA NA NA NA 229 1611 145 NA NA NA NA NA 
1747519200.0 136.815 NA 178 446 0 NA NA NA NA NA NA 250 635 0 NA NA NA NA NA NA 183 1241 138 NA NA NA NA NA NA 197 1132 167 NA NA NA NA NA 
1747519200.0 136.816 NA 174 494 0 NA NA NA NA NA NA 242 782 0 NA NA NA NA NA NA 192 6171 156 NA NA NA NA NA NA 222 2250 175 NA NA NA NA NA 
1747519200.0 136.817 NA 173 480 0 NA NA NA NA NA NA 242 716 0 NA NA NA NA NA NA 183 5392 119 NA NA NA NA NA NA 178 2138 137 NA NA NA NA NA 
1747519200.0 136.818 NA 173 526 0 NA NA NA NA NA NA 242 734 0 NA NA NA NA NA NA 236 5692 162 NA NA NA NA NA NA 314 2086 188 NA NA NA NA NA 
1747519200.0 136.819 NA 175 472 0 NA NA NA NA NA NA 251 719 0 NA NA NA NA NA NA 185 6327 117 NA NA NA NA NA NA 191 2442 133 NA NA NA NA NA 
1747519200.0 136.82 NA 173 446 0 NA NA NA NA NA NA 245 673 0 NA NA NA NA NA NA 189 6110 119 NA NA NA NA NA NA 200 2347 150 NA NA NA NA NA 
1747519200.0 136.821 NA 173 430 0 NA NA NA NA NA NA 242 628 0 NA NA NA NA NA NA 220 5427 119 NA NA NA NA NA NA 273 2007 172 NA NA NA NA NA 
1747519200.0 136.822 NA 172 514 0 NA NA NA NA NA NA 247 737 0 NA NA NA NA NA NA 184 5441 132 NA NA NA NA NA NA 207 2033 156 NA NA NA NA NA 
1747519200.0 136.823 NA 175 580 0 NA NA NA NA NA NA 249 802 0 NA NA NA NA NA NA 193 5249 136 NA NA NA NA NA NA 202 1952 171 NA NA NA NA NA 
1747519200.0 136.824 NA 172 488 0 NA NA NA NA NA NA 243 714 0 NA NA NA NA NA NA 208 6957 126 NA NA NA NA NA NA 287 2589 182 NA NA NA NA NA 
1747519200.0 136.825 NA 175 577 0 NA NA NA NA NA NA 241 762 0 NA NA NA NA NA NA 163 3747 158 NA NA NA NA NA NA 160 1472 193 NA NA NA NA NA 
1747519200.0 136.826 NA 173 439 0 NA NA NA NA NA NA 248 636 0 NA NA NA NA NA NA 226 5424 125 NA NA NA NA NA NA 236 2047 141 NA NA NA NA NA 
1747519200.0 136.827 NA 177 446 0 NA NA NA NA NA NA 247 621 0 NA NA NA NA NA NA 166 1182 131 NA NA NA NA NA NA 159 955 158 NA NA NA NA NA 
1747519200.0 136.828 NA 175 538 0 NA NA NA NA NA NA 242 782 0 NA NA NA NA NA NA 200 6544 156 NA NA NA NA NA NA 221 2377 176 NA NA NA NA NA 
1747519200.0 136.829 NA 174 480 0 NA NA NA NA NA NA 250 718 0 NA NA NA NA NA NA 188 6466 121 NA NA NA NA NA NA 222 2423 165 NA NA NA NA NA 
1747519200.0 136.83 NA 173 540 0 NA NA NA NA NA NA 245 783 0 NA NA NA NA NA NA 245 6765 159 NA NA NA NA NA NA 289 2509 176 NA NA NA NA NA 
1747519200.0 136.831 NA 174 491 0 NA NA NA NA NA NA 244 708 0 NA NA NA NA NA NA 205 6837 124 NA NA NA NA NA NA 272 2424 153 NA NA NA NA NA 
1747519200.0 136.8311 NA 248 0 NA NA NA NA NA NA NA 331 0 NA NA NA NA NA NA NA 1057 94 NA NA NA NA NA NA NA 772 123 NA NA NA NA NA NA 
1747519200.0 136.83111 NA 259 0 NA NA NA NA NA NA NA 356 0 NA NA NA NA NA NA NA 1110 92 NA NA NA NA NA NA NA 869 152 NA NA NA NA NA NA 
1747519200.0 136.832 NA 175 472 0 NA NA NA NA NA NA 238 749 0 NA NA NA NA NA NA 223 9057 144 NA NA NA NA NA NA 310 3634 169 NA NA NA NA NA 
1747519200.0 136.833 NA 174 448 0 NA NA NA NA NA NA 251 661 0 NA NA NA NA NA NA 225 7042 117 NA NA NA NA NA NA 249 2596 194 NA NA NA NA NA 
1747519200.0 136.834 NA 173 541 0 NA NA NA NA NA NA 243 759 0 NA NA NA NA NA NA 189 6430 132 NA NA NA NA NA NA 224 2538 161 NA NA NA NA NA 
1747519200.0 136.835 NA 174 600 0 NA NA NA NA NA NA 243 806 0 NA NA NA NA NA NA 227 6249 145 NA NA NA NA NA NA 304 2321 239 NA NA NA NA NA 
1747519200.0 136.836 NA 173 498 0 NA NA NA NA NA NA 238 734 0 NA NA NA NA NA NA 213 6738 126 NA NA NA NA NA NA 267 2315 196 NA NA NA NA NA 
1747519200.0 136.837 NA 174 582 0 NA NA NA NA NA NA 247 802 0 NA NA NA NA NA NA 176 4948 155 NA NA NA NA NA NA 200 1987 172 NA NA NA NA NA 
1747519200.0 136.838 NA 173 448 0 NA NA NA NA NA NA 247 667 0 NA NA NA NA NA NA 233 6051 125 NA NA NA NA NA NA 231 2406 144 NA NA NA NA NA 
1747519200.0 136.839 NA 181 445 0 NA NA NA NA NA NA 259 630 0 NA NA NA NA NA NA 186 1279 136 NA NA NA NA NA NA 281 1259 161 NA NA NA NA NA 
1747519200.0 136.8391 NA 213 529 0 NA NA NA NA NA NA 300 751 0 NA NA NA NA NA NA 449 5563 140 NA NA NA NA NA NA 641 2011 158 NA NA NA NA NA 
1747519200.0 136.84 NA 175 437 0 NA NA NA NA NA NA 243 614 0 NA NA NA NA NA NA 186 4756 109 NA NA NA NA NA NA 237 1917 135 NA NA NA NA NA 
1747519200.0 136.841 NA 176 431 0 NA NA NA NA NA NA 248 599 0 NA NA NA NA NA NA 195 4969 114 NA NA NA NA NA NA 237 1851 140 NA NA NA NA NA 
1747519200.0 136.842 NA 172 439 0 NA NA NA NA NA NA 243 639 0 NA NA NA NA NA NA 216 6832 116 NA NA NA NA NA NA 303 2417 187 NA NA NA NA NA 
1747519200.0 136.843 NA 173 427 0 NA NA NA NA NA NA 249 690 0 NA NA NA NA NA NA 214 8303 112 NA NA NA NA NA NA 287 3065 129 NA NA NA NA NA 
1747519200.0 136.844 NA 172 425 0 NA NA NA NA NA NA 243 619 0 NA NA NA NA NA NA 219 4527 107 NA NA NA NA NA NA 186 1783 123 NA NA NA NA NA 
1747519200.0 136.845 NA 175 423 0 NA NA NA NA NA NA 249 608 0 NA NA NA NA NA NA 197 3808 109 NA NA NA NA NA NA 208 1578 132 NA NA NA NA NA 
1747519200.0 136.846 NA 173 420 0 NA NA NA NA NA NA 241 595 0 NA NA NA NA NA NA 203 3634 112 NA NA NA NA NA NA 202 1484 164 NA NA NA NA NA 
1747519200.0 136.847 NA 173 434 0 NA NA NA NA NA NA 243 640 0 NA NA NA NA NA NA 229 5401 109 NA NA NA NA NA NA 239 2043 127 NA NA NA NA NA 
1747519200.0 136.848 NA 174 442 0 NA NA NA NA NA NA 249 680 0 NA NA NA NA NA NA 243 6850 118 NA NA NA NA NA NA 272 2569 200 NA NA NA NA NA 
1747519200.0 136.849 NA 175 510 0 NA NA NA NA NA NA 245 712 0 NA NA NA NA NA NA 166 4101 155 NA NA NA NA NA NA 200 1593 174 NA NA NA NA NA 
1747519200.0 136.85 NA 173 531 0 NA NA NA NA NA NA 240 726 0 NA NA NA NA NA NA 155 4337 121 NA NA NA NA NA NA 158 1697 141 NA NA NA NA NA 
1747519200.0 136.8501 NA 174 430 0 NA NA NA NA NA NA 248 619 0 NA NA NA NA NA NA 160 4662 109 NA NA NA NA NA NA 194 1908 127 NA NA NA NA NA 
1747519200.0 136.851 NA 175 506 0 NA NA NA NA NA NA 244 724 0 NA NA NA NA NA NA 193 4439 161 NA NA NA NA NA NA 203 1837 199 NA NA NA NA NA 
1747519200.0 136.852 NA 175 481 0 NA NA NA NA NA NA 245 701 0 NA NA NA NA NA NA 183 5037 120 NA NA NA NA NA NA 292 1984 151 NA NA NA NA NA 
1747519200.0 136.853 NA 173 476 0 NA NA NA NA NA NA 243 683 0 NA NA NA NA NA NA 166 4153 117 NA NA NA NA NA NA 202 1646 136 NA NA NA NA NA 
1747519200.0 136.854 NA 175 423 0 NA NA NA NA NA NA 246 627 0 NA NA NA NA NA NA 182 4511 113 NA NA NA NA NA NA 169 1706 163 NA NA NA NA NA 
1747519200.0 136.855 NA 175 579 0 NA NA NA NA NA NA 239 785 0 NA NA NA NA NA NA 173 4284 137 NA NA NA NA NA NA 189 1775 163 NA NA NA NA NA 
1747519200.0 136.856 NA 175 588 0 NA NA NA NA NA NA 247 820 0 NA NA NA NA NA NA 139 3221 154 NA NA NA NA NA NA 156 1518 173 NA NA NA NA NA 
1747519200.0 136.8561 NA 164 431 0 NA NA NA NA NA NA 241 612 0 NA NA NA NA NA NA 121 949 144 NA NA NA NA NA NA 163 821 160 NA NA NA NA NA 
1747519200.0 136.8562 NA 163 419 0 NA NA NA NA NA NA 235 588 0 NA NA NA NA NA NA 116 909 146 NA NA NA NA NA NA 187 1045 173 NA NA NA NA NA 
1747519200.0 136.857 NA 174 423 0 NA NA NA NA NA NA 252 636 0 NA NA NA NA NA NA 193 4143 123 NA NA NA NA NA NA 181 1711 143 NA NA NA NA NA 
1747519200.0 136.858 NA 175 441 0 NA NA NA NA NA NA 248 612 0 NA NA NA NA NA NA 163 1186 134 NA NA NA NA NA NA 166 1016 182 NA NA NA NA NA 
1747519200.0 136.859 NA 159 446 0 NA NA NA NA NA NA 246 646 0 NA NA NA NA NA NA 186 5539 115 NA NA NA NA NA NA 304 2117 133 NA NA NA NA NA 
1747519200.0 136.86 NA 174 442 0 NA NA NA NA NA NA 247 632 0 NA NA NA NA NA NA 185 4089 109 NA NA NA NA NA NA 161 1690 133 NA NA NA NA NA 
1747519200.0 136.861 NA 172 530 0 NA NA NA NA NA NA 249 760 0 NA NA NA NA NA NA 193 5768 162 NA NA NA NA NA NA 276 2090 181 NA NA NA NA NA 
1747519200.0 136.862 NA 174 494 0 NA NA NA NA NA NA 245 733 0 NA NA NA NA NA NA 168 5836 123 NA NA NA NA NA NA 240 2181 151 NA NA NA NA NA 
1747519200.0 136.863 NA 173 526 0 NA NA NA NA NA NA 243 752 0 NA NA NA NA NA NA 204 5880 157 NA NA NA NA NA NA 210 2183 175 NA NA NA NA NA 
1747519200.0 136.864 NA 173 494 0 NA NA NA NA NA NA 242 741 0 NA NA NA NA NA NA 197 7078 126 NA NA NA NA NA NA 287 2681 190 NA NA NA NA NA 
1747519200.0 136.8642 NA 174 491 0 NA NA NA NA NA NA 238 768 0 NA NA NA NA NA NA 188 6890 120 NA NA NA NA NA NA 275 2436 136 NA NA NA NA NA 
1747519200.0 136.865 NA 175 509 0 NA NA NA NA NA NA 252 718 0 NA NA NA NA NA NA 188 6623 126 NA NA NA NA NA NA 268 2532 148 NA NA NA NA NA 
1747519200.0 136.866 NA 172 443 0 NA NA NA NA NA NA 247 690 0 NA NA NA NA NA NA 185 5817 110 NA NA NA NA NA NA 227 2284 135 NA NA NA NA NA 
1747519200.0 136.867 NA 172 593 0 NA NA NA NA NA NA 237 823 0 NA NA NA NA NA NA 211 6195 141 NA NA NA NA NA NA 397 2626 159 NA NA NA NA NA 
1747519200.0 136.868 NA 174 606 0 NA NA NA NA NA NA 248 814 0 NA NA NA NA NA NA 167 4696 157 NA NA NA NA NA NA 217 1928 175 NA NA NA NA NA 
1747519200.0 136.869 NA 171 453 0 NA NA NA NA NA NA 249 682 0 NA NA NA NA NA NA 214 5914 129 NA NA NA NA NA NA 271 2302 163 NA NA NA NA NA 
1747519200.0 136.87 NA 176 447 0 NA NA NA NA NA NA 247 623 0 NA NA NA NA NA NA 183 1239 137 NA NA NA NA NA NA 238 1063 177 NA NA NA NA NA 
1747519200.0 136.871 NA 173 458 0 NA NA NA NA NA NA 245 695 0 NA NA NA NA NA NA 195 7839 115 NA NA NA NA NA NA 321 2843 145 NA NA NA NA NA 
1747519200.0 136.872 NA 173 454 0 NA NA NA NA NA NA 251 652 0 NA NA NA NA NA NA 205 5827 110 NA NA NA NA NA NA 226 2146 131 NA NA NA NA NA 
1747519200.0 136.873 NA 174 500 0 NA NA NA NA NA NA 250 730 0 NA NA NA NA NA NA 176 5195 164 NA NA NA NA NA NA 209 1848 207 NA NA NA NA NA 
1747519200.0 136.874 NA 174 542 0 NA NA NA NA NA NA 237 768 0 NA NA NA NA NA NA 179 5403 123 NA NA NA NA NA NA 263 2074 148 NA NA NA NA NA 
1747519200.0 136.875 NA 173 519 0 NA NA NA NA NA NA 248 730 0 NA NA NA NA NA NA 229 5539 157 NA NA NA NA NA NA 352 2213 177 NA NA NA NA NA 
1747519200.0 136.876 NA 173 498 0 NA NA NA NA NA NA 238 751 0 NA NA NA NA NA NA 181 6181 120 NA NA NA NA NA NA 206 2287 160 NA NA NA NA NA 
1747519200.0 136.877 NA 173 479 0 NA NA NA NA NA NA 246 721 0 NA NA NA NA NA NA 182 5387 116 NA NA NA NA NA NA 261 2282 132 NA NA NA NA NA 
1747519200.0 136.878 NA 173 443 0 NA NA NA NA NA NA 248 653 0 NA NA NA NA NA NA 193 5403 106 NA NA NA NA NA NA 208 1974 129 NA NA NA NA NA 
1747519200.0 136.879 NA 174 599 0 NA NA NA NA NA NA 239 823 0 NA NA NA NA NA NA 197 5471 139 NA NA NA NA NA NA 249 2185 155 NA NA NA NA NA 
1747519200.0 136.88 NA 173 597 0 NA NA NA NA NA NA 246 802 0 NA NA NA NA NA NA 157 4211 158 NA NA NA NA NA NA 239 1809 176 NA NA NA NA NA 
1747519200.0 136.881 NA 174 434 0 NA NA NA NA NA NA 252 647 0 NA NA NA NA NA NA 207 4673 125 NA NA NA NA NA NA 183 1787 144 NA NA NA NA NA 
1747519200.0 136.882 NA 178 474 0 NA NA NA NA NA NA 250 671 0 NA NA NA NA NA NA 182 1530 147 NA NA NA NA NA NA 185 1078 196 NA NA NA NA NA 
1747519200.0 136.883 NA 173 449 0 NA NA NA NA NA NA 245 691 0 NA NA NA NA NA NA 178 6322 110 NA NA NA NA NA NA 208 2484 134 NA NA NA NA NA 
1747519200.0 136.884 NA 173 448 0 NA NA NA NA NA NA 245 623 0 NA NA NA NA NA NA 210 4840 111 NA NA NA NA NA NA 217 1901 136 NA NA NA NA NA 
1747519200.0 136.885 NA 173 528 0 NA NA NA NA NA NA 250 738 0 NA NA NA NA NA NA 190 5235 160 NA NA NA NA NA NA 265 1903 187 NA NA NA NA NA 
1747519200.0 136.8855 NA 174 144 0 NA NA NA NA NA NA 248 275 0 NA NA NA NA NA NA 218 294 83 NA NA NA NA NA NA 265 354 109 NA NA NA NA NA 
1747519200.0 136.885501 NA 174 151 0 NA NA NA NA NA NA 254 287 0 NA NA NA NA NA NA 219 346 83 NA NA NA NA NA NA 216 354 112 NA NA NA NA NA 
1747519200.0 136.885511 NA 172 121 0 NA NA NA NA NA NA 254 200 0 NA NA NA NA NA NA 230 256 84 NA NA NA NA NA NA 233 263 105 NA NA NA NA NA 
1747519200.0 136.885521 NA 173 123 0 NA NA NA NA NA NA 251 186 0 NA NA NA NA NA NA 214 241 78 NA NA NA NA NA NA 246 258 108 NA NA NA NA NA 
1747519200.0 136.886 NA 154 482 0 NA NA NA NA NA NA 236 709 0 NA NA NA NA NA NA 181 5444 123 NA NA NA NA NA NA 319 2094 144 NA NA NA NA NA 
1747519200.0 136.8861 NA 175 495 0 NA NA NA NA NA NA 249 694 0 NA NA NA NA NA NA 194 4562 129 NA NA NA NA NA NA 308 1889 166 NA NA NA NA NA 
1747519200.0 136.8862 NA 176 498 0 NA NA NA NA NA NA 243 735 0 NA NA NA NA NA NA 171 5385 120 NA NA NA NA NA NA 227 1921 148 NA NA NA NA NA 
1747519200.0 136.887 NA 172 520 0 NA NA NA NA NA NA 252 729 0 NA NA NA NA NA NA 225 5316 156 NA NA NA NA NA NA 428 2179 198 NA NA NA NA NA 
1747519200.0 136.888 NA 174 506 0 NA NA NA NA NA NA 236 718 0 NA NA NA NA NA NA 173 5779 117 NA NA NA NA NA NA 181 2133 140 NA NA NA NA NA 
1747519200.0 136.88811 NA 257 0 NA NA NA NA NA NA NA 338 0 NA NA NA NA NA NA NA 1119 77 NA NA NA NA NA NA NA 841 109 NA NA NA NA NA NA 
1747519200.0 136.8885 NA 173 145 0 NA NA NA NA NA NA 243 285 0 NA NA NA NA NA NA 213 295 85 NA NA NA NA NA NA 233 356 116 NA NA NA NA NA 
1747519200.0 136.888501 NA 173 151 0 NA NA NA NA NA NA 235 280 0 NA NA NA NA NA NA 223 351 75 NA NA NA NA NA NA 248 414 97 NA NA NA NA NA 
1747519200.0 136.888511 NA 174 123 0 NA NA NA NA NA NA 239 200 0 NA NA NA NA NA NA 206 276 82 NA NA NA NA NA NA 213 272 104 NA NA NA NA NA 
1747519200.0 136.888521 NA 174 123 0 NA NA NA NA NA NA 245 185 0 NA NA NA NA NA NA 225 239 82 NA NA NA NA NA NA 264 238 102 NA NA NA NA NA 
1747519200.0 136.889 NA 174 485 0 NA NA NA NA NA NA 241 735 0 NA NA NA NA NA NA 169 5671 119 NA NA NA NA NA NA 206 2247 147 NA NA NA NA NA 
1747519200.0 136.89 NA 175 445 0 NA NA NA NA NA NA 253 634 0 NA NA NA NA NA NA 202 5461 112 NA NA NA NA NA NA 257 2145 130 NA NA NA NA NA 
1747519200.0 136.891 NA 173 590 0 NA NA NA NA NA NA 240 836 0 NA NA NA NA NA NA 203 5311 141 NA NA NA NA NA NA 270 2188 163 NA NA NA NA NA 
1747519200.0 136.892 NA 172 605 0 NA NA NA NA NA NA 244 794 0 NA NA NA NA NA NA 174 4906 167 NA NA NA NA NA NA 278 2047 186 NA NA NA NA NA 
1747519200.0 136.893 NA 174 448 0 NA NA NA NA NA NA 242 671 0 NA NA NA NA NA NA 219 5462 133 NA NA NA NA NA NA 289 2228 154 NA NA NA NA NA 
1747519200.0 136.894 NA 177 503 0 NA NA NA NA NA NA 245 687 0 NA NA NA NA NA NA 185 2552 141 NA NA NA NA NA NA 216 1254 179 NA NA NA NA NA 
1747519200.0 136.895 NA 173 448 0 NA NA NA NA NA NA 241 651 0 NA NA NA NA NA NA 180 5799 111 NA NA NA NA NA NA 235 2084 136 NA NA NA NA NA 
1747519200.0 136.896 NA 175 449 0 NA NA NA NA NA NA 247 653 0 NA NA NA NA NA NA 199 4930 109 NA NA NA NA NA NA 236 1893 133 NA NA NA NA NA 
1747519200.0 136.897 NA 288 119 0 NA NA NA NA NA NA 471 185 0 NA NA NA NA NA NA 577 118 143 NA NA NA NA NA NA 411 159 169 NA NA NA NA NA 
1747519200.0 136.898 NA 173 480 0 NA NA NA NA NA NA 234 693 0 NA NA NA NA NA NA 211 5435 111 NA NA NA NA NA NA 247 2142 128 NA NA NA NA NA 
1747519200.0 136.899 NA 303 159 0 NA NA NA NA NA NA 493 265 0 NA NA NA NA NA NA 728 134 143 NA NA NA NA NA NA 366 184 170 NA NA NA NA NA 
1747519200.0 136.9 NA 254 226 NA NA NA NA NA NA NA 384 334 NA NA NA NA NA NA NA 4230 695 NA NA NA NA NA NA NA 10927 1687 NA NA NA NA NA NA 
1747519200.0 1360.0 148 200 397 0 NA NA NA NA NA 238 276 541 0 NA NA NA NA NA 1274 136 671 161 NA NA NA NA NA 571 145 725 185 NA NA NA NA NA 
1747519200.0 1361.0 159 210 398 0 NA NA NA NA NA 249 288 536 0 NA NA NA NA NA 3080 171 676 153 NA NA NA NA NA 1118 147 634 174 NA NA NA NA NA 
1747519200.0 1361.17 140 282 472 0 156 NA NA NA NA 226 369 642 0 234 NA NA NA NA 3383 589 740 185 177 NA NA NA NA 1554 246 698 205 184 NA NA NA NA 
1747519200.0 1361.18 140 276 466 0 160 NA NA NA NA 224 352 634 0 235 NA NA NA NA 3471 608 767 194 196 NA NA NA NA 1439 290 699 249 201 NA NA NA NA 
1747519200.0 1361.181 135 275 467 0 160 NA NA NA NA 222 367 656 0 244 NA NA NA NA 3571 597 772 195 192 NA NA NA NA 2507 272 757 229 188 NA NA NA NA 
1747519200.0 1362.0 162 209 399 0 NA NA NA NA NA 252 290 530 0 NA NA NA NA NA 4232 182 740 163 NA NA NA NA NA 2834 195 739 191 NA NA NA NA NA 
1747519200.0 1362.17 140 276 468 0 157 NA NA NA NA 220 360 657 0 237 NA NA NA NA 5001 729 900 208 244 NA NA NA NA 3535 385 863 236 258 NA NA NA NA 
1747519200.0 1362.18 139 275 468 0 160 NA NA NA NA 221 350 651 0 237 NA NA NA NA 4336 599 760 188 190 NA NA NA NA 4066 262 746 221 209 NA NA NA NA 
1747519200.0 1363.0 157 210 398 0 NA NA NA NA NA 254 287 532 0 NA NA NA NA NA 4006 175 707 151 NA NA NA NA NA 1835 151 672 167 NA NA NA NA NA 
1747519200.0 1363.17 140 286 472 0 156 NA NA NA NA 224 382 652 0 237 NA NA NA NA 4385 606 772 184 193 NA NA NA NA 3896 268 722 201 196 NA NA NA NA 
1747519200.0 1363.18 139 275 470 0 160 NA NA NA NA 227 361 640 0 235 NA NA NA NA 4361 600 807 186 196 NA NA NA NA 3990 266 784 204 207 NA NA NA NA 
1747519200.0 1364.0 NA 215 393 0 NA NA NA NA NA NA 296 537 0 NA NA NA NA NA NA 181 706 159 NA NA NA NA NA NA 199 730 227 NA NA NA NA NA 
1747519200.0 1365.0 NA 219 397 0 NA NA NA NA NA NA 295 527 0 NA NA NA NA NA NA 194 708 151 NA NA NA NA NA NA 268 722 171 NA NA NA NA NA 
1747519200.0 1366.0 NA 216 394 0 NA NA NA NA NA NA 288 533 0 NA NA NA NA NA NA 219 828 187 NA NA NA NA NA NA 277 1059 211 NA NA NA NA NA 
1747519200.0 137.8 NA 174 488 NA 173 437 0 NA NA NA 242 812 NA 232 720 0 NA NA NA 203 6594 NA 207 6153 161 NA NA NA 302 6917 NA 360 2567 182 NA NA 
1747519200.0 1370.0 61 164 211 398 0 156 NA NA NA 92 264 284 552 0 238 NA NA NA 23 1025 173 689 149 174 NA NA NA 64 510 138 659 169 194 NA NA NA 
1747519200.0 1370.17 61 139 277 469 0 155 NA NA NA 92 218 355 647 0 238 NA NA NA 24 1082 638 751 184 176 NA NA NA 75 519 289 698 205 190 NA NA NA 
1747519200.0 1370.18 61 140 274 470 0 159 NA NA NA 91 217 362 655 0 233 NA NA NA 24 987 592 743 183 181 NA NA NA 53 575 249 731 202 188 NA NA NA 
1747519200.0 138.1 NA 296 147 0 NA NA NA NA NA NA 470 233 0 NA NA NA NA NA NA 603 131 167 NA NA NA NA NA NA 437 177 195 NA NA NA NA NA 
1747519200.0 138.2 NA 297 147 0 NA NA NA NA NA NA 468 231 0 NA NA NA NA NA NA 555 132 145 NA NA NA NA NA NA 383 199 240 NA NA NA NA NA 
1747519200.0 138.3 NA 71 429 0 NA NA NA NA NA NA 119 680 0 NA NA NA NA NA NA 40 19663 177 NA NA NA NA NA NA 242 21972 246 NA NA NA NA NA 
1747519200.0 138.4 NA 392 0 NA NA NA NA NA NA NA 584 0 NA NA NA NA NA NA NA 775 168 NA NA NA NA NA NA NA 761 219 NA NA NA NA NA NA 
1747519200.0 138.5 NA 427 204 0 NA NA NA NA NA NA 636 304 0 NA NA NA NA NA NA 956 182 188 NA NA NA NA NA NA 995 214 231 NA NA NA NA NA 
1747519200.0 139.001 NA 183 432 0 NA NA NA NA NA NA 258 635 0 NA NA NA NA NA NA 129 995 121 NA NA NA NA NA NA 120 924 136 NA NA NA NA NA 
1747519200.0 139.002 NA 178 496 0 NA NA NA NA NA NA 250 689 0 NA NA NA NA NA NA 131 1092 158 NA NA NA NA NA NA 144 946 180 NA NA NA NA NA 
1747519200.0 139.003 NA 179 355 0 NA NA NA NA NA NA 253 497 0 NA NA NA NA NA NA 135 873 76 NA NA NA NA NA NA 126 876 100 NA NA NA NA NA 
1747519200.0 139.004 NA 180 480 0 NA NA NA NA NA NA 257 644 0 NA NA NA NA NA NA 199 1317 146 NA NA NA NA NA NA 169 1304 163 NA NA NA NA NA 
1747519200.0 139.005 NA 127 127 NA NA NA NA NA NA NA 256 253 NA NA NA NA NA NA NA 7845 5944 NA NA NA NA NA NA NA 5986 2132 NA NA NA NA NA NA 
1747519200.0 139901.0 NA 218 398 0 NA NA NA NA NA NA 295 545 0 NA NA NA NA NA NA 175 674 155 NA NA NA NA NA NA 185 687 206 NA NA NA NA NA 
1747519200.0 139902.0 NA 220 405 0 NA NA NA NA NA NA 298 560 0 NA NA NA NA NA NA 186 762 169 NA NA NA NA NA NA 216 793 257 NA NA NA NA NA 
1747519200.0 13992501.0 NA 400 635 0 NA NA NA NA NA NA 531 850 0 NA NA NA NA NA NA 894 1321 162 NA NA NA NA NA NA 613 1097 187 NA NA NA NA NA 
1747519200.0 13992502.0 NA 394 648 0 NA NA NA NA NA NA 531 810 0 NA NA NA NA NA NA 876 1384 168 NA NA NA NA NA NA 582 974 225 NA NA NA NA NA 
1747519200.0 14.0 NA 197 387 0 NA NA NA NA NA NA 283 528 0 NA NA NA NA NA NA 765 1910 181 NA NA NA NA NA NA 332 964 200 NA NA NA NA NA 
1747519200.0 140.0 144 168 258 0 NA NA NA NA NA 228 239 375 0 NA NA NA NA NA 958 119 318 93 NA NA NA NA NA 1161 150 335 115 NA NA NA NA NA 
1747519200.0 140.001 NA 177 440 0 NA NA NA NA NA NA 258 623 0 NA NA NA NA NA NA 136 937 138 NA NA NA NA NA NA 136 785 184 NA NA NA NA NA 
1747519200.0 140.002 NA 179 448 0 NA NA NA NA NA NA 256 626 0 NA NA NA NA NA NA 274 1295 147 NA NA NA NA NA NA 340 1065 202 NA NA NA NA NA 
1747519200.0 140.003 NA 179 479 0 NA NA NA NA NA NA 254 667 0 NA NA NA NA NA NA 146 963 145 NA NA NA NA NA NA 177 923 189 NA NA NA NA NA 
1747519200.0 140.004 NA 0 0 0 NA NA NA NA NA NA 0 0 0 NA NA NA NA NA NA 64 875 215 NA NA NA NA NA NA 105 1039 230 NA NA NA NA NA 
1747519200.0 140.005 NA 180 444 0 NA NA NA NA NA NA 251 630 0 NA NA NA NA NA NA 137 1002 136 NA NA NA NA NA NA 145 846 154 NA NA NA NA NA 
1747519200.0 140.006 NA 0 0 0 NA NA NA NA NA NA 0 0 0 NA NA NA NA NA NA 63 896 219 NA NA NA NA NA NA 97 1030 241 NA NA NA NA NA 
1747519200.0 140.007 NA 166 439 0 NA NA NA NA NA NA 245 620 0 NA NA NA NA NA NA 99 1073 222 NA NA NA NA NA NA 132 1026 246 NA NA NA NA NA 
1747519200.0 140.008 NA 146 422 0 NA NA NA NA NA NA 223 618 0 NA NA NA NA NA NA 71 1002 218 NA NA NA NA NA NA 125 983 242 NA NA NA NA NA 
1747519200.0 140.009 NA 0 0 0 NA NA NA NA NA NA 0 0 0 NA NA NA NA NA NA 62 894 218 NA NA NA NA NA NA 111 902 238 NA NA NA NA NA 
1747519200.0 140.01 NA 179 455 0 NA NA NA NA NA NA 261 653 0 NA NA NA NA NA NA 283 1499 149 NA NA NA NA NA NA 266 986 165 NA NA NA NA NA 
1747519200.0 140.011 NA 0 0 0 NA NA NA NA NA NA 0 0 0 NA NA NA NA NA NA 64 886 216 NA NA NA NA NA NA 115 893 232 NA NA NA NA NA 
1747519200.0 140.021 NA 0 0 0 NA NA NA NA NA NA 0 0 0 NA NA NA NA NA NA 65 889 226 NA NA NA NA NA NA 123 1014 256 NA NA NA NA NA 
1747519200.0 140.022 NA 162 513 0 NA NA NA NA NA NA 250 697 0 NA NA NA NA NA NA 225 4012 144 NA NA NA NA NA NA 172 1503 168 NA NA NA NA NA 
1747519200.0 140.023 NA 177 547 0 NA NA NA NA NA NA 253 752 0 NA NA NA NA NA NA 193 2845 147 NA NA NA NA NA NA 212 1298 169 NA NA NA NA NA 
1747519200.0 140.024 NA 176 515 0 NA NA NA NA NA NA 248 697 0 NA NA NA NA NA NA 223 4776 143 NA NA NA NA NA NA 153 1726 169 NA NA NA NA NA 
1747519200.0 140.025 NA 177 517 0 NA NA NA NA NA NA 254 723 0 NA NA NA NA NA NA 223 4757 145 NA NA NA NA NA NA 208 1760 168 NA NA NA NA NA 
1747519200.0 140.026 NA 176 520 0 NA NA NA NA NA NA 254 719 0 NA NA NA NA NA NA 252 5669 151 NA NA NA NA NA NA 295 2079 175 NA NA NA NA NA 
1747519200.0 140.027 NA 177 510 0 NA NA NA NA NA NA 260 737 0 NA NA NA NA NA NA 208 4501 145 NA NA NA NA NA NA 171 1642 167 NA NA NA NA NA 
1747519200.0 140.028 NA 174 511 0 NA NA NA NA NA NA 251 721 0 NA NA NA NA NA NA 206 4359 141 NA NA NA NA NA NA 174 1627 163 NA NA NA NA NA 
1747519200.0 140.029 NA 176 511 0 NA NA NA NA NA NA 254 720 0 NA NA NA NA NA NA 206 4390 150 NA NA NA NA NA NA 156 1650 186 NA NA NA NA NA 
1747519200.0 140.03 NA 178 520 0 NA NA NA NA NA NA 256 732 0 NA NA NA NA NA NA 221 4085 141 NA NA NA NA NA NA 156 1582 159 NA NA NA NA NA 
1747519200.0 140.031 NA 176 515 0 NA NA NA NA NA NA 248 728 0 NA NA NA NA NA NA 235 4570 143 NA NA NA NA NA NA 185 1661 161 NA NA NA NA NA 
1747519200.0 140.042 NA 176 523 0 NA NA NA NA NA NA 249 711 0 NA NA NA NA NA NA 240 5180 154 NA NA NA NA NA NA 207 1984 196 NA NA NA NA NA 
1747519200.0 140.043 NA 178 554 0 NA NA NA NA NA NA 244 757 0 NA NA NA NA NA NA 178 3272 145 NA NA NA NA NA NA 145 1312 164 NA NA NA NA NA 
1747519200.0 140.044 NA 176 500 0 NA NA NA NA NA NA 256 746 0 NA NA NA NA NA NA 258 6042 148 NA NA NA NA NA NA 236 2871 166 NA NA NA NA NA 
1747519200.0 140.045 NA 176 526 0 NA NA NA NA NA NA 252 749 0 NA NA NA NA NA NA 245 6158 143 NA NA NA NA NA NA 207 2292 162 NA NA NA NA NA 
1747519200.0 140.046 NA 173 533 0 NA NA NA NA NA NA 255 780 0 NA NA NA NA NA NA 291 6923 149 NA NA NA NA NA NA 259 2378 173 NA NA NA NA NA 
1747519200.0 140.047 NA 173 534 0 NA NA NA NA NA NA 250 754 0 NA NA NA NA NA NA 243 6049 144 NA NA NA NA NA NA 266 2115 170 NA NA NA NA NA 
1747519200.0 140.048 NA 173 528 0 NA NA NA NA NA NA 242 748 0 NA NA NA NA NA NA 228 5380 144 NA NA NA NA NA NA 235 2006 166 NA NA NA NA NA 
1747519200.0 140.049 NA 175 521 0 NA NA NA NA NA NA 250 749 0 NA NA NA NA NA NA 244 5792 153 NA NA NA NA NA NA 217 2176 217 NA NA NA NA NA 
1747519200.0 140.05 NA 176 519 0 NA NA NA NA NA NA 251 717 0 NA NA NA NA NA NA 245 5234 146 NA NA NA NA NA NA 235 2029 202 NA NA NA NA NA 
1747519200.0 140.051 NA 176 513 0 NA NA NA NA NA NA 252 730 0 NA NA NA NA NA NA 262 5373 143 NA NA NA NA NA NA 228 2008 174 NA NA NA NA NA 
1747519200.0 140.062 NA 173 530 0 NA NA NA NA NA NA 246 757 0 NA NA NA NA NA NA 292 6523 150 NA NA NA NA NA NA 477 2394 174 NA NA NA NA NA 
1747519200.0 140.063 NA 174 539 0 NA NA NA NA NA NA 242 758 0 NA NA NA NA NA NA 205 4183 145 NA NA NA NA NA NA 196 1618 171 NA NA NA NA NA 
1747519200.0 140.064 NA 175 526 0 NA NA NA NA NA NA 248 761 0 NA NA NA NA NA NA 274 6379 142 NA NA NA NA NA NA 221 2337 161 NA NA NA NA NA 
1747519200.0 140.065 NA 175 536 0 NA NA NA NA NA NA 249 752 0 NA NA NA NA NA NA 297 6898 150 NA NA NA NA NA NA 329 2396 192 NA NA NA NA NA 
1747519200.0 140.065505 NA 173 166 0 NA NA NA NA NA NA 242 287 0 NA NA NA NA NA NA 316 467 77 NA NA NA NA NA NA 336 341 104 NA NA NA NA NA 
1747519200.0 140.065511 NA 174 121 0 NA NA NA NA NA NA 249 197 0 NA NA NA NA NA NA 321 278 83 NA NA NA NA NA NA 274 284 112 NA NA NA NA NA 
1747519200.0 140.065521 NA 174 124 0 NA NA NA NA NA NA 246 190 0 NA NA NA NA NA NA 326 335 80 NA NA NA NA NA NA 275 305 107 NA NA NA NA NA 
1747519200.0 140.066 NA 174 546 0 NA NA NA NA NA NA 247 784 0 NA NA NA NA NA NA 302 8424 154 NA NA NA NA NA NA 463 3108 201 NA NA NA NA NA 
1747519200.0 140.067 NA 173 532 0 NA NA NA NA NA NA 248 736 0 NA NA NA NA NA NA 260 6344 141 NA NA NA NA NA NA 214 2302 157 NA NA NA NA NA 
1747519200.0 140.068 NA 174 532 0 NA NA NA NA NA NA 252 734 0 NA NA NA NA NA NA 290 6706 151 NA NA NA NA NA NA 464 2600 204 NA NA NA NA NA 
1747519200.0 140.069 NA 175 526 0 NA NA NA NA NA NA 253 744 0 NA NA NA NA NA NA 281 6102 141 NA NA NA NA NA NA 244 2183 159 NA NA NA NA NA 
1747519200.0 140.071 NA 180 509 0 NA NA NA NA NA NA 255 710 0 NA NA NA NA NA NA 223 3738 140 NA NA NA NA NA NA 173 1468 156 NA NA NA NA NA 
1747519200.0 140.072 NA 177 549 0 NA NA NA NA NA NA 242 756 0 NA NA NA NA NA NA 184 2769 148 NA NA NA NA NA NA 180 1255 192 NA NA NA NA NA 
1747519200.0 140.073 NA 176 505 0 NA NA NA NA NA NA 252 700 0 NA NA NA NA NA NA 221 4194 141 NA NA NA NA NA NA 199 1753 164 NA NA NA NA NA 
1747519200.0 140.074 NA 175 517 0 NA NA NA NA NA NA 248 726 0 NA NA NA NA NA NA 216 4287 145 NA NA NA NA NA NA 229 1601 176 NA NA NA NA NA 
1747519200.0 140.075 NA 176 503 0 NA NA NA NA NA NA 256 713 0 NA NA NA NA NA NA 225 4462 149 NA NA NA NA NA NA 191 1709 200 NA NA NA NA NA 
1747519200.0 140.076 NA 177 514 0 NA NA NA NA NA NA 254 720 0 NA NA NA NA NA NA 207 3945 142 NA NA NA NA NA NA 232 1576 177 NA NA NA NA NA 
1747519200.0 140.077 NA 176 508 0 NA NA NA NA NA NA 248 687 0 NA NA NA NA NA NA 198 3663 142 NA NA NA NA NA NA 146 1440 167 NA NA NA NA NA 
1747519200.0 140.078 NA 177 510 0 NA NA NA NA NA NA 262 687 0 NA NA NA NA NA NA 221 3948 142 NA NA NA NA NA NA 151 1520 180 NA NA NA NA NA 
1747519200.0 140.101 NA 175 600 0 NA NA NA NA NA NA 249 842 0 NA NA NA NA NA NA 206 4334 149 NA NA NA NA NA NA 164 1785 163 NA NA NA NA NA 
1747519200.0 140.102 NA 173 532 0 NA NA NA NA NA NA 253 843 0 NA NA NA NA NA NA 339 8085 174 NA NA NA NA NA NA 488 4321 203 NA NA NA NA NA 
1747519200.0 140.103 NA 174 584 0 NA NA NA NA NA NA 246 854 0 NA NA NA NA NA NA 274 6972 147 NA NA NA NA NA NA 323 2488 184 NA NA NA NA NA 
1747519200.0 140.104 NA 171 576 0 NA NA NA NA NA NA 254 904 0 NA NA NA NA NA NA 394 9978 175 NA NA NA NA NA NA 732 7437 231 NA NA NA NA NA 
1747519200.0 140.105 NA 172 600 0 NA NA NA NA NA NA 249 864 0 NA NA NA NA NA NA 289 6593 150 NA NA NA NA NA NA 316 2340 170 NA NA NA NA NA 
1747519200.0 140.106 NA 175 570 0 NA NA NA NA NA NA 256 813 0 NA NA NA NA NA NA 283 6656 152 NA NA NA NA NA NA 311 2467 174 NA NA NA NA NA 
1747519200.0 140.107 NA 174 572 0 NA NA NA NA NA NA 246 842 0 NA NA NA NA NA NA 299 6610 146 NA NA NA NA NA NA 344 2438 164 NA NA NA NA NA 
1747519200.0 140.108 NA 174 566 0 NA NA NA NA NA NA 246 801 0 NA NA NA NA NA NA 299 6231 152 NA NA NA NA NA NA 315 2319 194 NA NA NA NA NA 
1747519200.0 140.109 NA 178 532 0 NA NA NA NA NA NA 261 788 0 NA NA NA NA NA NA 211 2788 139 NA NA NA NA NA NA 150 1292 156 NA NA NA NA NA 
1747519200.0 140.11 NA 172 559 0 NA NA NA NA NA NA 249 794 0 NA NA NA NA NA NA 296 6084 149 NA NA NA NA NA NA 277 2253 169 NA NA NA NA NA 
1747519200.0 140.111 NA 173 560 0 NA NA NA NA NA NA 253 784 0 NA NA NA NA NA NA 291 6400 153 NA NA NA NA NA NA 295 2430 248 NA NA NA NA NA 
1747519200.0 140.112 NA 173 558 0 NA NA NA NA NA NA 256 798 0 NA NA NA NA NA NA 308 6560 150 NA NA NA NA NA NA 359 2470 214 NA NA NA NA NA 
1747519200.0 140.113 NA 0 0 0 NA NA NA NA NA NA 0 0 0 NA NA NA NA NA NA 71 913 394 NA NA NA NA NA NA 156 1288 463 NA NA NA NA NA 
1747519200.0 140.201 NA 242 NA NA NA NA NA NA NA NA 323 NA NA NA NA NA NA NA NA 817 NA NA NA NA NA NA NA NA 464 NA NA NA NA NA NA NA 
1747519200.0 140.202 NA 263 NA NA NA NA NA NA NA NA 344 NA NA NA NA NA NA NA NA 1092 NA NA NA NA NA NA NA NA 776 NA NA NA NA NA NA NA 
1747519200.0 140.51 NA 95 266 0 NA NA NA NA NA NA 153 379 0 NA NA NA NA NA NA 223 765 121 NA NA NA NA NA NA 317 581 163 NA NA NA NA NA 
1747519200.0 140.52 NA 307 269 0 NA NA NA NA NA NA 450 390 0 NA NA NA NA NA NA 822 694 119 NA NA NA NA NA NA 717 562 140 NA NA NA NA NA 
1747519200.0 140.53 NA 368 0 NA NA NA NA NA NA NA 509 0 NA NA NA NA NA NA NA 1411 128 NA NA NA NA NA NA NA 690 179 NA NA NA NA NA NA 
1747519200.0 140.54 NA 379 0 NA NA NA NA NA NA NA 623 0 NA NA NA NA NA NA NA 1128 147 NA NA NA NA NA NA NA 920 219 NA NA NA NA NA NA 
1747519200.0 140.55 NA 132 104 480 0 NA NA NA NA NA 243 198 690 0 NA NA NA NA NA 2866 4541 5836 131 NA NA NA NA NA 4503 8096 2124 193 NA NA NA NA 
1747519200.0 140.56 NA 735 0 NA NA NA NA NA NA NA 1187 0 NA NA NA NA NA NA NA 5758 154 NA NA NA NA NA NA NA 2415 267 NA NA NA NA NA NA 
1747519200.0 140.5611 NA 244 0 NA NA NA NA NA NA NA 328 0 NA NA NA NA NA NA NA 1247 80 NA NA NA NA NA NA NA 712 121 NA NA NA NA NA NA 
1747519200.0 140.57 NA 551 0 NA NA NA NA NA NA NA 770 0 NA NA NA NA NA NA NA 1248 210 NA NA NA NA NA NA NA 1046 262 NA NA NA NA NA NA 
1747519200.0 140.58 NA 96 887 0 NA NA NA NA NA NA 156 1283 0 NA NA NA NA NA NA 52 4231 145 NA NA NA NA NA NA 81 1501 190 NA NA NA NA NA 
1747519200.0 140.6 NA 414 0 NA NA NA NA NA NA NA 586 0 NA NA NA NA NA NA NA 969 155 NA NA NA NA NA NA NA 693 205 NA NA NA NA NA NA 
1747519200.0 140.61 NA 416 0 NA NA NA NA NA NA NA 588 0 NA NA NA NA NA NA NA 963 163 NA NA NA NA NA NA NA 666 256 NA NA NA NA NA NA 
1747519200.0 14034.0 84 565 0 NA NA NA NA NA NA 138 742 0 NA NA NA NA NA NA 90 1102 137 NA NA NA NA NA NA 104 970 190 NA NA NA NA NA NA 
1747519200.0 14040.303 222 NA NA NA NA NA NA NA NA 323 NA NA NA NA NA NA NA NA 1618 NA NA NA NA NA NA NA NA 945 NA NA NA NA NA NA NA NA 
1747519200.0 141.001 NA 378 630 0 NA NA NA NA NA NA 541 837 0 NA NA NA NA NA NA 1489 7220 184 NA NA NA NA NA NA 1506 2686 269 NA NA NA NA NA 
1747519200.0 141.002 NA 383 633 0 NA NA NA NA NA NA 519 860 0 NA NA NA NA NA NA 834 3812 169 NA NA NA NA NA NA 476 1645 192 NA NA NA NA NA 
1747519200.0 141.003 NA 385 632 0 NA NA NA NA NA NA 538 870 0 NA NA NA NA NA NA 1444 6636 180 NA NA NA NA NA NA 1453 2496 224 NA NA NA NA NA 
1747519200.0 141.004 NA 373 568 0 NA NA NA NA NA NA 508 765 0 NA NA NA NA NA NA 618 2064 178 NA NA NA NA NA NA 538 1837 275 NA NA NA NA NA 
1747519200.0 141.005 NA 375 571 0 NA NA NA NA NA NA 505 826 0 NA NA NA NA NA NA 941 3893 177 NA NA NA NA NA NA 591 1695 199 NA NA NA NA NA 
1747519200.0 141.006 NA 325 599 0 NA NA NA NA NA NA 498 814 0 NA NA NA NA NA NA 924 4266 175 NA NA NA NA NA NA 848 1927 203 NA NA NA NA NA 
1747519200.0 141.007 NA 381 616 0 NA NA NA NA NA NA 516 803 0 NA NA NA NA NA NA 1116 4774 192 NA NA NA NA NA NA 885 1991 215 NA NA NA NA NA 
1747519200.0 141.008 NA 393 619 0 NA NA NA NA NA NA 542 878 0 NA NA NA NA NA NA 1581 9393 211 NA NA NA NA NA NA 1230 4602 256 NA NA NA NA NA 
1747519200.0 141.009 NA 0 0 0 NA NA NA NA NA NA 0 0 0 NA NA NA NA NA NA 459 2606 572 NA NA NA NA NA NA 903 4753 671 NA NA NA NA NA 
1747519200.0 141.01 NA 392 633 0 NA NA NA NA NA NA 550 875 0 NA NA NA NA NA NA 1383 7877 177 NA NA NA NA NA NA 1736 2989 199 NA NA NA NA NA 
1747519200.0 141.011 NA 379 623 0 NA NA NA NA NA NA 569 879 0 NA NA NA NA NA NA 1373 6726 187 NA NA NA NA NA NA 1411 2608 271 NA NA NA NA NA 
1747519200.0 141.012 NA 382 607 0 NA NA NA NA NA NA 505 835 0 NA NA NA NA NA NA 1100 4741 174 NA NA NA NA NA NA 751 1947 195 NA NA NA NA NA 
1747519200.0 141.013 NA 387 630 0 NA NA NA NA NA NA 558 879 0 NA NA NA NA NA NA 1705 7932 212 NA NA NA NA NA NA 1603 3026 282 NA NA NA NA NA 
1747519200.0 141.031 NA 386 638 0 NA NA NA NA NA NA 535 870 0 NA NA NA NA NA NA 1466 7764 176 NA NA NA NA NA NA 1544 2917 196 NA NA NA NA NA 
1747519200.0 141.032 NA 380 646 0 NA NA NA NA NA NA 504 865 0 NA NA NA NA NA NA 998 4920 175 NA NA NA NA NA NA 685 1995 195 NA NA NA NA NA 
1747519200.0 141.033 NA 390 627 0 NA NA NA NA NA NA 542 888 0 NA NA NA NA NA NA 1915 9027 199 NA NA NA NA NA NA 1761 3517 256 NA NA NA NA NA 
1747519200.0 141.034 NA 384 636 0 NA NA NA NA NA NA 542 894 0 NA NA NA NA NA NA 1695 9820 228 NA NA NA NA NA NA 1481 3813 279 NA NA NA NA NA 
1747519200.0 141.035 NA 395 638 0 NA NA NA NA NA NA 566 873 0 NA NA NA NA NA NA 1571 8864 183 NA NA NA NA NA NA 1697 3573 210 NA NA NA NA NA 
1747519200.0 141.036 NA 377 575 0 NA NA NA NA NA NA 505 749 0 NA NA NA NA NA NA 737 2642 165 NA NA NA NA NA NA 438 1342 190 NA NA NA NA NA 
1747519200.0 141.037 NA 388 634 0 NA NA NA NA NA NA 548 869 0 NA NA NA NA NA NA 1328 6714 185 NA NA NA NA NA NA 1392 2569 320 NA NA NA NA NA 
1747519200.0 141.038 NA 394 630 0 NA NA NA NA NA NA 551 894 0 NA NA NA NA NA NA 1841 9089 232 NA NA NA NA NA NA 1799 3819 268 NA NA NA NA NA 
1747519200.0 141.039 NA 376 641 0 NA NA NA NA NA NA 529 888 0 NA NA NA NA NA NA 1790 8949 224 NA NA NA NA NA NA 1641 3521 259 NA NA NA NA NA 
1747519200.0 141.041 NA 398 630 0 NA NA NA NA NA NA 536 918 0 NA NA NA NA NA NA 1923 12157 206 NA NA NA NA NA NA 1656 6200 238 NA NA NA NA NA 
1747519200.0 141.042 NA 376 659 0 NA NA NA NA NA NA 512 879 0 NA NA NA NA NA NA 1103 6322 175 NA NA NA NA NA NA 1127 2445 233 NA NA NA NA NA 
1747519200.0 141.043 NA 397 611 0 NA NA NA NA NA NA 590 921 0 NA NA NA NA NA NA 2193 14586 217 NA NA NA NA NA NA 1741 12570 255 NA NA NA NA NA 
1747519200.0 141.044 NA 401 668 0 NA NA NA NA NA NA 568 913 0 NA NA NA NA NA NA 1738 11808 257 NA NA NA NA NA NA 1546 4646 305 NA NA NA NA NA 
1747519200.0 141.045 NA 437 613 0 NA NA NA NA NA NA 603 961 0 NA NA NA NA NA NA 2587 16396 202 NA NA NA NA NA NA 1889 14291 235 NA NA NA NA NA 
1747519200.0 141.046 NA 416 625 0 NA NA NA NA NA NA 587 879 0 NA NA NA NA NA NA 1865 12435 207 NA NA NA NA NA NA 1557 11339 253 NA NA NA NA NA 
1747519200.0 141.047 NA 399 614 0 NA NA NA NA NA NA 563 920 0 NA NA NA NA NA NA 1908 13642 209 NA NA NA NA NA NA 1592 12066 240 NA NA NA NA NA 
1747519200.0 141.048 NA 405 619 0 NA NA NA NA NA NA 591 929 0 NA NA NA NA NA NA 2193 13646 215 NA NA NA NA NA NA 1665 12165 273 NA NA NA NA NA 
1747519200.0 141.049 NA 370 632 0 NA NA NA NA NA NA 523 898 0 NA NA NA NA NA NA 1639 7738 182 NA NA NA NA NA NA 1705 2845 242 NA NA NA NA NA 
1747519200.0 141.101 NA 380 675 0 NA NA NA NA NA NA 522 917 0 NA NA NA NA NA NA 1010 5230 173 NA NA NA NA NA NA 873 2290 197 NA NA NA NA NA 
1747519200.0 141.102 NA 389 657 0 NA NA NA NA NA NA 552 936 0 NA NA NA NA NA NA 1802 9554 198 NA NA NA NA NA NA 1340 3798 252 NA NA NA NA NA 
1747519200.0 141.103 NA 394 694 0 NA NA NA NA NA NA 545 979 0 NA NA NA NA NA NA 1732 9966 225 NA NA NA NA NA NA 1481 5000 261 NA NA NA NA NA 
1747519200.0 141.104 NA 391 652 0 NA NA NA NA NA NA 543 1206 0 NA NA NA NA NA NA 1938 11182 199 NA NA NA NA NA NA 1604 11718 296 NA NA NA NA NA 
1747519200.0 141.105 NA 382 663 0 NA NA NA NA NA NA 514 906 0 NA NA NA NA NA NA 784 3032 169 NA NA NA NA NA NA 602 2121 188 NA NA NA NA NA 
1747519200.0 141.106 NA 405 650 0 NA NA NA NA NA NA 562 949 0 NA NA NA NA NA NA 1421 8036 207 NA NA NA NA NA NA 900 4041 278 NA NA NA NA NA 
1747519200.0 141.107 NA 387 756 0 NA NA NA NA NA NA 531 1090 0 NA NA NA NA NA NA 1688 9193 203 NA NA NA NA NA NA 1361 3591 263 NA NA NA NA NA 
1747519200.0 141.108 NA 389 662 0 NA NA NA NA NA NA 535 937 0 NA NA NA NA NA NA 1834 9211 224 NA NA NA NA NA NA 1713 3734 295 NA NA NA NA NA 
1747519200.0 141.109 NA 387 681 0 NA NA NA NA NA NA 532 931 0 NA NA NA NA NA NA 992 4657 174 NA NA NA NA NA NA 765 2082 195 NA NA NA NA NA 
1747519200.0 141.11 NA 391 672 0 NA NA NA NA NA NA 538 937 0 NA NA NA NA NA NA 1725 10645 216 NA NA NA NA NA NA 1478 4293 265 NA NA NA NA NA 
1747519200.0 141.111 NA 382 668 0 NA NA NA NA NA NA 550 944 0 NA NA NA NA NA NA 1480 9519 217 NA NA NA NA NA NA 1422 3868 288 NA NA NA NA NA 
1747519200.0 141.112 NA 390 676 0 NA NA NA NA NA NA 564 952 0 NA NA NA NA NA NA 1646 9716 211 NA NA NA NA NA NA 1576 3870 298 NA NA NA NA NA 
1747519200.0 141.113 NA 0 0 0 NA NA NA NA NA NA 0 0 0 NA NA NA NA NA NA 351 627 272 NA NA NA NA NA NA 482 749 311 NA NA NA NA NA 
1747519200.0 141.114 NA 375 665 0 NA NA NA NA NA NA 541 972 0 NA NA NA NA NA NA 1686 9333 212 NA NA NA NA NA NA 1369 5164 255 NA NA NA NA NA 
1747519200.0 14234.0 84 761 0 NA NA NA NA NA NA 138 1005 0 NA NA NA NA NA NA 77 2786 125 NA NA NA NA NA NA 120 1465 143 NA NA NA NA NA NA 
1747519200.0 144.6 NA 365 NA NA NA NA NA NA NA NA 489 NA NA NA NA NA NA NA NA 1476 NA NA NA NA NA NA NA NA 1452 NA NA NA NA NA NA NA 
1747519200.0 145.0 139 164 256 0 NA NA NA NA NA 217 237 363 0 NA NA NA NA NA 824 116 318 92 NA NA NA NA NA 965 154 382 112 NA NA NA NA NA 
1747519200.0 148.0 168 349 550 0 NA NA NA NA NA 320 482 777 0 NA NA NA NA NA 7488 788 7545 184 NA NA NA NA NA 14606 992 4098 201 NA NA NA NA NA 
1747519200.0 149.0 134 248 445 0 NA NA NA NA NA 211 325 625 0 NA NA NA NA NA 461 341 667 179 NA NA NA NA NA 549 292 685 228 NA NA NA NA NA 
1747519200.0 15.0 NA 169 342 0 NA NA NA NA NA NA 248 464 0 NA NA NA NA NA NA 684 998 191 NA NA NA NA NA NA 311 834 266 NA NA NA NA NA 
1747519200.0 150.0 138 214 349 0 NA NA NA NA NA 212 295 513 0 NA NA NA NA NA 944 144 358 113 NA NA NA NA NA 1069 160 364 131 NA NA NA NA NA 
1747519200.0 158.0 134 210 458 121 0 NA NA NA NA 207 286 634 179 0 NA NA NA NA 980 156 685 130 198 NA NA NA NA 1969 228 711 194 218 NA NA NA NA 
1747519200.0 158.01 NA 210 0 NA NA NA NA NA NA NA 280 0 NA NA NA NA NA NA NA 965 84 NA NA NA NA NA NA NA 744 125 NA NA NA NA NA NA 
1747519200.0 158.1 NA 216 451 0 NA NA NA NA NA NA 303 621 0 NA NA NA NA NA NA 172 814 227 NA NA NA NA NA NA 261 935 248 NA NA NA NA NA 
1747519200.0 158.2 NA 213 451 0 NA NA NA NA NA NA 301 633 0 NA NA NA NA NA NA 142 660 191 NA NA NA NA NA NA 264 779 219 NA NA NA NA NA 
1747519200.0 158.3 NA 217 453 0 NA NA NA NA NA NA 299 631 0 NA NA NA NA NA NA 139 670 204 NA NA NA NA NA NA 199 709 292 NA NA NA NA NA 
1747519200.0 158.5 121 195 444 121 0 NA NA NA NA 196 262 650 178 0 NA NA NA NA 589 166 782 162 214 NA NA NA NA 1367 285 1327 303 249 NA NA NA NA 
1747519200.0 159.0 141 209 438 121 0 NA NA NA NA 228 282 627 188 0 NA NA NA NA 1008 137 590 105 189 NA NA NA NA 1774 196 945 169 221 NA NA NA NA 
1747519200.0 159.01 NA 204 0 NA NA NA NA NA NA NA 284 0 NA NA NA NA NA NA NA 775 82 NA NA NA NA NA NA NA 728 118 NA NA NA NA NA NA 
1747519200.0 159.02 148 216 107 441 125 0 NA NA NA 224 291 152 623 188 0 NA NA NA 1124 141 52 604 104 196 NA NA NA 2272 181 99 705 132 304 NA NA NA 
1747519200.0 159.03 133 197 95 267 180 NA NA NA NA 207 271 132 408 257 NA NA NA NA 551 111 44 225 177 NA NA NA NA 826 125 62 287 203 NA NA NA NA 
1747519200.0 159.1 139 207 433 0 NA NA NA NA NA 227 292 591 0 NA NA NA NA NA 562 128 533 184 NA NA NA NA NA 700 130 616 218 NA NA NA NA NA 
1747519200.0 159.2 142 212 434 0 NA NA NA NA NA 215 282 606 0 NA NA NA NA NA 570 122 510 178 NA NA NA NA NA 541 109 495 224 NA NA NA NA NA 
1747519200.0 159.3 140 211 419 0 NA NA NA NA NA 223 283 599 0 NA NA NA NA NA 492 119 526 181 NA NA NA NA NA 499 99 581 229 NA NA NA NA NA 
1747519200.0 159.4 141 211 429 0 NA NA NA NA NA 214 276 604 0 NA NA NA NA NA 545 122 532 176 NA NA NA NA NA 480 104 607 194 NA NA NA NA NA 
1747519200.0 16.0 NA 184 362 0 NA NA NA NA NA NA 257 501 0 NA NA NA NA NA NA 626 996 163 NA NA NA NA NA NA 297 772 180 NA NA NA NA NA 
1747519200.0 17.0 NA 181 350 0 NA NA NA NA NA NA 252 512 0 NA NA NA NA NA NA 608 906 159 NA NA NA NA NA NA 293 760 179 NA NA NA NA NA 
1747519200.0 18.0 NA 169 344 0 NA NA NA NA NA NA 240 471 0 NA NA NA NA NA NA 607 790 159 NA NA NA NA NA NA 280 668 181 NA NA NA NA NA 
1747519200.0 19.0 NA 169 344 0 NA NA NA NA NA NA 241 459 0 NA NA NA NA NA NA 610 853 161 NA NA NA NA NA NA 273 697 187 NA NA NA NA NA 
1747519200.0 2.0 163 169 288 NA NA NA NA NA NA 268 234 401 NA NA NA NA NA NA 1331 266 625 NA NA NA NA NA NA 598 228 538 NA NA NA NA NA NA 
1747519200.0 20.0 NA 168 346 0 NA NA NA NA NA NA 236 485 0 NA NA NA NA NA NA 621 940 178 NA NA NA NA NA NA 299 715 206 NA NA NA NA NA 
1747519200.0 200.0 NA 230 416 0 NA NA NA NA NA NA 339 555 0 NA NA NA NA NA NA 327 928 166 NA NA NA NA NA NA 447 1082 183 NA NA NA NA NA 
1747519200.0 20034.0 139 469 511 0 191 NA NA NA NA 246 590 679 0 271 NA NA NA NA 3497 1054 1475 270 581 NA NA NA NA 3684 1304 1936 325 805 NA NA NA NA 
1747519200.0 2017.1 477 0 198 153 NA NA NA NA NA 598 0 258 231 NA NA NA NA NA 470 124 266 185 NA NA NA NA NA 462 154 267 220 NA NA NA NA NA 
1747519200.0 2017.11 483 0 190 154 NA NA NA NA NA 626 0 258 230 NA NA NA NA NA 609 131 356 213 NA NA NA NA NA 607 179 445 258 NA NA NA NA NA 
1747519200.0 2017.12 473 0 191 151 NA NA NA NA NA 601 0 263 219 NA NA NA NA NA 430 119 262 175 NA NA NA NA NA 417 210 298 190 NA NA NA NA NA 
1747519200.0 2017.13 491 0 NA NA NA NA NA NA NA 622 0 NA NA NA NA NA NA NA 559 191 NA NA NA NA NA NA NA 476 229 NA NA NA NA NA NA NA 
1747519200.0 2017.2 398 0 190 148 NA NA NA NA NA 514 0 257 228 NA NA NA NA NA 389 107 243 170 NA NA NA NA NA 537 136 257 242 NA NA NA NA NA 
1747519200.0 2017.3 400 0 187 149 NA NA NA NA NA 506 0 269 230 NA NA NA NA NA 446 125 318 201 NA NA NA NA NA 536 223 365 250 NA NA NA NA NA 
1747519200.0 2017.4 475 0 193 153 NA NA NA NA NA 632 0 259 230 NA NA NA NA NA 502 140 328 191 NA NA NA NA NA 514 273 525 228 NA NA NA NA NA 
1747519200.0 2017.5 457 0 188 152 NA NA NA NA NA 585 0 263 232 NA NA NA NA NA 447 133 346 209 NA NA NA NA NA 460 212 483 239 NA NA NA NA NA 
1747519200.0 2017.6 444 0 195 152 NA NA NA NA NA 615 0 261 232 NA NA NA NA NA 568 164 325 188 NA NA NA NA NA 694 230 416 222 NA NA NA NA NA 
1747519200.0 2017.7 473 0 188 151 NA NA NA NA NA 594 0 273 233 NA NA NA NA NA 468 135 310 199 NA NA NA NA NA 605 181 348 248 NA NA NA NA NA 
1747519200.0 2017.8 214 NA NA NA NA NA NA NA NA 302 NA NA NA NA NA NA NA NA 397 NA NA NA NA NA NA NA NA 245 NA NA NA NA NA NA NA NA 
1747519200.0 2017.9 480 0 185 150 NA NA NA NA NA 597 0 263 228 NA NA NA NA NA 509 144 357 215 NA NA NA NA NA 531 261 491 256 NA NA NA NA NA 
1747519200.0 2018.1 477 0 191 156 NA NA NA NA NA 605 0 270 232 NA NA NA NA NA 473 116 263 186 NA NA NA NA NA 606 145 294 200 NA NA NA NA NA 
1747519200.0 2018.11 475 0 192 154 NA NA NA NA NA 645 0 268 236 NA NA NA NA NA 552 118 309 185 NA NA NA NA NA 604 153 314 244 NA NA NA NA NA 
1747519200.0 2018.12 471 0 178 154 NA NA NA NA NA 602 0 262 232 NA NA NA NA NA 467 120 264 186 NA NA NA NA NA 544 167 310 225 NA NA NA NA NA 
1747519200.0 2018.13 491 0 NA NA NA NA NA NA NA 612 0 NA NA NA NA NA NA NA 506 203 NA NA NA NA NA NA NA 475 247 NA NA NA NA NA NA NA 
1747519200.0 2018.2 396 0 181 153 NA NA NA NA NA 504 0 251 234 NA NA NA NA NA 443 139 349 214 NA NA NA NA NA 540 235 473 258 NA NA NA NA NA 
1747519200.0 2018.3 400 0 191 152 NA NA NA NA NA 522 0 261 229 NA NA NA NA NA 460 136 300 192 NA NA NA NA NA 577 204 349 244 NA NA NA NA NA 
1747519200.0 2018.4 473 0 190 154 NA NA NA NA NA 607 0 255 229 NA NA NA NA NA 520 136 330 213 NA NA NA NA NA 637 205 411 229 NA NA NA NA NA 
1747519200.0 2018.5 439 0 184 154 NA NA NA NA NA 608 0 256 233 NA NA NA NA NA 436 116 251 178 NA NA NA NA NA 537 199 271 187 NA NA NA NA NA 
1747519200.0 2018.6 474 0 186 156 NA NA NA NA NA 596 0 263 230 NA NA NA NA NA 520 130 342 202 NA NA NA NA NA 926 189 412 237 NA NA NA NA NA 
1747519200.0 2018.7 435 0 197 155 NA NA NA NA NA 628 0 270 233 NA NA NA NA NA 447 114 257 181 NA NA NA NA NA 625 161 276 201 NA NA NA NA NA 
1747519200.0 2018.8 211 NA NA NA NA NA NA NA NA 296 NA NA NA NA NA NA NA NA 434 NA NA NA NA NA NA NA NA 266 NA NA NA NA NA NA NA NA 
1747519200.0 2018.9 472 0 185 153 NA NA NA NA NA 602 0 259 221 NA NA NA NA NA 480 124 312 195 NA NA NA NA NA 575 194 380 231 NA NA NA NA NA 
1747519200.0 202.0 NA 235 442 0 NA NA NA NA NA NA 357 569 0 NA NA NA NA NA NA 318 961 172 NA NA NA NA NA NA 339 817 222 NA NA NA NA NA 
1747519200.0 203.0 NA 244 437 0 NA NA NA NA NA NA 349 564 0 NA NA NA NA NA NA 351 983 171 NA NA NA NA NA NA 408 1076 190 NA NA NA NA NA 
1747519200.0 204.0 159 246 443 0 NA NA NA NA NA 266 341 580 0 NA NA NA NA NA 849 316 919 165 NA NA NA NA NA 490 334 800 181 NA NA NA NA NA 
1747519200.0 205.0 NA 253 428 0 NA NA NA NA NA NA 337 594 0 NA NA NA NA NA NA 341 934 166 NA NA NA NA NA NA 322 994 220 NA NA NA NA NA 
1747519200.0 20834.0 NA 549 531 0 195 NA NA NA NA NA 688 708 0 275 NA NA NA NA NA 1145 1556 267 628 NA NA NA NA NA 1487 2082 326 654 NA NA NA NA 
1747519200.0 20834.103 NA 551 503 0 196 NA NA NA NA NA 710 684 0 280 NA NA NA NA NA 2072 1563 320 623 NA NA NA NA NA 2449 1822 385 664 NA NA NA NA 
1747519200.0 20834.21 NA 370 305 233 NA NA NA NA NA NA 578 437 307 NA NA NA NA NA NA 834 703 608 NA NA NA NA NA NA 590 573 526 NA NA NA NA NA 
1747519200.0 20834.5 NA 547 145 0 NA NA NA NA NA NA 710 298 0 NA NA NA NA NA NA 949 526 79 NA NA NA NA NA NA 657 496 107 NA NA NA NA NA 
1747519200.0 20834.501 NA 529 213 0 NA NA NA NA NA NA 687 527 0 NA NA NA NA NA NA 1011 541 96 NA NA NA NA NA NA 862 545 159 NA NA NA NA NA 
1747519200.0 20834.502 NA 547 227 0 NA NA NA NA NA NA 691 516 0 NA NA NA NA NA NA 952 519 88 NA NA NA NA NA NA 750 493 110 NA NA NA NA NA 
1747519200.0 20834.75 NA 495 528 384 0 196 NA NA NA NA 673 708 515 0 272 NA NA NA NA 1134 1611 816 253 630 NA NA NA NA 1948 2807 1100 299 682 NA NA NA 
1747519200.0 20834.76 NA 552 519 0 195 NA NA NA NA NA 689 685 0 276 NA NA NA NA NA 1133 1632 266 625 NA NA NA NA NA 1701 2913 430 753 NA NA NA NA 
1747519200.0 20834.9 NA 550 533 0 189 NA NA NA NA NA 664 703 0 272 NA NA NA NA NA 1154 1519 274 658 NA NA NA NA NA 1647 1941 418 669 NA NA NA NA 
1747519200.0 20834.911 182 501 507 0 193 NA NA NA NA 272 677 685 0 275 NA NA NA NA 5702 2792 3006 764 624 NA NA NA NA 5218 5132 3961 1883 870 NA NA NA NA 
1747519200.0 20896.0 NA 512 469 0 182 NA NA NA NA NA 638 614 0 260 NA NA NA NA NA 951 1119 211 258 NA NA NA NA NA 1085 1406 252 305 NA NA NA NA 
1747519200.0 20900.0 NA 512 473 0 183 NA NA NA NA NA 645 622 0 263 NA NA NA NA NA 939 1203 208 251 NA NA NA NA NA 1101 1502 227 282 NA NA NA NA 
1747519200.0 21.0 NA 168 345 0 NA NA NA NA NA NA 243 466 0 NA NA NA NA NA NA 635 1002 175 NA NA NA NA NA NA 289 777 215 NA NA NA NA NA 
1747519200.0 21034.114 NA 1374 1885 0 NA NA NA NA NA NA 1777 2757 0 NA NA NA NA NA NA 7042 9253 285 NA NA NA NA NA NA 5403 3958 310 NA NA NA NA NA 
1747519200.0 21034.21 NA 705 675 295 NA NA NA NA NA NA 1133 1015 384 NA NA NA NA NA NA 5768 4300 1014 NA NA NA NA NA NA 5392 1791 669 NA NA NA NA NA 
1747519200.0 21034.99 NA 977 1272 1096 0 NA NA NA NA NA 1342 1855 1582 0 NA NA NA NA NA 4543 2947 7530 332 NA NA NA NA NA 4242 2941 2912 385 NA NA NA NA 
1747519200.0 21034.9921 NA 758 814 642 283 NA NA NA NA NA 1170 1229 1025 373 NA NA NA NA NA 4120 2105 4342 1019 NA NA NA NA NA 5431 1486 1794 727 NA NA NA NA 
1747519200.0 21034.999 NA 454 826 663 0 NA NA NA NA NA 694 1095 863 0 NA NA NA NA NA 2015 1585 2615 281 NA NA NA NA NA 3883 1206 2319 431 NA NA NA NA 
1747519200.0 21061.97 879 NA NA NA NA NA NA NA NA 1464 NA NA NA NA NA NA NA NA 3611 NA NA NA NA NA NA NA NA 2223 NA NA NA NA NA NA NA NA 
1747519200.0 22.0 NA 184 355 0 NA NA NA NA NA NA 252 511 0 NA NA NA NA NA NA 668 1123 172 NA NA NA NA NA NA 288 788 189 NA NA NA NA NA 
1747519200.0 22034.0 170 475 520 0 193 NA NA NA NA 251 591 667 0 274 NA NA NA NA 3420 1042 1466 288 578 NA NA NA NA 3465 1254 1933 384 662 NA NA NA NA 
1747519200.0 22434.0 167 472 496 0 192 NA NA NA NA 251 578 672 0 264 NA NA NA NA 3398 1049 1438 290 630 NA NA NA NA 3730 1248 1940 516 920 NA NA NA NA 
1747519200.0 22834.0 143 470 527 0 192 NA NA NA NA 252 598 703 0 267 NA NA NA NA 2789 628 1040 187 259 NA NA NA NA 2548 493 971 225 300 NA NA NA NA 
1747519200.0 23.0 NA 198 382 0 NA NA NA NA NA NA 280 523 0 NA NA NA NA NA NA 725 1204 200 NA NA NA NA NA NA 313 769 230 NA NA NA NA NA 
1747519200.0 23234.0 149 488 508 0 196 NA NA NA NA 265 612 705 0 280 NA NA NA NA 4138 1133 1535 317 678 NA NA NA NA 4141 1418 1931 546 651 NA NA NA NA 
1747519200.0 23634.0 160 545 514 0 195 NA NA NA NA 245 663 708 0 266 NA NA NA NA 3668 1176 1585 268 628 NA NA NA NA 4414 1288 1845 442 681 NA NA NA NA 
1747519200.0 24.0 NA 199 384 0 NA NA NA NA NA NA 285 520 0 NA NA NA NA NA NA 767 1571 187 NA NA NA NA NA NA 349 939 212 NA NA NA NA NA 
1747519200.0 24034.0 168 471 514 0 193 NA NA NA NA 257 618 681 0 279 NA NA NA NA 3552 1049 1464 276 586 NA NA NA NA 4619 1273 1910 329 716 NA NA NA NA 
1747519200.0 24434.0 138 473 484 0 193 NA NA NA NA 254 591 697 0 268 NA NA NA NA 3514 981 1413 279 619 NA NA NA NA 4355 1431 1667 501 832 NA NA NA NA 
1747519200.0 24834.0 172 467 515 0 195 NA NA NA NA 253 600 681 0 273 NA NA NA NA 3613 1015 1427 300 640 NA NA NA NA 3072 1263 1712 510 704 NA NA NA NA 
1747519200.0 25.0 NA 198 408 0 126 NA NA NA NA NA 285 533 0 183 NA NA NA NA NA 790 1722 182 137 NA NA NA NA NA 333 969 203 197 NA NA NA NA 
1747519200.0 2500.31 NA 220 0 NA NA NA NA NA NA NA 318 0 NA NA NA NA NA NA NA 12139 78 NA NA NA NA NA NA NA 7465 101 NA NA NA NA NA NA 
1747519200.0 2500.311 NA 234 0 NA NA NA NA NA NA NA 451 0 NA NA NA NA NA NA NA 13735 71 NA NA NA NA NA NA NA 11765 97 NA NA NA NA NA NA 
1747519200.0 2500.312 NA 270 0 NA NA NA NA NA NA NA 489 0 NA NA NA NA NA NA NA 13493 72 NA NA NA NA NA NA NA 9839 92 NA NA NA NA NA NA 
1747519200.0 2500.33 NA 233 0 NA NA NA NA NA NA NA 332 0 NA NA NA NA NA NA NA 5374 62 NA NA NA NA NA NA NA 2025 77 NA NA NA NA NA NA 
1747519200.0 2500.331 NA 250 0 NA NA NA NA NA NA NA 369 0 NA NA NA NA NA NA NA 11755 74 NA NA NA NA NA NA NA 8181 101 NA NA NA NA NA NA 
1747519200.0 2500.332 NA 245 0 NA NA NA NA NA NA NA 352 0 NA NA NA NA NA NA NA 7386 67 NA NA NA NA NA NA NA 6256 85 NA NA NA NA NA NA 
1747519200.0 2500.401 NA 203 0 NA NA NA NA NA NA NA 316 0 NA NA NA NA NA NA NA 11904 72 NA NA NA NA NA NA NA 7941 94 NA NA NA NA NA NA 
1747519200.0 2500.501 NA 193 0 NA NA NA NA NA NA NA 293 0 NA NA NA NA NA NA NA 5360 63 NA NA NA NA NA NA NA 2384 79 NA NA NA NA NA NA 
1747519200.0 2500.511 NA 232 0 NA NA NA NA NA NA NA 377 0 NA NA NA NA NA NA NA 14183 73 NA NA NA NA NA NA NA 12105 101 NA NA NA NA NA NA 
1747519200.0 2500.5111 NA 235 0 NA NA NA NA NA NA NA 321 0 NA NA NA NA NA NA NA 1577 74 NA NA NA NA NA NA NA 764 106 NA NA NA NA NA NA 
1747519200.0 2500.601 NA 198 0 NA NA NA NA NA NA NA 317 0 NA NA NA NA NA NA NA 4392 68 NA NA NA NA NA NA NA 5110 89 NA NA NA NA NA NA 
1747519200.0 250199.0 388 NA NA NA NA NA NA NA NA 556 NA NA NA NA NA NA NA NA 1181 NA NA NA NA NA NA NA NA 773 NA NA NA NA NA NA NA NA 
1747519200.0 250199.17 397 NA NA NA NA NA NA NA NA 545 NA NA NA NA NA NA NA NA 1240 NA NA NA NA NA NA NA NA 765 NA NA NA NA NA NA NA NA 
1747519200.0 250199.18 469 NA NA NA NA NA NA NA NA 660 NA NA NA NA NA NA NA NA 1913 NA NA NA NA NA NA NA NA 968 NA NA NA NA NA NA NA NA 
1747519200.0 250200.0 NA 446 484 0 NA NA NA NA NA NA 599 629 0 NA NA NA NA NA NA 2082 1079 158 NA NA NA NA NA NA 869 875 172 NA NA NA NA NA 
1747519200.0 250200.1 162 412 344 NA NA NA NA NA NA 255 542 474 NA NA NA NA NA NA 813 312 814 NA NA NA NA NA NA 449 392 669 NA NA NA NA NA NA 
1747519200.0 250200.117 137 490 371 NA NA NA NA NA NA 214 623 502 NA NA NA NA NA NA 957 1156 768 NA NA NA NA NA NA 449 592 568 NA NA NA NA NA NA 
1747519200.0 250200.118 136 525 397 157 NA NA NA NA NA 211 705 539 236 NA NA NA NA NA 897 1199 884 182 NA NA NA NA NA 446 607 622 210 NA NA NA NA NA 
1747519200.0 250200.17 NA 511 516 0 NA NA NA NA NA NA 707 755 0 NA NA NA NA NA NA 3121 1091 190 NA NA NA NA NA NA 1187 892 210 NA NA NA NA NA 
1747519200.0 250200.18 NA 546 582 0 NA NA NA NA NA NA 821 809 0 NA NA NA NA NA NA 4987 1511 226 NA NA NA NA NA NA 3662 2219 312 NA NA NA NA NA 
1747519200.0 250200.182 140 560 607 0 NA NA NA NA NA 219 777 797 0 NA NA NA NA NA 950 1275 1462 201 NA NA NA NA NA 639 782 896 245 NA NA NA NA NA 
1747519200.0 250202.0 NA 441 477 0 NA NA NA NA NA NA 662 620 0 NA NA NA NA NA NA 2180 1019 161 NA NA NA NA NA NA 882 722 196 NA NA NA NA NA 
1747519200.0 250202.1 NA 388 409 484 0 NA NA NA NA NA 543 576 639 0 NA NA NA NA NA 970 2140 1153 162 NA NA NA NA NA 925 700 766 185 NA NA NA NA 
1747519200.0 250202.118 139 541 415 160 NA NA NA NA NA 219 737 562 235 NA NA NA NA NA 1180 1242 978 185 NA NA NA NA NA 534 699 700 213 NA NA NA NA NA 
1747519200.0 250202.17 NA 528 560 0 NA NA NA NA NA NA 734 798 0 NA NA NA NA NA NA 3290 1198 192 NA NA NA NA NA NA 1270 1110 217 NA NA NA NA NA 
1747519200.0 250202.171 NA 387 513 574 0 NA NA NA NA NA 553 662 784 0 NA NA NA NA NA 1132 3119 1191 202 NA NA NA NA NA 953 950 802 222 NA NA NA NA 
1747519200.0 250202.172 NA 520 568 0 NA NA NA NA NA NA 735 746 0 NA NA NA NA NA NA 3354 1223 197 NA NA NA NA NA NA 1404 1065 253 NA NA NA NA NA 
1747519200.0 250202.18 NA 564 612 0 NA NA NA NA NA NA 839 822 0 NA NA NA NA NA NA 4651 1569 200 NA NA NA NA NA NA 2882 1056 222 NA NA NA NA NA 
1747519200.0 250202.181 NA 458 579 595 0 NA NA NA NA NA 664 836 802 0 NA NA NA NA NA 1885 4790 1594 234 NA NA NA NA NA 1720 1706 1083 277 NA NA NA NA 
1747519200.0 250202.182 141 574 611 0 NA NA NA NA NA 221 795 827 0 NA NA NA NA NA 1191 1280 1451 198 NA NA NA NA NA 561 675 856 235 NA NA NA NA NA 
1747519200.0 250202.183 140 563 607 0 NA NA NA NA NA 220 752 829 0 NA NA NA NA NA 1378 1324 1624 256 NA NA NA NA NA 854 672 1325 311 NA NA NA NA NA 
1747519200.0 250202.184 NA 429 571 600 0 NA NA NA NA NA 631 805 820 0 NA NA NA NA NA 1681 4286 1409 207 NA NA NA NA NA 2173 1265 910 235 NA NA NA NA 
1747519200.0 250202.2 NA 416 467 0 NA NA NA NA NA NA 633 643 0 NA NA NA NA NA NA 4543 1083 166 NA NA NA NA NA NA 1927 1192 188 NA NA NA NA NA 
1747519200.0 250202.3 NA 347 422 488 0 NA NA NA NA NA 554 605 646 0 NA NA NA NA NA 1061 3971 1082 166 NA NA NA NA NA 987 1176 779 189 NA NA NA NA 
1747519200.0 250202.4 NA 437 475 0 NA NA NA NA NA NA 622 603 0 NA NA NA NA NA NA 4565 1087 166 NA NA NA NA NA NA 3846 939 192 NA NA NA NA NA 
1747519200.0 250202.5 NA 373 434 477 0 NA NA NA NA NA 570 626 631 0 NA NA NA NA NA 1090 4066 1074 168 NA NA NA NA NA 1400 1161 734 281 NA NA NA NA 
1747519200.0 250203.0 NA 440 489 0 NA NA NA NA NA NA 614 640 0 NA NA NA NA NA NA 2112 1037 154 NA NA NA NA NA NA 878 756 172 NA NA NA NA NA 
1747519200.0 250203.17 NA 514 557 0 NA NA NA NA NA NA 705 751 0 NA NA NA NA NA NA 3217 1092 199 NA NA NA NA NA NA 1531 887 243 NA NA NA NA NA 
1747519200.0 250203.18 NA 556 587 0 NA NA NA NA NA NA 816 786 0 NA NA NA NA NA NA 4403 1452 201 NA NA NA NA NA NA 4148 1292 221 NA NA NA NA NA 
1747519200.0 250204.0 NA 429 462 0 NA NA NA NA NA NA 588 602 0 NA NA NA NA NA NA 2092 1045 158 NA NA NA NA NA NA 853 832 198 NA NA NA NA NA 
1747519200.0 250204.17 NA 520 557 0 NA NA NA NA NA NA 720 765 0 NA NA NA NA NA NA 3211 1145 196 NA NA NA NA NA NA 1216 904 215 NA NA NA NA NA 
1747519200.0 250204.18 NA 561 591 0 NA NA NA NA NA NA 819 810 0 NA NA NA NA NA NA 5188 1747 234 NA NA NA NA NA NA 3834 1663 282 NA NA NA NA NA 
1747519200.0 250205.0 NA 431 485 0 NA NA NA NA NA NA 637 631 0 NA NA NA NA NA NA 2160 1000 155 NA NA NA NA NA NA 1023 698 174 NA NA NA NA NA 
1747519200.0 250205.17 NA 519 556 0 NA NA NA NA NA NA 724 750 0 NA NA NA NA NA NA 3093 1026 190 NA NA NA NA NA NA 1368 837 237 NA NA NA NA NA 
1747519200.0 250205.18 NA 551 589 0 NA NA NA NA NA NA 834 814 0 NA NA NA NA NA NA 4988 1811 230 NA NA NA NA NA NA 3642 1699 282 NA NA NA NA NA 
1747519200.0 250206.0 NA 427 473 0 NA NA NA NA NA NA 605 611 0 NA NA NA NA NA NA 2098 1081 159 NA NA NA NA NA NA 850 753 181 NA NA NA NA NA 
1747519200.0 250206.118 132 504 391 158 NA NA NA NA NA 210 696 519 234 NA NA NA NA NA 530 1058 677 174 NA NA NA NA NA 397 555 550 185 NA NA NA NA NA 
1747519200.0 250206.17 NA 517 561 0 NA NA NA NA NA NA 722 780 0 NA NA NA NA NA NA 3087 1115 193 NA NA NA NA NA NA 1305 813 213 NA NA NA NA NA 
1747519200.0 250206.18 NA 533 628 0 NA NA NA NA NA NA 820 831 0 NA NA NA NA NA NA 5078 1523 250 NA NA NA NA NA NA 3652 1323 299 NA NA NA NA NA 
1747519200.0 250206.181 NA 464 568 631 0 NA NA NA NA NA 646 790 866 0 NA NA NA NA NA 1643 4349 1251 202 NA NA NA NA NA 1983 1403 1010 223 NA NA NA NA 
1747519200.0 250206.182 136 530 634 0 NA NA NA NA NA 215 687 838 0 NA NA NA NA NA 535 1089 1001 190 NA NA NA NA NA 360 583 796 211 NA NA NA NA NA 
1747519200.0 250207.0 NA 442 461 0 NA NA NA NA NA NA 615 592 0 NA NA NA NA NA NA 1965 945 149 NA NA NA NA NA NA 927 755 165 NA NA NA NA NA 
1747519200.0 250207.17 NA 507 547 0 NA NA NA NA NA NA 698 763 0 NA NA NA NA NA NA 2916 963 184 NA NA NA NA NA NA 1179 759 204 NA NA NA NA NA 
1747519200.0 250207.18 NA 558 571 0 NA NA NA NA NA NA 816 787 0 NA NA NA NA NA NA 4295 1220 199 NA NA NA NA NA NA 2857 1121 292 NA NA NA NA NA 
1747519200.0 250208.17 NA 524 551 0 NA NA NA NA NA NA 720 802 0 NA NA NA NA NA NA 3531 1396 211 NA NA NA NA NA NA 1446 907 296 NA NA NA NA NA 
1747519200.0 250208.18 NA 566 598 0 NA NA NA NA NA NA 837 803 0 NA NA NA NA NA NA 4744 1656 210 NA NA NA NA NA NA 4188 1029 230 NA NA NA NA NA 
1747519200.0 250399.0 296 NA NA NA NA NA NA NA NA 391 NA NA NA NA NA NA NA NA 384 NA NA NA NA NA NA NA NA 511 NA NA NA NA NA NA NA NA 
1747519200.0 250399.17 359 NA NA NA NA NA NA NA NA 456 NA NA NA NA NA NA NA NA 506 NA NA NA NA NA NA NA NA 515 NA NA NA NA NA NA NA NA 
1747519200.0 250399.18 352 NA NA NA NA NA NA NA NA 461 NA NA NA NA NA NA NA NA 531 NA NA NA NA NA NA NA NA 472 NA NA NA NA NA NA NA NA 
1747519200.0 250400.0 443 0 189 NA NA NA NA NA NA 587 0 277 NA NA NA NA NA NA 563 120 363 NA NA NA NA NA NA 733 197 429 NA NA NA NA NA NA 
1747519200.0 250400.17 506 0 198 NA NA NA NA NA NA 646 0 271 NA NA NA NA NA NA 529 111 289 NA NA NA NA NA NA 693 142 352 NA NA NA NA NA NA 
1747519200.0 250400.18 525 0 194 NA NA NA NA NA NA 664 0 267 NA NA NA NA NA NA 582 128 337 NA NA NA NA NA NA 794 163 359 NA NA NA NA NA NA 
1747519200.0 250402.0 452 0 191 NA NA NA NA NA NA 587 0 267 NA NA NA NA NA NA 543 122 362 NA NA NA NA NA NA 844 159 377 NA NA NA NA NA NA 
1747519200.0 250402.1 297 435 0 NA NA NA NA NA NA 392 582 0 NA NA NA NA NA NA 380 565 133 NA NA NA NA NA NA 490 505 156 NA NA NA NA NA NA 
1747519200.0 250402.17 523 0 190 NA NA NA NA NA NA 679 0 275 NA NA NA NA NA NA 634 137 372 NA NA NA NA NA NA 732 163 454 NA NA NA NA NA NA 
1747519200.0 250402.171 355 514 0 NA NA NA NA NA NA 461 656 0 NA NA NA NA NA NA 505 616 135 NA NA NA NA NA NA 485 569 176 NA NA NA NA NA NA 
1747519200.0 250402.18 527 0 195 NA NA NA NA NA NA 669 0 270 NA NA NA NA NA NA 695 141 359 NA NA NA NA NA NA 854 204 378 NA NA NA NA NA NA 
1747519200.0 250402.181 354 527 0 NA NA NA NA NA NA 477 677 0 NA NA NA NA NA NA 562 611 130 NA NA NA NA NA NA 593 516 195 NA NA NA NA NA NA 
1747519200.0 250403.0 415 0 194 NA NA NA NA NA NA 578 0 264 NA NA NA NA NA NA 500 117 317 NA NA NA NA NA NA 671 163 375 NA NA NA NA NA NA 
1747519200.0 250403.17 517 0 194 NA NA NA NA NA NA 669 0 268 NA NA NA NA NA NA 591 134 365 NA NA NA NA NA NA 783 208 420 NA NA NA NA NA NA 
1747519200.0 250403.18 525 0 194 NA NA NA NA NA NA 653 0 269 NA NA NA NA NA NA 653 127 316 NA NA NA NA NA NA 797 188 381 NA NA NA NA NA NA 
1747519200.0 250405.0 429 0 192 NA NA NA NA NA NA 573 0 262 NA NA NA NA NA NA 477 118 311 NA NA NA NA NA NA 625 199 316 NA NA NA NA NA NA 
1747519200.0 250405.17 492 0 197 NA NA NA NA NA NA 664 0 266 NA NA NA NA NA NA 620 160 355 NA NA NA NA NA NA 813 202 385 NA NA NA NA NA NA 
1747519200.0 250405.18 520 0 196 NA NA NA NA NA NA 643 0 265 NA NA NA NA NA NA 635 129 344 NA NA NA NA NA NA 810 154 384 NA NA NA NA NA NA 
1747519200.0 250406.0 448 0 188 NA NA NA NA NA NA 599 0 265 NA NA NA NA NA NA 411 96 255 NA NA NA NA NA NA 631 123 323 NA NA NA NA NA NA 
1747519200.0 250406.17 518 0 193 NA NA NA NA NA NA 653 0 257 NA NA NA NA NA NA 570 142 313 NA NA NA NA NA NA 1161 176 356 NA NA NA NA NA NA 
1747519200.0 250406.18 521 0 191 NA NA NA NA NA NA 666 0 265 NA NA NA NA NA NA 523 129 300 NA NA NA NA NA NA 748 218 324 NA NA NA NA NA NA 
1747519200.0 250407.0 376 0 186 NA NA NA NA NA NA 501 0 267 NA NA NA NA NA NA 396 90 262 NA NA NA NA NA NA 593 120 297 NA NA NA NA NA NA 
1747519200.0 250407.17 443 0 194 NA NA NA NA NA NA 582 0 270 NA NA NA NA NA NA 555 139 320 NA NA NA NA NA NA 783 185 336 NA NA NA NA NA NA 
1747519200.0 250407.18 452 0 184 NA NA NA NA NA NA 570 0 269 NA NA NA NA NA NA 531 151 336 NA NA NA NA NA NA 778 210 461 NA NA NA NA NA NA 
1747519200.0 250408.0 449 0 193 NA NA NA NA NA NA 571 0 263 NA NA NA NA NA NA 571 122 321 NA NA NA NA NA NA 707 155 374 NA NA NA NA NA NA 
1747519200.0 250408.17 520 0 196 NA NA NA NA NA NA 681 0 273 NA NA NA NA NA NA 670 135 340 NA NA NA NA NA NA 812 170 376 NA NA NA NA NA NA 
1747519200.0 250408.18 519 0 193 NA NA NA NA NA NA 680 0 263 NA NA NA NA NA NA 635 142 339 NA NA NA NA NA NA 811 244 360 NA NA NA NA NA NA 
1747519200.0 250409.0 431 0 196 NA NA NA NA NA NA 586 0 256 NA NA NA NA NA NA 604 141 368 NA NA NA NA NA NA 676 194 322 NA NA NA NA NA NA 
1747519200.0 250409.17 526 0 203 NA NA NA NA NA NA 659 0 279 NA NA NA NA NA NA 690 114 320 NA NA NA NA NA NA 794 159 295 NA NA NA NA NA NA 
1747519200.0 250409.18 532 0 201 NA NA NA NA NA NA 680 0 276 NA NA NA NA NA NA 704 113 331 NA NA NA NA NA NA 825 141 320 NA NA NA NA NA NA 
1747519200.0 25200.0 NA 425 627 0 155 NA NA NA NA NA 612 830 0 234 NA NA NA NA NA 909 1265 157 190 NA NA NA NA NA 707 1148 227 262 NA NA NA NA 
1747519200.0 25202.0 NA 417 647 0 157 NA NA NA NA NA 576 850 0 233 NA NA NA NA NA 876 1353 161 181 NA NA NA NA NA 568 1241 189 204 NA NA NA NA 
1747519200.0 25202.1 NA 424 650 0 NA NA NA NA NA NA 593 788 0 NA NA NA NA NA NA 1038 1200 159 NA NA NA NA NA NA 615 969 177 NA NA NA NA NA 
1747519200.0 25202.15 NA 425 662 0 166 NA NA NA NA NA 577 828 0 253 NA NA NA NA NA 875 1293 161 204 NA NA NA NA NA 564 1019 189 201 NA NA NA NA 
1747519200.0 25202.2 NA 427 631 0 NA NA NA NA NA NA 580 849 0 NA NA NA NA NA NA 1056 1262 164 NA NA NA NA NA NA 680 1072 236 NA NA NA NA NA 
1747519200.0 25203.0 NA 410 640 0 155 NA NA NA NA NA 569 843 0 230 NA NA NA NA NA 887 1292 158 183 NA NA NA NA NA 692 1061 184 237 NA NA NA NA 
1747519200.0 25204.0 NA 417 664 0 NA NA NA NA NA NA 555 857 0 NA NA NA NA NA NA 816 1285 157 NA NA NA NA NA NA 543 912 174 NA NA NA NA NA 
1747519200.0 25205.0 NA 416 637 0 155 NA NA NA NA NA 559 813 0 230 NA NA NA NA NA 831 1247 162 180 NA NA NA NA NA 562 945 214 224 NA NA NA NA 
1747519200.0 25206.0 NA 417 684 0 154 NA NA NA NA NA 576 833 0 238 NA NA NA NA NA 897 1271 165 190 NA NA NA NA NA 606 992 206 265 NA NA NA NA 
1747519200.0 25207.0 NA 405 629 0 NA NA NA NA NA NA 558 813 0 NA NA NA NA NA NA 823 1168 157 NA NA NA NA NA NA 580 1053 202 NA NA NA NA NA 
1747519200.0 25208.0 NA 426 642 0 NA NA NA NA NA NA 580 834 0 NA NA NA NA NA NA 889 1572 164 NA NA NA NA NA NA 552 1096 194 NA NA NA NA NA 
1747519200.0 25209.0 NA 415 661 0 136 NA NA NA NA NA 554 830 0 233 NA NA NA NA NA 869 1312 160 189 NA NA NA NA NA 586 952 186 219 NA NA NA NA 
1747519200.0 25210.0 155 409 630 0 NA NA NA NA NA 246 544 770 0 NA NA NA NA NA 1434 427 959 167 NA NA NA NA NA 908 458 1246 235 NA NA NA NA NA 
1747519200.0 25211.0 130 408 638 0 NA NA NA NA NA 264 566 810 0 NA NA NA NA NA 3346 807 1240 168 NA NA NA NA NA 2594 541 1021 187 NA NA NA NA NA 
1747519200.0 25211.17 138 454 697 0 NA NA NA NA NA 222 615 1003 0 NA NA NA NA NA 3735 1618 1621 256 NA NA NA NA NA 2674 1008 1601 313 NA NA NA NA NA 
1747519200.0 25211.18 137 518 826 0 NA NA NA NA NA 219 723 1082 0 NA NA NA NA NA 3739 2186 2215 256 NA NA NA NA NA 2723 1245 1656 286 NA NA NA NA NA 
1747519200.0 25212.0 133 413 660 0 NA NA NA NA NA 267 546 853 0 NA NA NA NA NA 4901 980 1671 208 NA NA NA NA NA 3963 780 1467 244 NA NA NA NA NA 
1747519200.0 25212.17 106 472 700 0 NA NA NA NA NA 222 624 931 0 NA NA NA NA NA 4826 1720 1576 259 NA NA NA NA NA 3624 977 1607 296 NA NA NA NA NA 
1747519200.0 25212.18 108 524 802 0 NA NA NA NA NA 225 730 1040 0 NA NA NA NA NA 5116 2282 1925 246 NA NA NA NA NA 3745 1086 1515 322 NA NA NA NA NA 
1747519200.0 25213.0 126 417 647 0 NA NA NA NA NA 254 571 891 0 NA NA NA NA NA 4868 1017 1623 205 NA NA NA NA NA 3740 847 1581 238 NA NA NA NA NA 
1747519200.0 25213.17 138 470 676 0 NA NA NA NA NA 226 611 901 0 NA NA NA NA NA 5005 1647 1633 245 NA NA NA NA NA 3679 1162 1571 317 NA NA NA NA NA 
1747519200.0 25213.18 106 477 787 0 NA NA NA NA NA 226 722 1038 0 NA NA NA NA NA 5010 2317 1938 233 NA NA NA NA NA 3785 1355 1761 309 NA NA NA NA NA 
1747519200.0 25214.0 NA 415 654 0 NA NA NA NA NA NA 588 840 0 NA NA NA NA NA NA 863 1262 163 NA NA NA NA NA NA 642 1027 203 NA NA NA NA NA 
1747519200.0 25215.0 61 151 412 644 0 NA NA NA NA 92 259 567 834 0 NA NA NA NA 22 1010 844 1224 161 NA NA NA NA 50 491 526 893 195 NA NA NA NA 
1747519200.0 25215.17 61 141 456 709 0 NA NA NA NA 92 219 617 949 0 NA NA NA NA 25 1086 1363 1348 193 NA NA NA NA 72 687 801 1041 215 NA NA NA NA 
1747519200.0 25215.18 57 139 539 822 0 NA NA NA NA 92 220 721 1070 0 NA NA NA NA 26 1054 1831 1701 210 NA NA NA NA 91 596 825 1127 233 NA NA NA NA 
1747519200.0 25234.0 150 470 512 0 195 NA NA NA NA 266 614 677 0 269 NA NA NA NA 3633 1053 1452 279 637 NA NA NA NA 3700 1254 2040 322 952 NA NA NA NA 
1747519200.0 25400.0 539 0 191 NA NA NA NA NA NA 702 0 261 NA NA NA NA NA NA 1019 133 327 NA NA NA NA NA NA 920 207 379 NA NA NA NA NA NA 
1747519200.0 25400.17 641 0 194 NA NA NA NA NA NA 850 0 262 NA NA NA NA NA NA 1620 145 358 NA NA NA NA NA NA 953 170 368 NA NA NA NA NA NA 
1747519200.0 25400.18 645 0 193 NA NA NA NA NA NA 781 0 266 NA NA NA NA NA NA 1352 115 287 NA NA NA NA NA NA 822 178 322 NA NA NA NA NA NA 
1747519200.0 25402.0 550 0 193 NA NA NA NA NA NA 699 0 263 NA NA NA NA NA NA 986 108 282 NA NA NA NA NA NA 1030 136 302 NA NA NA NA NA NA 
1747519200.0 25402.17 655 0 204 NA NA NA NA NA NA 844 0 269 NA NA NA NA NA NA 1632 159 350 NA NA NA NA NA NA 857 200 344 NA NA NA NA NA NA 
1747519200.0 25402.18 657 0 194 NA NA NA NA NA NA 863 0 276 NA NA NA NA NA NA 1540 116 286 NA NA NA NA NA NA 1008 137 285 NA NA NA NA NA NA 
1747519200.0 25403.0 547 0 191 NA NA NA NA NA NA 715 0 260 NA NA NA NA NA NA 1053 126 320 NA NA NA NA NA NA 944 163 385 NA NA NA NA NA NA 
1747519200.0 25403.17 643 0 194 NA NA NA NA NA NA 866 0 276 NA NA NA NA NA NA 1640 137 360 NA NA NA NA NA NA 956 166 398 NA NA NA NA NA NA 
1747519200.0 25403.18 645 0 194 NA NA NA NA NA NA 871 0 267 NA NA NA NA NA NA 1718 152 343 NA NA NA NA NA NA 898 183 330 NA NA NA NA NA NA 
1747519200.0 25405.0 549 0 189 NA NA NA NA NA NA 702 0 264 NA NA NA NA NA NA 1014 132 346 NA NA NA NA NA NA 1000 214 419 NA NA NA NA NA NA 
1747519200.0 25405.17 639 0 196 NA NA NA NA NA NA 793 0 267 NA NA NA NA NA NA 1710 161 319 NA NA NA NA NA NA 901 199 308 NA NA NA NA NA NA 
1747519200.0 25405.18 638 0 194 NA NA NA NA NA NA 845 0 266 NA NA NA NA NA NA 1297 115 269 NA NA NA NA NA NA 751 153 272 NA NA NA NA NA NA 
1747519200.0 25406.0 536 0 188 NA NA NA NA NA NA 675 0 271 NA NA NA NA NA NA 789 119 334 NA NA NA NA NA NA 744 197 346 NA NA NA NA NA NA 
1747519200.0 25406.17 618 0 194 NA NA NA NA NA NA 803 0 260 NA NA NA NA NA NA 894 151 346 NA NA NA NA NA NA 865 187 360 NA NA NA NA NA NA 
1747519200.0 25406.18 644 0 192 NA NA NA NA NA NA 787 0 263 NA NA NA NA NA NA 893 120 258 NA NA NA NA NA NA 811 177 292 NA NA NA NA NA NA 
1747519200.0 25407.0 467 0 189 NA NA NA NA NA NA 628 0 273 NA NA NA NA NA NA 984 114 339 NA NA NA NA NA NA 858 149 410 NA NA NA NA NA NA 
1747519200.0 25407.17 574 0 192 NA NA NA NA NA NA 766 0 275 NA NA NA NA NA NA 1184 108 281 NA NA NA NA NA NA 769 126 290 NA NA NA NA NA NA 
1747519200.0 25407.18 565 0 190 NA NA NA NA NA NA 718 0 269 NA NA NA NA NA NA 1618 117 355 NA NA NA NA NA NA 895 145 358 NA NA NA NA NA NA 
1747519200.0 25408.0 554 0 173 NA NA NA NA NA NA 733 0 267 NA NA NA NA NA NA 1348 131 386 NA NA NA NA NA NA 1033 159 429 NA NA NA NA NA NA 
1747519200.0 25408.17 644 0 199 NA NA NA NA NA NA 816 0 267 NA NA NA NA NA NA 1925 145 403 NA NA NA NA NA NA 1001 173 356 NA NA NA NA NA NA 
1747519200.0 25408.18 660 0 199 NA NA NA NA NA NA 847 0 264 NA NA NA NA NA NA 1585 124 328 NA NA NA NA NA NA 843 141 315 NA NA NA NA NA NA 
1747519200.0 25409.0 518 0 192 NA NA NA NA NA NA 715 0 274 NA NA NA NA NA NA 1003 126 347 NA NA NA NA NA NA 836 164 389 NA NA NA NA NA NA 
1747519200.0 25409.17 649 0 199 NA NA NA NA NA NA 842 0 269 NA NA NA NA NA NA 1906 147 327 NA NA NA NA NA NA 1035 180 313 NA NA NA NA NA NA 
1747519200.0 25409.18 645 0 197 NA NA NA NA NA NA 822 0 269 NA NA NA NA NA NA 1696 149 374 NA NA NA NA NA NA 953 176 380 NA NA NA NA NA NA 
1747519200.0 26.0 NA 198 400 0 NA NA NA NA NA NA 279 527 0 NA NA NA NA NA NA 693 1123 176 NA NA NA NA NA NA 308 870 200 NA NA NA NA NA 
1747519200.0 27.0 NA 200 377 0 NA NA NA NA NA NA 276 518 0 NA NA NA NA NA NA 693 1079 178 NA NA NA NA NA NA 314 836 202 NA NA NA NA NA 
1747519200.0 28.0 NA 197 384 0 NA NA NA NA NA NA 285 531 0 NA NA NA NA NA NA 773 1401 180 NA NA NA NA NA NA 350 851 205 NA NA NA NA NA 
1747519200.0 280.0 187 169 350 0 NA NA NA NA NA 336 239 478 0 NA NA NA NA NA 869 165 633 159 NA NA NA NA NA 446 154 617 179 NA NA NA NA NA 
1747519200.0 281.0 179 236 461 0 NA NA NA NA NA 356 313 609 0 NA NA NA NA NA 680 180 568 159 NA NA NA NA NA 408 151 535 190 NA NA NA NA NA 
1747519200.0 29.0 NA 198 399 0 NA NA NA NA NA NA 277 551 0 NA NA NA NA NA NA 704 1141 175 NA NA NA NA NA NA 322 784 194 NA NA NA NA NA 
1747519200.0 3.0 150 164 286 NA NA NA NA NA NA 248 228 381 NA NA NA NA NA NA 1692 154 560 NA NA NA NA NA NA 922 142 519 NA NA NA NA NA NA 
1747519200.0 30.0 NA 199 379 0 NA NA NA NA NA NA 270 515 0 NA NA NA NA NA NA 728 1258 192 NA NA NA NA NA NA 344 800 297 NA NA NA NA NA 
1747519200.0 300.0 136 245 472 0 NA NA NA NA NA 223 334 660 0 NA NA NA NA NA 355 163 616 181 NA NA NA NA NA 441 253 734 210 NA NA NA NA NA 
1747519200.0 301.0 135 246 471 0 NA NA NA NA NA 224 332 669 0 NA NA NA NA NA 388 162 612 177 NA NA NA NA NA 470 252 712 206 NA NA NA NA NA 
1747519200.0 302.0 135 247 468 0 NA NA NA NA NA 222 337 674 0 NA NA NA NA NA 327 161 575 177 NA NA NA NA NA 402 242 656 196 NA NA NA NA NA 
1747519200.0 31.0 NA 198 375 0 NA NA NA NA NA NA 279 509 0 NA NA NA NA NA NA 712 1114 179 NA NA NA NA NA NA 324 795 226 NA NA NA NA NA 
1747519200.0 310.0 144 243 472 0 NA NA NA NA NA 238 325 658 0 NA NA NA NA NA 491 150 555 178 NA NA NA NA NA 586 227 615 201 NA NA NA NA NA 
1747519200.0 311.0 145 242 471 0 NA NA NA NA NA 228 334 671 0 NA NA NA NA NA 555 151 567 189 NA NA NA NA NA 613 254 634 228 NA NA NA NA NA 
1747519200.0 312.0 142 242 474 0 NA NA NA NA NA 223 330 680 0 NA NA NA NA NA 509 147 563 187 NA NA NA NA NA 606 211 636 249 NA NA NA NA NA 
1747519200.0 32.0 NA 196 384 0 NA NA NA NA NA NA 280 536 0 NA NA NA NA NA NA 723 1236 182 NA NA NA NA NA NA 326 838 221 NA NA NA NA NA 
1747519200.0 33.0 NA 197 378 0 NA NA NA NA NA NA 273 529 0 NA NA NA NA NA NA 685 1035 173 NA NA NA NA NA NA 333 784 199 NA NA NA NA NA 
1747519200.0 34.0 162 169 344 0 NA NA NA NA NA 266 244 482 0 NA NA NA NA NA 844 167 662 159 NA NA NA NA NA 468 148 708 177 NA NA NA NA NA 
1747519200.0 35.0 NA 201 386 0 NA NA NA NA NA NA 281 514 0 NA NA NA NA NA NA 751 1272 183 NA NA NA NA NA NA 336 790 208 NA NA NA NA NA 
1747519200.0 36.0 NA 191 390 0 NA NA NA NA NA NA 263 508 0 NA NA NA NA NA NA 750 3547 185 NA NA NA NA NA NA 335 1384 228 NA NA NA NA NA 
1747519200.0 37.0 NA 198 390 0 NA NA NA NA NA NA 282 523 0 NA NA NA NA NA NA 770 1712 185 NA NA NA NA NA NA 329 905 203 NA NA NA NA NA 
1747519200.0 38.0 NA 198 385 0 NA NA NA NA NA NA 278 538 0 NA NA NA NA NA NA 761 1555 181 NA NA NA NA NA NA 341 903 204 NA NA NA NA NA 
1747519200.0 39.0 NA 200 391 0 NA NA NA NA NA NA 295 519 0 NA NA NA NA NA NA 823 2420 181 NA NA NA NA NA NA 342 1111 200 NA NA NA NA NA 
1747519200.0 4.17 NA 91 365 0 246 NA NA NA NA NA 149 486 0 323 NA NA NA NA NA 67 1193 130 449 NA NA NA NA NA 101 937 163 500 NA NA NA NA 
1747519200.0 4.22 NA 195 122 127 0 NA NA NA NA NA 310 181 198 0 NA NA NA NA NA 436 132 140 104 NA NA NA NA NA 532 194 205 133 NA NA NA NA 
1747519200.0 4.23 NA 122 370 0 NA NA NA NA NA NA 182 507 0 NA NA NA NA NA NA 99 1173 178 NA NA NA NA NA NA 198 971 225 NA NA NA NA NA 
1747519200.0 4.24 NA 116 367 0 NA NA NA NA NA NA 172 497 0 NA NA NA NA NA NA 97 1233 135 NA NA NA NA NA NA 138 867 162 NA NA NA NA NA 
1747519200.0 4.25 NA 116 368 0 NA NA NA NA NA NA 179 499 0 NA NA NA NA NA NA 92 1215 141 NA NA NA NA NA NA 169 871 161 NA NA NA NA NA 
1747519200.0 4.26 NA 115 341 0 NA NA NA NA NA NA 169 500 0 NA NA NA NA NA NA 104 1539 169 NA NA NA NA NA NA 212 1430 311 NA NA NA NA NA 
1747519200.0 4.27 NA 119 373 0 NA NA NA NA NA NA 180 497 0 NA NA NA NA NA NA 102 1554 196 NA NA NA NA NA NA 174 904 224 NA NA NA NA NA 
1747519200.0 4.28 NA 123 357 0 NA NA NA NA NA NA 188 465 0 NA NA NA NA NA NA 108 1485 706 NA NA NA NA NA NA 374 1767 744 NA NA NA NA NA 
1747519200.0 4.29 NA 96 367 0 250 NA NA NA NA NA 155 486 0 327 NA NA NA NA NA 67 1268 130 444 NA NA NA NA NA 110 861 150 465 NA NA NA NA 
1747519200.0 4.34 NA 123 379 0 NA NA NA NA NA NA 182 517 0 NA NA NA NA NA NA 99 1336 168 NA NA NA NA NA NA 170 954 186 NA NA NA NA NA 
1747519200.0 4.36 NA 119 375 0 NA NA NA NA NA NA 173 493 0 NA NA NA NA NA NA 101 1501 143 NA NA NA NA NA NA 196 966 238 NA NA NA NA NA 
1747519200.0 4.37 NA 118 382 0 NA NA NA NA NA NA 168 505 0 NA NA NA NA NA NA 99 1638 149 NA NA NA NA NA NA 326 926 183 NA NA NA NA NA 
1747519200.0 4.4 NA 92 444 0 NA NA NA NA NA NA 157 690 0 NA NA NA NA NA NA 67 1571 137 NA NA NA NA NA NA 165 1070 230 NA NA NA NA NA 
1747519200.0 4.41 NA 89 446 0 NA NA NA NA NA NA 156 696 0 NA NA NA NA NA NA 76 2021 139 NA NA NA NA NA NA 183 1030 158 NA NA NA NA NA 
1747519200.0 4.42 NA 90 457 0 NA NA NA NA NA NA 158 697 0 NA NA NA NA NA NA 77 2337 140 NA NA NA NA NA NA 172 1117 159 NA NA NA NA NA 
1747519200.0 4.43 NA 93 437 0 NA NA NA NA NA NA 157 674 0 NA NA NA NA NA NA 66 1503 141 NA NA NA NA NA NA 154 896 160 NA NA NA NA NA 
1747519200.0 4.44 NA 90 441 0 NA NA NA NA NA NA 153 685 0 NA NA NA NA NA NA 72 1855 139 NA NA NA NA NA NA 168 1004 161 NA NA NA NA NA 
1747519200.0 4.45 NA 89 453 0 NA NA NA NA NA NA 153 699 0 NA NA NA NA NA NA 76 2490 138 NA NA NA NA NA NA 141 1173 169 NA NA NA NA NA 
1747519200.0 4.51 NA 91 455 0 NA NA NA NA NA NA 153 701 0 NA NA NA NA NA NA 72 2075 141 NA NA NA NA NA NA 141 1026 162 NA NA NA NA NA 
1747519200.0 4.52 NA 82 456 0 NA NA NA NA NA NA 156 719 0 NA NA NA NA NA NA 78 2584 141 NA NA NA NA NA NA 185 1191 176 NA NA NA NA NA 
1747519200.0 4.53 NA 91 456 0 NA NA NA NA NA NA 156 695 0 NA NA NA NA NA NA 74 2475 140 NA NA NA NA NA NA 148 1165 166 NA NA NA NA NA 
1747519200.0 4.54 NA 89 453 0 NA NA NA NA NA NA 156 701 0 NA NA NA NA NA NA 77 2449 138 NA NA NA NA NA NA 160 1136 163 NA NA NA NA NA 
1747519200.0 4.55 NA 90 457 0 NA NA NA NA NA NA 157 693 0 NA NA NA NA NA NA 79 3022 140 NA NA NA NA NA NA 148 1275 160 NA NA NA NA NA 
1747519200.0 4.57 NA 114 459 0 NA NA NA NA NA NA 180 712 0 NA NA NA NA NA NA 104 2747 135 NA NA NA NA NA NA 154 1250 154 NA NA NA NA NA 
1747519200.0 4.58 NA 91 447 0 NA NA NA NA NA NA 150 695 0 NA NA NA NA NA NA 66 1777 131 NA NA NA NA NA NA 100 953 150 NA NA NA NA NA 
1747519200.0 4.6 NA 365 0 NA NA NA NA NA NA NA 484 0 NA NA NA NA NA NA NA 1179 185 NA NA NA NA NA NA NA 1001 228 NA NA NA NA NA NA 
1747519200.0 4.61 NA 89 458 0 NA NA NA NA NA NA 156 711 0 NA NA NA NA NA NA 75 2345 135 NA NA NA NA NA NA 114 1102 157 NA NA NA NA NA 
1747519200.0 4.62 NA 88 454 0 NA NA NA NA NA NA 158 698 0 NA NA NA NA NA NA 83 2418 140 NA NA NA NA NA NA 161 1142 165 NA NA NA NA NA 
1747519200.0 4.63 NA 88 455 0 NA NA NA NA NA NA 154 709 0 NA NA NA NA NA NA 72 2609 137 NA NA NA NA NA NA 162 1210 176 NA NA NA NA NA 
1747519200.0 4.64 NA 89 455 0 NA NA NA NA NA NA 158 706 0 NA NA NA NA NA NA 75 2564 142 NA NA NA NA NA NA 161 1177 160 NA NA NA NA NA 
1747519200.0 4.65 NA 89 469 0 NA NA NA NA NA NA 157 716 0 NA NA NA NA NA NA 78 3491 135 NA NA NA NA NA NA 108 1734 157 NA NA NA NA NA 
1747519200.0 4.67 NA 115 462 0 NA NA NA NA NA NA 178 726 0 NA NA NA NA NA NA 103 2877 135 NA NA NA NA NA NA 153 1332 159 NA NA NA NA NA 
1747519200.0 4.68 NA 85 457 0 NA NA NA NA NA NA 154 697 0 NA NA NA NA NA NA 82 2290 138 NA NA NA NA NA NA 193 1146 165 NA NA NA NA NA 
1747519200.0 4.71 NA 90 449 0 NA NA NA NA NA NA 151 686 0 NA NA NA NA NA NA 72 1864 134 NA NA NA NA NA NA 146 999 152 NA NA NA NA NA 
1747519200.0 4.72 NA 89 448 0 NA NA NA NA NA NA 156 698 0 NA NA NA NA NA NA 78 2212 145 NA NA NA NA NA NA 194 1105 182 NA NA NA NA NA 
1747519200.0 4.73 NA 91 456 0 NA NA NA NA NA NA 155 705 0 NA NA NA NA NA NA 76 2631 140 NA NA NA NA NA NA 160 1238 157 NA NA NA NA NA 
1747519200.0 4.74 NA 88 449 0 NA NA NA NA NA NA 153 697 0 NA NA NA NA NA NA 69 2170 138 NA NA NA NA NA NA 126 1068 170 NA NA NA NA NA 
1747519200.0 4.75 NA 90 455 0 NA NA NA NA NA NA 153 701 0 NA NA NA NA NA NA 76 2680 142 NA NA NA NA NA NA 158 1224 163 NA NA NA NA NA 
1747519200.0 4.76 NA 117 456 0 NA NA NA NA NA NA 182 709 0 NA NA NA NA NA NA 115 2929 152 NA NA NA NA NA NA 188 1819 192 NA NA NA NA NA 
1747519200.0 4.77 NA 112 459 0 NA NA NA NA NA NA 174 702 0 NA NA NA NA NA NA 101 2755 143 NA NA NA NA NA NA 161 1263 178 NA NA NA NA NA 
1747519200.0 4.78 NA 93 457 0 NA NA NA NA NA NA 158 699 0 NA NA NA NA NA NA 71 2601 133 NA NA NA NA NA NA 149 1201 156 NA NA NA NA NA 
1747519200.0 4000.0 NA 199 390 NA NA NA NA NA NA NA 283 540 NA NA NA NA NA NA NA 812 1718 NA NA NA NA NA NA NA 343 903 NA NA NA NA NA NA 
1747519200.0 4001.0 NA 237 439 NA NA NA NA NA NA NA 328 583 NA NA NA NA NA NA NA 316 972 NA NA NA NA NA NA NA 431 952 NA NA NA NA NA NA 
1747519200.0 4002.0 NA 197 377 NA NA NA NA NA NA NA 277 508 NA NA NA NA NA NA NA 705 1115 NA NA NA NA NA NA NA 346 789 NA NA NA NA NA NA 
1747519200.0 4003.0 NA 199 380 NA NA NA NA NA NA NA 279 533 NA NA NA NA NA NA NA 706 1194 NA NA NA NA NA NA NA 307 787 NA NA NA NA NA NA 
1747519200.0 4006.0 128 234 425 NA NA NA NA NA NA 220 333 574 NA NA NA NA NA NA 363 321 860 NA NA NA NA NA NA 387 329 829 NA NA NA NA NA NA 
1747519200.0 4007.0 120 0 0 NA NA NA NA NA NA 196 0 0 NA NA NA NA NA NA 293 61 541 NA NA NA NA NA NA 355 179 739 NA NA NA NA NA NA 
1747519200.0 4008.0 87 0 0 NA NA NA NA NA NA 194 0 0 NA NA NA NA NA NA 297 57 571 NA NA NA NA NA NA 339 180 752 NA NA NA NA NA NA 
1747519200.0 43.0 NA 196 383 0 NA NA NA NA NA NA 275 531 0 NA NA NA NA NA NA 725 1429 189 NA NA NA NA NA NA 352 842 211 NA NA NA NA NA 
1747519200.0 44.0 NA 197 380 0 NA NA NA NA NA NA 273 531 0 NA NA NA NA NA NA 717 1307 187 NA NA NA NA NA NA 326 809 229 NA NA NA NA NA 
1747519200.0 45.0 NA 199 383 0 NA NA NA NA NA NA 282 524 0 NA NA NA NA NA NA 711 1334 180 NA NA NA NA NA NA 309 854 199 NA NA NA NA NA 
1747519200.0 5.1 392 0 NA NA NA NA NA NA NA 508 0 NA NA NA NA NA NA NA 525 122 NA NA NA NA NA NA NA 509 192 NA NA NA NA NA NA NA 
1747519200.0 5.2 309 0 NA NA NA NA NA NA NA 401 0 NA NA NA NA NA NA NA 444 100 NA NA NA NA NA NA NA 536 129 NA NA NA NA NA NA NA 
1747519200.0 5.3 312 0 NA NA NA NA NA NA NA 397 0 NA NA NA NA NA NA NA 419 99 NA NA NA NA NA NA NA 458 123 NA NA NA NA NA NA NA 
1747519200.0 5.4 398 0 NA NA NA NA NA NA NA 533 0 NA NA NA NA NA NA NA 473 109 NA NA NA NA NA NA NA 524 132 NA NA NA NA NA NA NA 
1747519200.0 5.5 392 0 NA NA NA NA NA NA NA 507 0 NA NA NA NA NA NA NA 466 117 NA NA NA NA NA NA NA 455 167 NA NA NA NA NA NA NA 
1747519200.0 5.6 394 0 NA NA NA NA NA NA NA 508 0 NA NA NA NA NA NA NA 464 110 NA NA NA NA NA NA NA 494 133 NA NA NA NA NA NA NA 
1747519200.0 5.7 393 0 NA NA NA NA NA NA NA 511 0 NA NA NA NA NA NA NA 478 123 NA NA NA NA NA NA NA 490 151 NA NA NA NA NA NA NA 
1747519200.0 500199.0 290 NA NA NA NA NA NA NA NA 403 NA NA NA NA NA NA NA NA 800 NA NA NA NA NA NA NA NA 723 NA NA NA NA NA NA NA NA 
1747519200.0 500200.0 NA 292 415 0 NA NA NA NA NA NA 409 529 0 NA NA NA NA NA NA 1318 936 167 NA NA NA NA NA NA 613 726 188 NA NA NA NA NA 
1747519200.0 500200.1 163 270 321 NA NA NA NA NA NA 254 373 423 NA NA NA NA NA NA 894 237 757 NA NA NA NA NA NA 667 374 624 NA NA NA NA NA NA 
1747519200.0 500202.0 NA 295 421 0 NA NA NA NA NA NA 423 562 0 NA NA NA NA NA NA 1424 1038 169 NA NA NA NA NA NA 655 802 190 NA NA NA NA NA 
1747519200.0 500203.0 NA 298 421 0 NA NA NA NA NA NA 417 548 0 NA NA NA NA NA NA 1358 1015 175 NA NA NA NA NA NA 641 772 237 NA NA NA NA NA 
1747519200.0 500204.0 NA 295 423 0 NA NA NA NA NA NA 419 563 0 NA NA NA NA NA NA 1360 967 170 NA NA NA NA NA NA 654 744 216 NA NA NA NA NA 
1747519200.0 500205.0 NA 296 410 0 NA NA NA NA NA NA 414 552 0 NA NA NA NA NA NA 1343 919 164 NA NA NA NA NA NA 661 700 188 NA NA NA NA NA 
1747519200.0 500206.0 NA 292 406 0 NA NA NA NA NA NA 415 552 0 NA NA NA NA NA NA 1384 998 171 NA NA NA NA NA NA 650 816 191 NA NA NA NA NA 
1747519200.0 500207.0 NA 288 407 0 NA NA NA NA NA NA 414 540 0 NA NA NA NA NA NA 1208 918 163 NA NA NA NA NA NA 607 785 193 NA NA NA NA NA 
1747519200.0 50200.0 NA 304 512 0 NA NA NA NA NA NA 416 642 0 NA NA NA NA NA NA 490 1037 167 NA NA NA NA NA NA 452 941 192 NA NA NA NA NA 
1747519200.0 50202.0 NA 308 532 0 NA NA NA NA NA NA 416 679 0 NA NA NA NA NA NA 495 1122 170 NA NA NA NA NA NA 462 1041 188 NA NA NA NA NA 
1747519200.0 50203.0 NA 310 532 0 NA NA NA NA NA NA 427 683 0 NA NA NA NA NA NA 521 1155 177 NA NA NA NA NA NA 496 1000 208 NA NA NA NA NA 
1747519200.0 50204.0 NA 290 518 0 NA NA NA NA NA NA 418 705 0 NA NA NA NA NA NA 489 1070 172 NA NA NA NA NA NA 457 1044 220 NA NA NA NA NA 
1747519200.0 50205.0 NA 289 487 0 NA NA NA NA NA NA 407 669 0 NA NA NA NA NA NA 498 1018 168 NA NA NA NA NA NA 433 941 192 NA NA NA NA NA 
1747519200.0 50206.0 NA 317 535 0 NA NA NA NA NA NA 429 689 0 NA NA NA NA NA NA 521 1191 169 NA NA NA NA NA NA 435 1016 199 NA NA NA NA NA 
1747519200.0 50207.0 NA 299 492 0 NA NA NA NA NA NA 427 668 0 NA NA NA NA NA NA 488 1039 164 NA NA NA NA NA NA 439 1015 187 NA NA NA NA NA 
1747519200.0 50208.0 NA 303 536 0 NA NA NA NA NA NA 415 683 0 NA NA NA NA NA NA 522 1397 174 NA NA NA NA NA NA 468 1050 204 NA NA NA NA NA 
1747519200.0 503.0 87 0 NA NA NA NA NA NA NA 135 0 NA NA NA NA NA NA NA 1433 74 NA NA NA NA NA NA NA 849 110 NA NA NA NA NA NA NA 
1747519200.0 504.0 93 0 NA NA NA NA NA NA NA 145 0 NA NA NA NA NA NA NA 125 75 NA NA NA NA NA NA NA 156 98 NA NA NA NA NA NA NA 
1747519200.0 505.0 94 0 NA NA NA NA NA NA NA 146 0 NA NA NA NA NA NA NA 129 71 NA NA NA NA NA NA NA 144 96 NA NA NA NA NA NA NA 
1747519200.0 506.0 93 0 NA NA NA NA NA NA NA 146 0 NA NA NA NA NA NA NA 144 74 NA NA NA NA NA NA NA 156 93 NA NA NA NA NA NA NA 
1747519200.0 507.0 87 0 NA NA NA NA NA NA NA 140 0 NA NA NA NA NA NA NA 730 73 NA NA NA NA NA NA NA 522 122 NA NA NA NA NA NA NA 
1747519200.0 508.0 88 0 NA NA NA NA NA NA NA 137 0 NA NA NA NA NA NA NA 142 80 NA NA NA NA NA NA NA 176 113 NA NA NA NA NA NA NA 
1747519200.0 509.0 85 0 NA NA NA NA NA NA NA 134 0 NA NA NA NA NA NA NA 142 74 NA NA NA NA NA NA NA 170 100 NA NA NA NA NA NA NA 
1747519200.0 510.0 90 0 NA NA NA NA NA NA NA 139 0 NA NA NA NA NA NA NA 1527 71 NA NA NA NA NA NA NA 1219 97 NA NA NA NA NA NA NA 
1747519200.0 511.0 86 0 NA NA NA NA NA NA NA 149 0 NA NA NA NA NA NA NA 3008 85 NA NA NA NA NA NA NA 7357 141 NA NA NA NA NA NA NA 
1747519200.0 512.0 29 95 0 NA NA NA NA NA NA 105 146 0 NA NA NA NA NA NA 4796 143 80 NA NA NA NA NA NA 8024 155 121 NA NA NA NA NA NA 
1747519200.0 513.0 61 95 0 NA NA NA NA NA NA 102 147 0 NA NA NA NA NA NA 995 138 74 NA NA NA NA NA NA 453 155 101 NA NA NA NA NA NA 
1747519200.0 514.0 61 96 0 NA NA NA NA NA NA 104 153 0 NA NA NA NA NA NA 603 125 73 NA NA NA NA NA NA 269 160 92 NA NA NA NA NA NA 
1747519200.0 515.0 29 89 0 NA NA NA NA NA NA 103 140 0 NA NA NA NA NA NA 4137 119 83 NA NA NA NA NA NA 4504 171 125 NA NA NA NA NA NA 
1747519200.0 516.0 61 90 0 NA NA NA NA NA NA 103 139 0 NA NA NA NA NA NA 3719 107 67 NA NA NA NA NA NA 3451 174 91 NA NA NA NA NA NA 
1747519200.0 517.0 60 93 0 NA NA NA NA NA NA 102 149 0 NA NA NA NA NA NA 549 128 76 NA NA NA NA NA NA 248 144 100 NA NA NA NA NA NA 
1747519200.0 518.0 29 92 0 NA NA NA NA NA NA 103 145 0 NA NA NA NA NA NA 4137 102 64 NA NA NA NA NA NA 7376 106 82 NA NA NA NA NA NA 
1747519200.0 519.0 29 96 0 NA NA NA NA NA NA 104 147 0 NA NA NA NA NA NA 3675 110 68 NA NA NA NA NA NA 3704 139 87 NA NA NA NA NA NA 
1747519200.0 520.0 60 96 0 NA NA NA NA NA NA 102 154 0 NA NA NA NA NA NA 625 126 69 NA NA NA NA NA NA 292 162 94 NA NA NA NA NA NA 
1747519200.0 521.0 29 88 0 NA NA NA NA NA NA 104 139 0 NA NA NA NA NA NA 4271 100 71 NA NA NA NA NA NA 5197 137 92 NA NA NA NA NA NA 
1747519200.0 522.0 61 89 0 NA NA NA NA NA NA 105 139 0 NA NA NA NA NA NA 969 123 76 NA NA NA NA NA NA 370 158 106 NA NA NA NA NA NA 
1747519200.0 523.0 61 92 0 NA NA NA NA NA NA 103 143 0 NA NA NA NA NA NA 1325 104 73 NA NA NA NA NA NA 430 139 101 NA NA NA NA NA NA 
1747519200.0 524.0 60 89 0 NA NA NA NA NA NA 101 143 0 NA NA NA NA NA NA 559 114 70 NA NA NA NA NA NA 310 171 97 NA NA NA NA NA NA 
1747519200.0 525.0 61 88 0 NA NA NA NA NA NA 104 138 0 NA NA NA NA NA NA 3714 83 68 NA NA NA NA NA NA 3758 99 108 NA NA NA NA NA NA 
1747519200.0 526.0 61 89 0 NA NA NA NA NA NA 103 140 0 NA NA NA NA NA NA 4268 99 86 NA NA NA NA NA NA 3989 127 106 NA NA NA NA NA NA 
1747519200.0 527.0 60 90 0 NA NA NA NA NA NA 102 145 0 NA NA NA NA NA NA 577 109 71 NA NA NA NA NA NA 286 170 96 NA NA NA NA NA NA 
1747519200.0 528.0 30 89 0 NA NA NA NA NA NA 104 141 0 NA NA NA NA NA NA 3696 93 68 NA NA NA NA NA NA 4136 172 110 NA NA NA NA NA NA 
1747519200.0 529.0 61 88 0 NA NA NA NA NA NA 102 140 0 NA NA NA NA NA NA 3640 87 71 NA NA NA NA NA NA 4432 105 136 NA NA NA NA NA NA 
1747519200.0 530.0 60 90 0 NA NA NA NA NA NA 101 145 0 NA NA NA NA NA NA 527 99 75 NA NA NA NA NA NA 217 121 104 NA NA NA NA NA NA 
1747519200.0 531.0 111 0 NA NA NA NA NA NA NA 244 0 NA NA NA NA NA NA NA 90 79 NA NA NA NA NA NA NA 142 102 NA NA NA NA NA NA NA 
1747519200.0 534.0 234 0 NA NA NA NA NA NA NA 309 0 NA NA NA NA NA NA NA 639 75 NA NA NA NA NA NA NA 846 97 NA NA NA NA NA NA NA 
1747519200.0 535.0 100 0 NA NA NA NA NA NA NA 165 0 NA NA NA NA NA NA NA 709 79 NA NA NA NA NA NA NA 444 97 NA NA NA NA NA NA NA 
1747519200.0 536.0 98 0 NA NA NA NA NA NA NA 157 0 NA NA NA NA NA NA NA 159 69 NA NA NA NA NA NA NA 196 91 NA NA NA NA NA NA NA 
1747519200.0 537.0 100 0 NA NA NA NA NA NA NA 163 0 NA NA NA NA NA NA NA 2155 74 NA NA NA NA NA NA NA 1033 111 NA NA NA NA NA NA NA 
1747519200.0 538.0 62 0 NA NA NA NA NA NA NA 168 0 NA NA NA NA NA NA NA 4357 71 NA NA NA NA NA NA NA 5493 95 NA NA NA NA NA NA NA 
1747519200.0 539.0 91 0 NA NA NA NA NA NA NA 152 0 NA NA NA NA NA NA NA 12241 78 NA NA NA NA NA NA NA 31543 99 NA NA NA NA NA NA NA 
1747519200.0 541.0 89 0 NA NA NA NA NA NA NA 138 0 NA NA NA NA NA NA NA 125 73 NA NA NA NA NA NA NA 163 93 NA NA NA NA NA NA NA 
1747519200.0 545.0 87 0 NA NA NA NA NA NA NA 137 0 NA NA NA NA NA NA NA 132 72 NA NA NA NA NA NA NA 159 125 NA NA NA NA NA NA NA 
1747519200.0 546.0 93 98 NA NA NA NA NA NA NA 144 166 NA NA NA NA NA NA NA 121 140 NA NA NA NA NA NA NA 161 168 NA NA NA NA NA NA NA 
1747519200.0 547.0 61 96 98 NA NA NA NA NA NA 102 148 167 NA NA NA NA NA NA 3520 127 124 NA NA NA NA NA NA 4283 114 218 NA NA NA NA NA NA 
1747519200.0 548.0 61 96 97 NA NA NA NA NA NA 102 151 172 NA NA NA NA NA NA 500 159 148 NA NA NA NA NA NA 225 194 205 NA NA NA NA NA NA 
1747519200.0 551.0 61 96 0 NA NA NA NA NA NA 102 146 0 NA NA NA NA NA NA 1248 220 70 NA NA NA NA NA NA 488 193 90 NA NA NA NA NA NA 
1747519200.0 552.0 60 96 0 NA NA NA NA NA NA 101 151 0 NA NA NA NA NA NA 576 127 75 NA NA NA NA NA NA 271 139 99 NA NA NA NA NA NA 
1747519200.0 554.0 60 94 0 NA NA NA NA NA NA 101 152 0 NA NA NA NA NA NA 2665 128 81 NA NA NA NA NA NA 827 154 113 NA NA NA NA NA NA 
1747519200.0 555.0 61 94 0 NA NA NA NA NA NA 104 152 0 NA NA NA NA NA NA 2075 117 81 NA NA NA NA NA NA 674 145 109 NA NA NA NA NA NA 
1747519200.0 556.0 60 97 0 NA NA NA NA NA NA 103 152 0 NA NA NA NA NA NA 527 185 71 NA NA NA NA NA NA 269 197 103 NA NA NA NA NA NA 
1747519200.0 560.0 94 0 NA NA NA NA NA NA NA 147 0 NA NA NA NA NA NA NA 136 75 NA NA NA NA NA NA NA 294 95 NA NA NA NA NA NA NA 
1747519200.0 561.0 92 0 NA NA NA NA NA NA NA 145 0 NA NA NA NA NA NA NA 144 76 NA NA NA NA NA NA NA 170 98 NA NA NA NA NA NA NA 
1747519200.0 562.0 61 91 0 NA NA NA NA NA NA 103 142 0 NA NA NA NA NA NA 595 131 74 NA NA NA NA NA NA 303 171 104 NA NA NA NA NA NA 
1747519200.0 570.0 82 0 NA NA NA NA NA NA NA 129 0 NA NA NA NA NA NA NA 184 72 NA NA NA NA NA NA NA 180 103 NA NA NA NA NA NA NA 
1747519200.0 571.0 82 0 NA NA NA NA NA NA NA 128 0 NA NA NA NA NA NA NA 217 80 NA NA NA NA NA NA NA 202 104 NA NA NA NA NA NA NA 
1747519200.0 572.0 82 0 NA NA NA NA NA NA NA 129 0 NA NA NA NA NA NA NA 179 73 NA NA NA NA NA NA NA 167 96 NA NA NA NA NA NA NA 
1747519200.0 573.0 84 0 NA NA NA NA NA NA NA 133 0 NA NA NA NA NA NA NA 371 77 NA NA NA NA NA NA NA 254 111 NA NA NA NA NA NA NA 
1747519200.0 574.0 85 0 NA NA NA NA NA NA NA 132 0 NA NA NA NA NA NA NA 451 77 NA NA NA NA NA NA NA 329 97 NA NA NA NA NA NA NA 
1747519200.0 575.0 82 0 NA NA NA NA NA NA NA 129 0 NA NA NA NA NA NA NA 255 76 NA NA NA NA NA NA NA 174 105 NA NA NA NA NA NA NA 
1747519200.0 576.0 83 0 NA NA NA NA NA NA NA 130 0 NA NA NA NA NA NA NA 145 72 NA NA NA NA NA NA NA 140 93 NA NA NA NA NA NA NA 
1747519200.0 577.0 82 0 NA NA NA NA NA NA NA 128 0 NA NA NA NA NA NA NA 128 74 NA NA NA NA NA NA NA 152 101 NA NA NA NA NA NA NA 
1747519200.0 6.0 NA 167 342 0 NA NA NA NA NA NA 233 468 0 NA NA NA NA NA NA 599 799 164 NA NA NA NA NA NA 311 721 241 NA NA NA NA NA 
1747519200.0 7.0 120 147 184 97 0 NA NA NA NA 192 211 283 152 0 NA NA NA NA 376 130 230 108 95 NA NA NA NA 752 200 307 145 119 NA NA NA NA 
1747519200.0 7.1 84 146 182 108 0 NA NA NA NA 191 212 280 168 0 NA NA NA NA 535 101 198 116 87 NA NA NA NA 750 137 249 208 105 NA NA NA NA 
1747519200.0 7.2 119 239 259 114 0 NA NA NA NA 194 331 446 175 0 NA NA NA NA 324 440 272 115 118 NA NA NA NA 378 283 378 162 180 NA NA NA NA 
1747519200.0 7.21 121 234 246 114 0 NA NA NA NA 194 310 444 174 0 NA NA NA NA 378 418 326 144 126 NA NA NA NA 489 344 394 193 156 NA NA NA NA 
1747519200.0 7.22 117 174 232 114 0 NA NA NA NA 191 242 354 172 0 NA NA NA NA 357 141 269 121 121 NA NA NA NA 452 223 363 182 147 NA NA NA NA 
1747519200.0 7.23 130 193 271 118 0 NA NA NA NA 204 269 425 180 0 NA NA NA NA 530 153 291 110 128 NA NA NA NA 734 121 302 165 190 NA NA NA NA 
1747519200.0 7.24 123 196 265 106 0 NA NA NA NA 192 269 431 164 0 NA NA NA NA 591 130 300 104 137 NA NA NA NA 735 148 401 137 183 NA NA NA NA 
1747519200.0 7.3 117 224 275 115 0 NA NA NA NA 193 309 455 174 0 NA NA NA NA 536 329 250 112 108 NA NA NA NA 740 313 280 148 130 NA NA NA NA 
1747519200.0 7.4 119 225 267 114 0 NA NA NA NA 194 306 451 171 0 NA NA NA NA 330 328 264 111 113 NA NA NA NA 441 274 365 156 131 NA NA NA NA 
1747519200.0 8.0 NA 162 189 93 0 NA NA NA NA NA 245 290 148 0 NA NA NA NA NA 632 305 87 107 NA NA NA NA NA 284 254 119 128 NA NA NA NA 
1747519200.0 8.1 122 255 286 91 0 NA NA NA NA 194 336 464 150 0 NA NA NA NA 336 633 297 86 129 NA NA NA NA 400 296 360 122 206 NA NA NA NA 
1747519200.0 8.2 130 222 286 93 0 NA NA NA NA 202 303 442 146 0 NA NA NA NA 537 210 297 88 130 NA NA NA NA 743 131 353 128 175 NA NA NA NA 
1747519200.0 9.0 NA 197 382 0 NA NA NA NA NA NA 287 523 0 NA NA NA NA NA NA 772 1665 187 NA NA NA NA NA NA 334 891 211 NA NA NA NA NA 
