Timestamp WorkflowId PeakValueRss1 PeakValueRss2 PeakValueRss3 PeakValueRss4 PeakValueRss5 PeakValueRss6 PeakValueRss7 PeakValueRss8 PeakValueRss9 PeakValueVsize1 PeakValueVsize2 PeakValueVsize3 PeakValueVsize4 PeakValueVsize5 PeakValueVsize6 PeakValueVsize7 PeakValueVsize8 PeakValueVsize9 TotalJobCPU1 TotalJobCPU2 TotalJobCPU3 TotalJobCPU4 TotalJobCPU5 TotalJobCPU6 TotalJobCPU7 TotalJobCPU8 TotalJobCPU9 TotalJobTime1 TotalJobTime2 TotalJobTime3 TotalJobTime4 TotalJobTime5 TotalJobTime6 TotalJobTime7 TotalJobTime8 TotalJobTime9 
1760734800.0 1.0 267 334 543 NA NA NA NA NA NA 402 450 766 NA NA NA NA NA NA 1143 308 563 NA NA NA NA NA NA 641 204 570 NA NA NA NA NA NA 
1760734800.0 10.0 NA 367 774 0 NA NA NA NA NA NA 512 1030 0 NA NA NA NA NA NA 1621 4891 248 NA NA NA NA NA NA 634 1841 316 NA NA NA NA NA 
1760734800.0 1000.0 NA 685 346 0 219 NA NA NA NA NA 942 494 0 316 NA NA NA NA NA 3664 280 171 205 NA NA NA NA NA 1615 266 246 203 NA NA NA NA 
1760734800.0 10001.0 NA 465 880 0 303 0 NA NA NA NA 622 1192 0 406 0 NA NA NA NA 1285 1111 253 218 0 NA NA NA NA 507 1246 322 262 0 NA NA NA 
1760734800.0 10002.0 NA 459 892 0 296 0 NA NA NA NA 623 1186 0 404 0 NA NA NA NA 1250 1155 275 221 0 NA NA NA NA 540 1099 325 296 0 NA NA NA 
1760734800.0 10003.0 NA 467 887 0 298 0 NA NA NA NA 639 1194 0 410 0 NA NA NA NA 1297 1148 275 212 0 NA NA NA NA 544 1182 299 263 0 NA NA NA 
1760734800.0 10004.0 NA 465 885 0 296 0 NA NA NA NA 636 1194 0 410 0 NA NA NA NA 1242 1046 266 224 0 NA NA NA NA 614 981 297 325 0 NA NA NA 
1760734800.0 10005.0 NA 462 884 0 300 0 NA NA NA NA 616 1203 0 406 0 NA NA NA NA 1259 1102 279 215 0 NA NA NA NA 491 1115 355 288 0 NA NA NA 
1760734800.0 10006.0 NA 463 879 0 298 0 NA NA NA NA 628 1158 0 404 0 NA NA NA NA 1289 1037 273 214 0 NA NA NA NA 519 1195 324 320 0 NA NA NA 
1760734800.0 10007.0 NA 546 883 0 333 0 NA NA NA NA 1174 1164 0 482 0 NA NA NA NA 1305 1187 270 227 0 NA NA NA NA 534 1271 301 313 0 NA NA NA 
1760734800.0 10008.0 NA 470 884 0 327 0 NA NA NA NA 647 1198 0 489 0 NA NA NA NA 1305 1194 267 233 0 NA NA NA NA 564 1175 346 279 0 NA NA NA 
1760734800.0 10009.0 NA 466 887 0 329 0 NA NA NA NA 626 1184 0 479 0 NA NA NA NA 1277 1203 269 231 0 NA NA NA NA 610 1129 323 255 0 NA NA NA 
1760734800.0 1001.0 NA 664 400 0 0 0 0 0 0 NA 878 906 0 0 0 0 0 0 NA 3350 289 62 35 49 102 68 102 NA 1545 270 71 44 58 113 85 124 
1760734800.0 1001.2 NA 868 445 0 0 0 0 NA NA NA 1156 1001 0 0 0 0 NA NA NA 32012 738 94 71 64 69 NA NA NA 11543 361 105 100 75 79 NA NA 
1760734800.0 1001.3 NA 857 422 0 NA NA NA NA NA NA 1178 961 0 NA NA NA NA NA NA 21215 301 185 NA NA NA NA NA NA 6929 316 290 NA NA NA NA NA 
1760734800.0 1001.4 NA 870 389 0 0 0 NA NA NA NA 1171 903 0 0 0 NA NA NA NA 21618 226 69 67 69 NA NA NA NA 7027 284 91 83 133 NA NA NA 
1760734800.0 1002.0 NA 732 207 NA NA NA NA NA NA NA 982 278 NA NA NA NA NA NA NA 3355 117 NA NA NA NA NA NA NA 1498 97 NA NA NA NA NA NA 
1760734800.0 1002.3 NA 845 438 0 NA NA NA NA NA NA 1172 989 0 NA NA NA NA NA NA 13575 572 182 NA NA NA NA NA NA 4738 525 212 NA NA NA NA NA 
1760734800.0 1002.4 NA 871 0 NA NA NA NA NA NA NA 1176 0 NA NA NA NA NA NA NA 23025 251 NA NA NA NA NA NA NA 7745 287 NA NA NA NA NA NA 
1760734800.0 1002.5 NA 274 260 0 0 NA NA NA NA NA 400 363 0 0 NA NA NA NA NA 247 204 170 94 NA NA NA NA NA 328 354 298 171 NA NA NA NA 
1760734800.0 10023.0 NA 471 878 0 296 0 NA NA NA NA 643 1192 0 405 0 NA NA NA NA 1239 1064 283 213 0 NA NA NA NA 468 1150 383 236 0 NA NA NA 
1760734800.0 10024.0 NA 486 901 0 334 0 NA NA NA NA 638 1217 0 491 0 NA NA NA NA 1330 1702 296 229 0 NA NA NA NA 546 1379 331 280 0 NA NA NA 
1760734800.0 10024.1 NA 473 526 0 NA NA NA NA NA NA 631 731 0 NA NA NA NA NA NA 1278 736 236 NA NA NA NA NA NA 492 629 269 NA NA NA NA NA 
1760734800.0 10024.2 NA 477 895 0 NA NA NA NA NA NA 645 1192 0 NA NA NA NA NA NA 1248 1580 253 NA NA NA NA NA NA 462 1102 267 NA NA NA NA NA 
1760734800.0 10024.3 NA 475 501 0 NA NA NA NA NA NA 646 690 0 NA NA NA NA NA NA 1275 704 198 NA NA NA NA NA NA 499 581 233 NA NA NA NA NA 
1760734800.0 10024.4 NA 479 889 0 NA NA NA NA NA NA 636 1187 0 NA NA NA NA NA NA 1252 1505 254 NA NA NA NA NA NA 460 1066 272 NA NA NA NA NA 
1760734800.0 10025.0 NA 464 892 0 302 0 NA NA NA NA 638 1187 0 407 0 NA NA NA NA 1316 1156 282 222 0 NA NA NA NA 617 1221 309 269 0 NA NA NA 
1760734800.0 10026.0 NA 573 921 0 302 0 NA NA NA NA 1197 1207 0 413 0 NA NA NA NA 1279 2128 279 210 0 NA NA NA NA 459 1298 311 255 0 NA NA NA 
1760734800.0 1003.0 NA 710 0 NA NA NA NA NA NA NA 1037 0 NA NA NA NA NA NA NA 5269 156 NA NA NA NA NA NA NA 1960 197 NA NA NA NA NA NA 
1760734800.0 10042.0 NA 473 894 0 330 0 NA NA NA NA 636 1196 0 485 0 NA NA NA NA 1313 1250 280 236 0 NA NA NA NA 512 1268 310 308 0 NA NA NA 
1760734800.0 1005.0 NA 403 282 0 0 NA NA NA NA NA 622 420 0 0 NA NA NA NA NA 427 171 67 99 NA NA NA NA NA 606 285 127 198 NA NA NA NA 
1760734800.0 10059.0 NA 493 911 0 302 0 NA NA NA NA 650 1233 0 411 0 NA NA NA NA 1275 3957 276 209 0 NA NA NA NA 480 1731 326 259 0 NA NA NA 
1760734800.0 10071.0 NA 478 896 0 299 0 NA NA NA NA 643 1197 0 408 0 NA NA NA NA 1326 1560 300 226 0 NA NA NA NA 528 1245 328 329 0 NA NA NA 
1760734800.0 101.0 338 NA NA NA NA NA NA NA NA 529 NA NA NA NA NA NA NA NA 819 NA NA NA NA NA NA NA NA 986 NA NA NA NA NA NA NA NA 
1760734800.0 1010.0 NA 198 225 0 NA NA NA NA NA NA 303 325 0 NA NA NA NA NA NA 97 145 104 NA NA NA NA NA NA 162 245 196 NA NA NA NA NA 
1760734800.0 102.0 338 NA NA NA NA NA NA NA NA 508 NA NA NA NA NA NA NA NA 763 NA NA NA NA NA NA NA NA 780 NA NA NA NA NA NA NA NA 
1760734800.0 1020.0 NA 201 189 0 199 NA NA NA NA NA 313 298 0 311 NA NA NA NA NA 142 83 41 117 NA NA NA NA NA 228 136 87 239 NA NA NA NA 
1760734800.0 10224.0 NA 754 1151 0 0 NA NA NA NA NA 1437 1489 0 0 NA NA NA NA NA 2773 4265 291 0 NA NA NA NA NA 1086 1812 347 0 NA NA NA NA 
1760734800.0 10224.15 NA 766 1144 0 0 NA NA NA NA NA 1422 1518 0 0 NA NA NA NA NA 2718 4459 289 0 NA NA NA NA NA 1080 1943 364 0 NA NA NA NA 
1760734800.0 10225.0 NA 715 1134 0 0 NA NA NA NA NA 1399 1512 0 0 NA NA NA NA NA 2613 3300 279 0 NA NA NA NA NA 1144 1672 360 0 NA NA NA NA 
1760734800.0 103.0 234 0 0 NA NA NA NA NA NA 331 0 0 NA NA NA NA NA NA 503 78 687 NA NA NA NA NA NA 527 118 973 NA NA NA NA NA NA 
1760734800.0 1030.0 NA 485 204 0 0 NA NA NA NA NA 685 304 0 0 NA NA NA NA NA 16242 100 33 31 NA NA NA NA NA 4731 96 48 42 NA NA NA NA 
1760734800.0 1040.0 NA 817 190 0 NA NA NA NA NA NA 1094 277 0 NA NA NA NA NA NA 26117 81 102 NA NA NA NA NA NA 8555 91 114 NA NA NA NA NA 
1760734800.0 1040.1 NA 264 188 0 NA NA NA NA NA NA 387 277 0 NA NA NA NA NA NA 273 87 137 NA NA NA NA NA NA 388 150 184 NA NA NA NA NA 
1760734800.0 1041.0 NA 269 201 0 NA NA NA NA NA NA 387 295 0 NA NA NA NA NA NA 171 99 55 NA NA NA NA NA NA 303 191 108 NA NA NA NA NA 
1760734800.0 1042.0 NA 265 196 0 NA NA NA NA NA NA 390 291 0 NA NA NA NA NA NA 340 94 47 NA NA NA NA NA NA 511 178 90 NA NA NA NA NA 
1760734800.0 10424.0 NA 505 885 0 NA NA NA NA NA NA 1120 1149 0 NA NA NA NA NA NA 412 1649 283 NA NA NA NA NA NA 433 1610 367 NA NA NA NA NA 
1760734800.0 1046.0 NA 231 195 0 NA NA NA NA NA NA 341 295 0 NA NA NA NA NA NA 484 79 34 NA NA NA NA NA NA 242 91 51 NA NA NA NA NA 
1760734800.0 1047.0 NA 232 214 0 NA NA NA NA NA NA 342 312 0 NA NA NA NA NA NA 518 112 40 NA NA NA NA NA NA 240 114 56 NA NA NA NA NA 
1760734800.0 1048.0 NA 232 205 0 NA NA NA NA NA NA 341 306 0 NA NA NA NA NA NA 476 108 34 NA NA NA NA NA NA 221 100 49 NA NA NA NA NA 
1760734800.0 1049.0 NA 250 0 NA NA NA NA NA NA NA 361 0 NA NA NA NA NA NA NA 728 111 NA NA NA NA NA NA NA 912 200 NA NA NA NA NA NA 
1760734800.0 105.0 270 336 212 NA NA NA NA NA NA 402 457 311 NA NA NA NA NA NA 1182 295 90 NA NA NA NA NA NA 634 201 105 NA NA NA NA NA NA 
1760734800.0 1052.0 NA 404 280 0 NA NA NA NA NA NA 619 414 0 NA NA NA NA NA NA 411 151 54 NA NA NA NA NA NA 523 278 91 NA NA NA NA NA 
1760734800.0 1052.1 NA 263 0 NA NA NA NA NA NA NA 402 0 NA NA NA NA NA NA NA 148 54 NA NA NA NA NA NA NA 246 98 NA NA NA NA NA NA 
1760734800.0 106.0 236 0 0 NA NA NA NA NA NA 334 0 0 NA NA NA NA NA NA 506 78 689 NA NA NA NA NA NA 545 136 862 NA NA NA NA NA NA 
1760734800.0 107.0 267 337 746 NA NA NA NA NA NA 410 463 1002 NA NA NA NA NA NA 1727 312 997 NA NA NA NA NA NA 725 204 916 NA NA NA NA NA NA 
1760734800.0 108.0 261 340 750 NA NA NA NA NA NA 404 462 993 NA NA NA NA NA NA 1895 316 1159 NA NA NA NA NA NA 859 206 944 NA NA NA NA NA NA 
1760734800.0 10801.0 NA 460 881 0 302 0 NA NA NA NA 616 1204 0 408 0 NA NA NA NA 1282 1138 267 217 0 NA NA NA NA 547 1184 323 258 0 NA NA NA 
1760734800.0 10802.0 NA 459 880 0 299 0 NA NA NA NA 606 1180 0 410 0 NA NA NA NA 1266 1123 275 213 0 NA NA NA NA 560 1063 346 248 0 NA NA NA 
1760734800.0 10803.0 NA 464 885 0 298 0 NA NA NA NA 623 1170 0 411 0 NA NA NA NA 1237 1201 276 217 0 NA NA NA NA 543 1097 313 282 0 NA NA NA 
1760734800.0 10804.0 NA 466 878 0 301 0 NA NA NA NA 626 1187 0 412 0 NA NA NA NA 1268 1101 260 213 0 NA NA NA NA 525 1077 371 239 0 NA NA NA 
1760734800.0 10804.31 NA 461 880 0 300 0 NA NA NA NA 621 1182 0 406 0 NA NA NA NA 1237 1070 274 212 0 NA NA NA NA 568 1250 303 238 0 NA NA NA 
1760734800.0 10805.0 NA 453 879 0 296 0 NA NA NA NA 613 1194 0 404 0 NA NA NA NA 1270 1135 284 219 0 NA NA NA NA 579 1092 391 290 0 NA NA NA 
1760734800.0 10805.31 NA 455 883 0 297 0 NA NA NA NA 605 1204 0 408 0 NA NA NA NA 1277 1146 278 226 0 NA NA NA NA 528 1368 319 260 0 NA NA NA 
1760734800.0 10806.0 NA 468 875 0 297 0 NA NA NA NA 601 1187 0 406 0 NA NA NA NA 1216 1058 272 232 0 NA NA NA NA 466 1069 347 356 0 NA NA NA 
1760734800.0 10807.0 NA 462 891 0 333 0 NA NA NA NA 603 1165 0 487 0 NA NA NA NA 1235 1116 277 227 0 NA NA NA NA 547 942 314 264 0 NA NA NA 
1760734800.0 10808.0 NA 461 891 0 329 0 NA NA NA NA 615 1184 0 490 0 NA NA NA NA 1281 1210 285 230 0 NA NA NA NA 551 1128 341 319 0 NA NA NA 
1760734800.0 10809.0 NA 538 889 0 332 0 NA NA NA NA 1164 1175 0 482 0 NA NA NA NA 1302 1261 289 231 0 NA NA NA NA 561 1129 322 299 0 NA NA NA 
1760734800.0 10823.0 NA 459 878 0 297 0 NA NA NA NA 610 1164 0 408 0 NA NA NA NA 1299 1100 275 216 0 NA NA NA NA 514 1133 341 291 0 NA NA NA 
1760734800.0 10824.0 NA 470 899 0 329 0 NA NA NA NA 619 1186 0 486 0 NA NA NA NA 1312 1541 294 240 0 NA NA NA NA 555 1327 359 272 0 NA NA NA 
1760734800.0 10824.1 NA 469 525 0 NA NA NA NA NA NA 608 725 0 NA NA NA NA NA NA 1263 614 234 NA NA NA NA NA NA 482 557 273 NA NA NA NA NA 
1760734800.0 10824.6 NA 473 904 0 330 0 NA NA NA NA 617 1199 0 485 0 NA NA NA NA 1295 1547 298 241 0 NA NA NA NA 527 1184 370 314 0 NA NA NA 
1760734800.0 10824.8 NA 466 902 0 329 0 NA NA NA NA 617 1206 0 492 0 NA NA NA NA 1343 1659 287 235 0 NA NA NA NA 612 1318 324 318 0 NA NA NA 
1760734800.0 10825.0 NA 471 895 0 300 0 NA NA NA NA 625 1182 0 412 0 NA NA NA NA 1303 1247 279 216 0 NA NA NA NA 499 1161 377 231 0 NA NA NA 
1760734800.0 10826.0 NA 470 905 0 301 0 NA NA NA NA 632 1205 0 411 0 NA NA NA NA 1303 1969 295 220 0 NA NA NA NA 547 1174 361 241 0 NA NA NA 
1760734800.0 10842.0 NA 549 896 0 335 0 NA NA NA NA 1161 1179 0 484 0 NA NA NA NA 1306 1293 286 231 0 NA NA NA NA 535 1105 370 305 0 NA NA NA 
1760734800.0 10859.0 NA 488 928 0 308 0 NA NA NA NA 625 1216 0 414 0 NA NA NA NA 1267 4000 282 198 0 NA NA NA NA 531 1748 388 212 0 NA NA NA 
1760734800.0 10871.0 NA 466 904 0 305 0 NA NA NA NA 621 1191 0 412 0 NA NA NA NA 1321 1740 293 224 0 NA NA NA NA 501 1340 317 244 0 NA NA NA 
1760734800.0 109.0 269 342 755 NA NA NA NA NA NA 402 461 1003 NA NA NA NA NA NA 1991 317 1142 NA NA NA NA NA NA 893 226 888 NA NA NA NA NA NA 
1760734800.0 11.0 NA 350 755 0 256 NA NA NA NA NA 494 983 0 360 NA NA NA NA NA 1390 1750 233 147 NA NA NA NA NA 479 1227 254 187 NA NA NA NA 
1760734800.0 110.0 240 334 736 NA NA NA NA NA NA 330 454 987 NA NA NA NA NA NA 567 287 866 NA NA NA NA NA NA 551 290 1040 NA NA NA NA NA NA 
1760734800.0 1102.0 NA 378 556 488 310 NA NA NA NA NA 521 1024 620 376 NA NA NA NA NA 1713 6034 3823 162 NA NA NA NA NA 643 2246 1188 126 NA NA NA NA 
1760734800.0 11024.0 NA 810 1249 0 0 NA NA NA NA NA 1521 1681 0 0 NA NA NA NA NA 3501 5671 289 0 NA NA NA NA NA 1418 2189 330 0 NA NA NA NA 
1760734800.0 11024.15 NA 812 1247 0 0 NA NA NA NA NA 1502 1673 0 0 NA NA NA NA NA 3563 5864 286 0 NA NA NA NA NA 1377 2239 301 0 NA NA NA NA 
1760734800.0 11024.2 NA 788 1240 0 0 NA NA NA NA NA 1509 1645 0 0 NA NA NA NA NA 3534 6105 285 0 NA NA NA NA NA 1357 2361 301 0 NA NA NA NA 
1760734800.0 11024.6 NA 819 1257 0 0 NA NA NA NA NA 1507 1677 0 0 NA NA NA NA NA 3820 5644 280 0 NA NA NA NA NA 1531 2211 295 0 NA NA NA NA 
1760734800.0 11025.0 NA 833 1218 0 0 NA NA NA NA NA 1539 1658 0 0 NA NA NA NA NA 3583 5913 286 0 NA NA NA NA NA 1418 2357 356 0 NA NA NA NA 
1760734800.0 111.0 249 335 738 NA NA NA NA NA NA 386 460 974 NA NA NA NA NA NA 886 218 893 NA NA NA NA NA NA 789 245 1260 NA NA NA NA NA NA 
1760734800.0 112.0 257 340 742 NA NA NA NA NA NA 404 462 970 NA NA NA NA NA NA 1381 301 919 NA NA NA NA NA NA 700 198 948 NA NA NA NA NA NA 
1760734800.0 11224.0 NA 507 890 0 NA NA NA NA NA NA 1117 1172 0 NA NA NA NA NA NA 369 1440 272 NA NA NA NA NA NA 325 1263 334 NA NA NA NA NA 
1760734800.0 11224.6 NA 508 893 0 NA NA NA NA NA NA 1124 1189 0 NA NA NA NA NA NA 377 1462 273 NA NA NA NA NA NA 313 1464 348 NA NA NA NA NA 
1760734800.0 113.0 271 347 518 NA NA NA NA NA NA 403 464 983 NA NA NA NA NA NA 1368 305 976 NA NA NA NA NA NA 651 196 888 NA NA NA NA NA NA 
1760734800.0 114.0 258 332 748 NA NA NA NA NA NA 400 456 969 NA NA NA NA NA NA 1362 323 1028 NA NA NA NA NA NA 700 264 986 NA NA NA NA NA NA 
1760734800.0 115.0 260 341 664 NA NA NA NA NA NA 403 461 986 NA NA NA NA NA NA 1447 310 1046 NA NA NA NA NA NA 651 194 923 NA NA NA NA NA NA 
1760734800.0 116.0 263 342 751 NA NA NA NA NA NA 404 461 1003 NA NA NA NA NA NA 1789 312 1114 NA NA NA NA NA NA 765 237 922 NA NA NA NA NA NA 
1760734800.0 11601.0 NA 468 0 NA NA NA NA NA NA NA 638 0 NA NA NA NA NA NA NA 1251 0 NA NA NA NA NA NA NA 427 0 NA NA NA NA NA NA 
1760734800.0 11602.0 NA 461 0 NA NA NA NA NA NA NA 606 0 NA NA NA NA NA NA NA 1252 0 NA NA NA NA NA NA NA 575 0 NA NA NA NA NA NA 
1760734800.0 11603.0 NA 464 0 NA NA NA NA NA NA NA 617 0 NA NA NA NA NA NA NA 1252 0 NA NA NA NA NA NA NA 588 0 NA NA NA NA NA NA 
1760734800.0 11604.0 NA 467 0 NA NA NA NA NA NA NA 630 0 NA NA NA NA NA NA NA 1251 0 NA NA NA NA NA NA NA 453 0 NA NA NA NA NA NA 
1760734800.0 11605.0 NA 458 0 NA NA NA NA NA NA NA 614 0 NA NA NA NA NA NA NA 1252 0 NA NA NA NA NA NA NA 588 0 NA NA NA NA NA NA 
1760734800.0 11606.0 NA 469 0 NA NA NA NA NA NA NA 634 0 NA NA NA NA NA NA NA 1254 0 NA NA NA NA NA NA NA 439 0 NA NA NA NA NA NA 
1760734800.0 11607.0 NA 466 0 NA NA NA NA NA NA NA 610 0 NA NA NA NA NA NA NA 1259 0 NA NA NA NA NA NA NA 517 0 NA NA NA NA NA NA 
1760734800.0 11608.0 NA 474 0 NA NA NA NA NA NA NA 627 0 NA NA NA NA NA NA NA 1257 0 NA NA NA NA NA NA NA 450 0 NA NA NA NA NA NA 
1760734800.0 11609.0 NA 471 0 NA NA NA NA NA NA NA 635 0 NA NA NA NA NA NA NA 1267 0 NA NA NA NA NA NA NA 483 0 NA NA NA NA NA NA 
1760734800.0 11630.0 NA 481 0 NA NA NA NA NA NA NA 647 0 NA NA NA NA NA NA NA 1329 0 NA NA NA NA NA NA NA 485 0 NA NA NA NA NA NA 
1760734800.0 11634.0 NA 478 0 NA NA NA NA NA NA NA 641 0 NA NA NA NA NA NA NA 1301 0 NA NA NA NA NA NA NA 466 0 NA NA NA NA NA NA 
1760734800.0 11634.1 NA 479 529 0 NA NA NA NA NA NA 638 729 0 NA NA NA NA NA NA 1299 655 233 NA NA NA NA NA NA 494 518 270 NA NA NA NA NA 
1760734800.0 11634.15 NA 476 0 NA NA NA NA NA NA NA 643 0 NA NA NA NA NA NA NA 1298 0 NA NA NA NA NA NA NA 585 0 NA NA NA NA NA NA 
1760734800.0 11634.24 NA 402 0 NA NA NA NA NA NA NA 544 0 NA NA NA NA NA NA NA 519 0 NA NA NA NA NA NA NA 482 0 NA NA NA NA NA NA 
1760734800.0 11634.5 NA 477 336 0 NA NA NA NA NA NA 628 542 0 NA NA NA NA NA NA 1308 295 102 NA NA NA NA NA NA 451 289 117 NA NA NA NA NA 
1760734800.0 11634.601 NA 469 219 0 NA NA NA NA NA NA 622 318 0 NA NA NA NA NA NA 1297 64 0 NA NA NA NA NA NA 446 69 0 NA NA NA NA NA 
1760734800.0 11634.7 NA 482 0 NA NA NA NA NA NA NA 633 0 NA NA NA NA NA NA NA 1299 0 NA NA NA NA NA NA NA 435 0 NA NA NA NA NA NA 
1760734800.0 11634.91 NA 476 0 NA NA NA NA NA NA NA 637 0 NA NA NA NA NA NA NA 1293 0 NA NA NA NA NA NA NA 586 0 NA NA NA NA NA NA 
1760734800.0 11634.914 263 477 0 NA NA NA NA NA NA 346 624 0 NA NA NA NA NA NA 2166 1384 0 NA NA NA NA NA NA 1229 565 0 NA NA NA NA NA NA 
1760734800.0 11640.0 NA 461 0 NA NA NA NA NA NA NA 627 0 NA NA NA NA NA NA NA 1259 0 NA NA NA NA NA NA NA 586 0 NA NA NA NA NA NA 
1760734800.0 11643.0 NA 478 0 NA NA NA NA NA NA NA 646 0 NA NA NA NA NA NA NA 1315 0 NA NA NA NA NA NA NA 610 0 NA NA NA NA NA NA 
1760734800.0 11646.0 NA 475 0 NA NA NA NA NA NA NA 620 0 NA NA NA NA NA NA NA 1290 0 NA NA NA NA NA NA NA 465 0 NA NA NA NA NA NA 
1760734800.0 11650.0 NA 477 0 NA NA NA NA NA NA NA 629 0 NA NA NA NA NA NA NA 1283 0 NA NA NA NA NA NA NA 497 0 NA NA NA NA NA NA 
1760734800.0 117.0 264 340 752 NA NA NA NA NA NA 402 466 980 NA NA NA NA NA NA 1911 314 1171 NA NA NA NA NA NA 784 209 890 NA NA NA NA NA NA 
1760734800.0 11723.17 NA 481 0 NA NA NA NA NA NA NA 641 0 NA NA NA NA NA NA NA 1317 0 NA NA NA NA NA NA NA 441 0 NA NA NA NA NA NA 
1760734800.0 118.0 269 353 757 NA NA NA NA NA NA 416 473 1014 NA NA NA NA NA NA 2360 343 1456 NA NA NA NA NA NA 976 210 1129 NA NA NA NA NA NA 
1760734800.0 11834.0 NA 800 0 NA NA NA NA NA NA NA 1133 0 NA NA NA NA NA NA NA 4374 0 NA NA NA NA NA NA NA 1588 0 NA NA NA NA NA NA 
1760734800.0 11834.13 NA 789 0 NA NA NA NA NA NA NA 1092 0 NA NA NA NA NA NA NA 4551 0 NA NA NA NA NA NA NA 1570 0 NA NA NA NA NA NA 
1760734800.0 11834.19 NA 820 0 NA NA NA NA NA NA NA 1153 0 NA NA NA NA NA NA NA 4712 0 NA NA NA NA NA NA NA 1614 0 NA NA NA NA NA NA 
1760734800.0 11834.21 NA 687 446 442 0 NA NA NA NA NA 929 842 612 0 NA NA NA NA NA 4117 5800 384 0 NA NA NA NA NA 1520 1755 370 0 NA NA NA NA 
1760734800.0 11834.24 NA 410 0 NA NA NA NA NA NA NA 563 0 NA NA NA NA NA NA NA 556 0 NA NA NA NA NA NA NA 485 0 NA NA NA NA NA NA 
1760734800.0 11834.99 NA 685 828 0 NA NA NA NA NA NA 1009 1142 0 NA NA NA NA NA NA 3615 1854 0 NA NA NA NA NA NA 1696 597 0 NA NA NA NA NA 
1760734800.0 11846.0 NA 844 0 NA NA NA NA NA NA NA 1166 0 NA NA NA NA NA NA NA 4578 0 NA NA NA NA NA NA NA 1789 0 NA NA NA NA NA NA 
1760734800.0 11846.19 NA 805 0 NA NA NA NA NA NA NA 1162 0 NA NA NA NA NA NA NA 4898 0 NA NA NA NA NA NA NA 1814 0 NA NA NA NA NA NA 
1760734800.0 119.0 148 336 751 NA NA NA NA NA NA 400 456 981 NA NA NA NA NA NA 1129 298 939 NA NA NA NA NA NA 631 205 908 NA NA NA NA NA NA 
1760734800.0 12.0 NA 366 786 0 NA NA NA NA NA NA 505 1025 0 NA NA NA NA NA NA 1602 4733 256 NA NA NA NA NA NA 543 2070 275 NA NA NA NA NA 
1760734800.0 120.0 236 333 731 NA NA NA NA NA NA 356 457 982 NA NA NA NA NA NA 504 287 837 NA NA NA NA NA NA 516 274 1161 NA NA NA NA NA NA 
1760734800.0 12034.0 NA 440 0 NA NA NA NA NA NA NA 594 0 NA NA NA NA NA NA NA 460 0 NA NA NA NA NA NA NA 336 0 NA NA NA NA NA NA 
1760734800.0 121.0 267 344 755 NA NA NA NA NA NA 401 467 986 NA NA NA NA NA NA 1848 311 1328 NA NA NA NA NA NA 856 204 929 NA NA NA NA NA NA 
1760734800.0 122.0 245 329 730 NA NA NA NA NA NA 364 454 974 NA NA NA NA NA NA 581 194 850 NA NA NA NA NA NA 742 248 1055 NA NA NA NA NA NA 
1760734800.0 123.1 682 NA NA NA NA NA NA NA NA 930 NA NA NA NA NA NA NA NA 798 NA NA NA NA NA NA NA NA 501 NA NA NA NA NA NA NA NA 
1760734800.0 123.2 678 NA NA NA NA NA NA NA NA 917 NA NA NA NA NA NA NA NA 1287 NA NA NA NA NA NA NA NA 652 NA NA NA NA NA NA NA NA 
1760734800.0 123.3 626 NA NA NA NA NA NA NA NA 816 NA NA NA NA NA NA NA NA 676 NA NA NA NA NA NA NA NA 750 NA NA NA NA NA NA NA NA 
1760734800.0 124.1 660 NA NA NA NA NA NA NA NA 878 NA NA NA NA NA NA NA NA 883 NA NA NA NA NA NA NA NA 986 NA NA NA NA NA NA NA NA 
1760734800.0 124.2 669 NA NA NA NA NA NA NA NA 917 NA NA NA NA NA NA NA NA 904 NA NA NA NA NA NA NA NA 879 NA NA NA NA NA NA NA NA 
1760734800.0 124.4 660 NA NA NA NA NA NA NA NA 871 NA NA NA NA NA NA NA NA 868 NA NA NA NA NA NA NA NA 976 NA NA NA NA NA NA NA NA 
1760734800.0 124.5 667 NA NA NA NA NA NA NA NA 892 NA NA NA NA NA NA NA NA 661 NA NA NA NA NA NA NA NA 420 NA NA NA NA NA NA NA NA 
1760734800.0 124.6 623 NA NA NA NA NA NA NA NA 804 NA NA NA NA NA NA NA NA 736 NA NA NA NA NA NA NA NA 807 NA NA NA NA NA NA NA NA 
1760734800.0 12434.0 NA 473 0 NA NA NA NA NA NA NA 623 0 NA NA NA NA NA NA NA 1668 0 NA NA NA NA NA NA NA 642 0 NA NA NA NA NA NA 
1760734800.0 12434.511 NA 477 310 0 NA NA NA NA NA NA 622 454 0 NA NA NA NA NA NA 1670 210 85 NA NA NA NA NA NA 538 209 101 NA NA NA NA NA 
1760734800.0 12434.521 NA 481 300 0 NA NA NA NA NA NA 634 427 0 NA NA NA NA NA NA 1671 227 93 NA NA NA NA NA NA 543 216 110 NA NA NA NA NA 
1760734800.0 12434.7 NA 482 0 NA NA NA NA NA NA NA 632 0 NA NA NA NA NA NA NA 1666 0 NA NA NA NA NA NA NA 522 0 NA NA NA NA NA NA 
1760734800.0 12446.0 NA 465 0 NA NA NA NA NA NA NA 633 0 NA NA NA NA NA NA NA 1657 0 NA NA NA NA NA NA NA 718 0 NA NA NA NA NA NA 
1760734800.0 12461.0 NA 470 0 NA NA NA NA NA NA NA 625 0 NA NA NA NA NA NA NA 1604 0 NA NA NA NA NA NA NA 521 0 NA NA NA NA NA NA 
1760734800.0 125.0 268 339 743 NA NA NA NA NA NA 406 463 988 NA NA NA NA NA NA 1693 313 985 NA NA NA NA NA NA 745 194 918 NA NA NA NA NA NA 
1760734800.0 126.0 238 334 733 NA NA NA NA NA NA 346 461 958 NA NA NA NA NA NA 883 289 909 NA NA NA NA NA NA 604 280 1162 NA NA NA NA NA NA 
1760734800.0 12634.0 NA 877 0 NA NA NA NA NA NA NA 1125 0 NA NA NA NA NA NA NA 5218 0 NA NA NA NA NA NA NA 1902 0 NA NA NA NA NA NA 
1760734800.0 12634.21 NA 709 593 387 0 NA NA NA NA NA 907 861 602 0 NA NA NA NA NA 4500 7626 398 0 NA NA NA NA NA 1787 2306 361 0 NA NA NA NA 
1760734800.0 12634.99 NA 709 822 0 NA NA NA NA NA NA 950 1134 0 NA NA NA NA NA NA 3574 2246 0 NA NA NA NA NA NA 2125 758 0 NA NA NA NA NA 
1760734800.0 127.0 236 333 733 NA NA NA NA NA NA 345 461 983 NA NA NA NA NA NA 662 289 868 NA NA NA NA NA NA 681 266 1120 NA NA NA NA NA NA 
1760734800.0 128.0 236 333 732 NA NA NA NA NA NA 329 460 972 NA NA NA NA NA NA 503 287 842 NA NA NA NA NA NA 560 267 1123 NA NA NA NA NA NA 
1760734800.0 12834.0 NA 475 0 NA NA NA NA NA NA NA 620 0 NA NA NA NA NA NA NA 653 0 NA NA NA NA NA NA NA 290 0 NA NA NA NA NA NA 
1760734800.0 12834.402 NA 472 434 0 NA NA NA NA NA NA 629 1098 0 NA NA NA NA NA NA 662 300 115 NA NA NA NA NA NA 299 260 131 NA NA NA NA NA 
1760734800.0 12834.412 NA 481 335 0 NA NA NA NA NA NA 666 478 0 NA NA NA NA NA NA 664 221 85 NA NA NA NA NA NA 290 213 103 NA NA NA NA NA 
1760734800.0 12834.7 NA 477 0 NA NA NA NA NA NA NA 617 0 NA NA NA NA NA NA NA 657 0 NA NA NA NA NA NA NA 273 0 NA NA NA NA NA NA 
1760734800.0 12846.0 NA 465 0 NA NA NA NA NA NA NA 601 0 NA NA NA NA NA NA NA 889 0 NA NA NA NA NA NA NA 512 0 NA NA NA NA NA NA 
1760734800.0 12861.0 NA 465 0 NA NA NA NA NA NA NA 620 0 NA NA NA NA NA NA NA 811 0 NA NA NA NA NA NA NA 427 0 NA NA NA NA NA NA 
1760734800.0 129.0 237 332 729 NA NA NA NA NA NA 328 448 967 NA NA NA NA NA NA 503 288 836 NA NA NA NA NA NA 549 284 1023 NA NA NA NA NA NA 
1760734800.0 13.0 NA 343 754 0 NA NA NA NA NA NA 478 1006 0 NA NA NA NA NA NA 315 3289 216 NA NA NA NA NA NA 336 2404 325 NA NA NA NA NA 
1760734800.0 130.0 236 334 734 NA NA NA NA NA NA 345 457 970 NA NA NA NA NA NA 509 288 854 NA NA NA NA NA NA 596 265 1244 NA NA NA NA NA NA 
1760734800.0 1301.0 257 384 573 NA NA NA NA NA NA 372 524 830 NA NA NA NA NA NA 1132 304 562 NA NA NA NA NA NA 648 203 542 NA NA NA NA NA NA 
1760734800.0 1301.17 253 458 597 NA NA NA NA NA NA 345 603 901 NA NA NA NA NA NA 1142 1234 623 NA NA NA NA NA NA 651 458 588 NA NA NA NA NA NA 
1760734800.0 1302.0 279 397 584 NA NA NA NA NA NA 394 530 829 NA NA NA NA NA NA 2408 347 1000 NA NA NA NA NA NA 911 253 785 NA NA NA NA NA NA 
1760734800.0 1302.17 256 468 620 NA NA NA NA NA NA 353 610 902 NA NA NA NA NA NA 2440 1275 1066 NA NA NA NA NA NA 950 516 670 NA NA NA NA NA NA 
1760734800.0 1302.18 254 463 510 448 0 NA NA NA NA 349 617 741 611 0 NA NA NA NA 2497 1269 802 367 0 NA NA NA NA 1087 472 555 370 0 NA NA NA NA 
1760734800.0 1302.181 260 468 339 466 0 NA NA NA NA 351 593 791 607 0 NA NA NA NA 2629 1275 1061 457 0 NA NA NA NA 1110 500 705 375 0 NA NA NA NA 
1760734800.0 1303.0 275 408 618 NA NA NA NA NA NA 378 533 840 NA NA NA NA NA NA 3516 269 1616 NA NA NA NA NA NA 1444 193 855 NA NA NA NA NA NA 
1760734800.0 1303.17 261 557 614 NA NA NA NA NA NA 367 1156 852 NA NA NA NA NA NA 3482 1245 2108 NA NA NA NA NA NA 1530 474 1006 NA NA NA NA NA NA 
1760734800.0 13034.0 NA 805 0 NA NA NA NA NA NA NA 1068 0 NA NA NA NA NA NA NA 3557 0 NA NA NA NA NA NA NA 1312 0 NA NA NA NA NA NA 
1760734800.0 13034.21 NA 693 579 341 0 NA NA NA NA NA 910 861 606 0 NA NA NA NA NA 3528 7046 388 0 NA NA NA NA NA 1430 2393 338 0 NA NA NA NA 
1760734800.0 13034.99 NA 682 808 0 NA NA NA NA NA NA 930 1157 0 NA NA NA NA NA NA 3626 1217 0 NA NA NA NA NA NA 1754 522 0 NA NA NA NA NA 
1760734800.0 1304.18 249 453 532 428 0 NA NA NA NA 347 592 723 609 0 NA NA NA NA 1550 1224 488 308 0 NA NA NA NA 763 474 453 304 0 NA NA NA NA 
1760734800.0 1304.181 250 455 503 425 0 NA NA NA NA 348 601 770 616 0 NA NA NA NA 1494 1228 482 310 0 NA NA NA NA 957 451 399 283 0 NA NA NA NA 
1760734800.0 1304.182 251 455 506 426 NA NA NA NA NA 346 611 718 605 NA NA NA NA NA 1529 1235 520 309 NA NA NA NA NA 759 454 479 291 NA NA NA NA NA 
1760734800.0 1306.0 NA 389 798 0 NA NA NA NA NA NA 533 1055 0 NA NA NA NA NA NA 295 877 187 NA NA NA NA NA NA 302 1194 301 NA NA NA NA NA 
1760734800.0 1307.0 NA 372 502 228 0 NA NA NA NA NA 516 706 333 0 NA NA NA NA NA 324 585 103 143 NA NA NA NA NA 335 653 199 249 NA NA NA NA 
1760734800.0 1308.0 NA 370 485 227 0 NA NA NA NA NA 520 675 333 0 NA NA NA NA NA 335 366 114 170 NA NA NA NA NA 351 591 240 288 NA NA NA NA 
1760734800.0 1309.0 NA 401 816 0 NA NA NA NA NA NA 559 1065 0 NA NA NA NA NA NA 322 1234 203 NA NA NA NA NA NA 312 1162 300 NA NA NA NA NA 
1760734800.0 131.0 238 334 738 NA NA NA NA NA NA 334 450 981 NA NA NA NA NA NA 719 286 900 NA NA NA NA NA NA 533 297 1091 NA NA NA NA NA NA 
1760734800.0 1310.0 NA 404 815 0 NA NA NA NA NA NA 546 1084 0 NA NA NA NA NA NA 326 1163 202 NA NA NA NA NA NA 294 1138 300 NA NA NA NA NA 
1760734800.0 1311.0 NA 396 812 0 258 NA NA NA NA NA 536 1054 0 363 NA NA NA NA NA 301 973 206 154 NA NA NA NA NA 298 1195 271 276 NA NA NA NA 
1760734800.0 1312.0 NA 398 816 0 NA NA NA NA NA NA 544 1065 0 NA NA NA NA NA NA 315 1246 204 NA NA NA NA NA NA 253 1068 267 NA NA NA NA NA 
1760734800.0 1313.0 NA 401 835 0 NA NA NA NA NA NA 543 1066 0 NA NA NA NA NA NA 269 2246 200 NA NA NA NA NA NA 286 1216 227 NA NA NA NA NA 
1760734800.0 1314.0 NA 398 816 0 NA NA NA NA NA NA 554 1090 0 NA NA NA NA NA NA 312 1162 205 NA NA NA NA NA NA 300 1231 303 NA NA NA NA NA 
1760734800.0 1315.0 NA 392 799 0 NA NA NA NA NA NA 546 1063 0 NA NA NA NA NA NA 292 913 188 NA NA NA NA NA NA 292 1313 269 NA NA NA NA NA 
1760734800.0 1316.0 NA 389 801 0 NA NA NA NA NA NA 543 1077 0 NA NA NA NA NA NA 298 956 192 NA NA NA NA NA NA 220 1205 270 NA NA NA NA NA 
1760734800.0 1317.0 NA 392 804 0 0 NA NA NA NA NA 534 1066 0 0 NA NA NA NA NA 294 947 188 0 NA NA NA NA NA 315 1042 312 0 NA NA NA NA 
1760734800.0 1318.0 NA 393 801 0 0 NA NA NA NA NA 531 1052 0 0 NA NA NA NA NA 294 876 185 0 NA NA NA NA NA 300 974 287 0 NA NA NA NA 
1760734800.0 1319.0 NA 389 799 0 NA NA NA NA NA NA 544 1075 0 NA NA NA NA NA NA 291 908 187 NA NA NA NA NA NA 297 1213 283 NA NA NA NA NA 
1760734800.0 132.0 255 342 753 NA NA NA NA NA NA 390 465 995 NA NA NA NA NA NA 1712 319 1155 NA NA NA NA NA NA 770 225 900 NA NA NA NA NA NA 
1760734800.0 1320.0 NA 397 801 0 0 NA NA NA NA NA 546 1035 0 0 NA NA NA NA NA 298 964 191 0 NA NA NA NA NA 274 1246 306 0 NA NA NA NA 
1760734800.0 1321.0 NA 392 809 0 0 NA NA NA NA NA 534 1075 0 0 NA NA NA NA NA 296 991 186 0 NA NA NA NA NA 291 1140 264 0 NA NA NA NA 
1760734800.0 1322.0 NA 393 807 0 0 NA NA NA NA NA 534 1070 0 0 NA NA NA NA NA 303 1027 195 0 NA NA NA NA NA 234 1313 343 0 NA NA NA NA 
1760734800.0 1323.0 NA 387 790 0 NA NA NA NA NA NA 538 1060 0 NA NA NA NA NA NA 294 870 183 NA NA NA NA NA NA 301 1165 265 NA NA NA NA NA 
1760734800.0 13234.0 NA 0 NA NA NA NA NA NA NA NA 0 NA NA NA NA NA NA NA NA 0 NA NA NA NA NA NA NA NA 0 NA NA NA NA NA NA NA 
1760734800.0 1324.0 NA 401 818 0 NA NA NA NA NA NA 545 1076 0 NA NA NA NA NA NA 327 1270 205 NA NA NA NA NA NA 287 1193 313 NA NA NA NA NA 
1760734800.0 1325.0 NA 401 816 0 268 0 NA NA NA NA 545 1060 0 376 0 NA NA NA NA 424 1685 241 204 0 NA NA NA NA 332 1567 354 369 0 NA NA NA 
1760734800.0 1325.1 NA 401 469 0 NA NA NA NA NA NA 557 667 0 NA NA NA NA NA NA 388 598 233 NA NA NA NA NA NA 411 762 380 NA NA NA NA NA 
1760734800.0 1325.2 NA 408 811 0 NA NA NA NA NA NA 550 1051 0 NA NA NA NA NA NA 333 1265 202 NA NA NA NA NA NA 300 1168 325 NA NA NA NA NA 
1760734800.0 1325.3 NA 400 459 0 NA NA NA NA NA NA 554 660 0 NA NA NA NA NA NA 457 670 226 NA NA NA NA NA NA 447 881 302 NA NA NA NA NA 
1760734800.0 1325.4 NA 401 818 0 NA NA NA NA NA NA 557 1064 0 NA NA NA NA NA NA 327 1338 205 NA NA NA NA NA NA 238 1292 302 NA NA NA NA NA 
1760734800.0 1325.9 NA 425 817 0 268 NA NA NA NA NA 579 1077 0 376 NA NA NA NA NA 410 1302 199 165 NA NA NA NA NA 339 1253 258 291 NA NA NA NA 
1760734800.0 1325.91 NA 424 822 0 269 NA NA NA NA NA 571 1078 0 376 NA NA NA NA NA 410 1334 200 163 NA NA NA NA NA 324 1034 246 253 NA NA NA NA 
1760734800.0 1326.0 NA 399 809 0 NA NA NA NA NA NA 546 1062 0 NA NA NA NA NA NA 314 1006 200 NA NA NA NA NA NA 292 1195 261 NA NA NA NA NA 
1760734800.0 1327.0 NA 396 811 0 NA NA NA NA NA NA 538 1057 0 NA NA NA NA NA NA 311 979 198 NA NA NA NA NA NA 290 916 229 NA NA NA NA NA 
1760734800.0 1328.0 NA 399 821 0 NA NA NA NA NA NA 549 1086 0 NA NA NA NA NA NA 394 1498 208 NA NA NA NA NA NA 356 1443 325 NA NA NA NA NA 
1760734800.0 1329.0 NA 396 813 0 0 NA NA NA NA NA 543 1083 0 0 NA NA NA NA NA 314 1022 201 0 NA NA NA NA NA 324 1045 264 0 NA NA NA NA 
1760734800.0 133.0 263 345 753 NA NA NA NA NA NA 396 463 997 NA NA NA NA NA NA 1901 320 1367 NA NA NA NA NA NA 829 249 975 NA NA NA NA NA NA 
1760734800.0 1330.0 NA 401 866 0 0 NA NA NA NA NA 552 1146 0 0 NA NA NA NA NA 327 1139 195 0 NA NA NA NA NA 270 1282 214 0 NA NA NA NA 
1760734800.0 1331.0 NA 394 809 0 0 NA NA NA NA NA 548 1057 0 0 NA NA NA NA NA 316 1005 199 0 NA NA NA NA NA 322 926 288 0 NA NA NA NA 
1760734800.0 1332.0 NA 398 812 0 NA NA NA NA NA NA 553 1070 0 NA NA NA NA NA NA 324 1086 203 NA NA NA NA NA NA 278 1214 333 NA NA NA NA NA 
1760734800.0 1333.0 NA 392 804 0 NA NA NA NA NA NA 542 1048 0 NA NA NA NA NA NA 313 971 196 NA NA NA NA NA NA 292 1190 340 NA NA NA NA NA 
1760734800.0 1334.0 NA 402 814 0 NA NA NA NA NA NA 551 1075 0 NA NA NA NA NA NA 320 1111 206 NA NA NA NA NA NA 285 1378 285 NA NA NA NA NA 
1760734800.0 1335.0 NA 395 808 0 NA NA NA NA NA NA 552 1059 0 NA NA NA NA NA NA 306 987 198 NA NA NA NA NA NA 267 1282 263 NA NA NA NA NA 
1760734800.0 1336.0 NA 400 836 0 NA NA NA NA NA NA 538 1062 0 NA NA NA NA NA NA 398 4156 262 NA NA NA NA NA NA 369 1870 282 NA NA NA NA NA 
1760734800.0 1337.0 NA 420 835 0 NA NA NA NA NA NA 562 1099 0 NA NA NA NA NA NA 362 2440 206 NA NA NA NA NA NA 277 1621 309 NA NA NA NA NA 
1760734800.0 1338.0 NA 400 816 0 0 NA NA NA NA NA 555 1095 0 0 NA NA NA NA NA 391 1650 233 0 NA NA NA NA NA 480 1722 304 0 NA NA NA NA 
1760734800.0 1339.0 NA 402 822 0 NA NA NA NA NA NA 554 1078 0 NA NA NA NA NA NA 337 2183 202 NA NA NA NA NA NA 334 1175 256 NA NA NA NA NA 
1760734800.0 134.0 NA 742 197 0 NA NA NA NA NA NA 966 295 0 NA NA NA NA NA NA 4013 72 40 NA NA NA NA NA NA 1625 84 60 NA NA NA NA NA 
1760734800.0 134.701 NA 215 771 0 NA NA NA NA NA NA 323 1025 0 NA NA NA NA NA NA 126 7004 245 NA NA NA NA NA NA 202 2464 265 NA NA NA NA NA 
1760734800.0 134.702 NA 225 767 0 NA NA NA NA NA NA 321 1054 0 NA NA NA NA NA NA 100 10538 165 NA NA NA NA NA NA 128 3518 176 NA NA NA NA NA 
1760734800.0 134.703 NA 227 778 0 NA NA NA NA NA NA 331 1040 0 NA NA NA NA NA NA 95 10182 174 NA NA NA NA NA NA 101 3331 241 NA NA NA NA NA 
1760734800.0 134.704 NA 226 769 0 NA NA NA NA NA NA 324 1034 0 NA NA NA NA NA NA 136 9433 170 NA NA NA NA NA NA 132 3086 205 NA NA NA NA NA 
1760734800.0 134.705 NA 228 786 0 NA NA NA NA NA NA 329 1049 0 NA NA NA NA NA NA 102 10836 186 NA NA NA NA NA NA 127 3587 204 NA NA NA NA NA 
1760734800.0 134.706 NA 187 773 0 NA NA NA NA NA NA 329 1060 0 NA NA NA NA NA NA 105 11252 199 NA NA NA NA NA NA 158 3870 217 NA NA NA NA NA 
1760734800.0 134.707 NA 227 766 0 NA NA NA NA NA NA 323 1034 0 NA NA NA NA NA NA 131 9813 173 NA NA NA NA NA NA 124 3240 189 NA NA NA NA NA 
1760734800.0 134.708 NA 218 773 0 NA NA NA NA NA NA 326 1036 0 NA NA NA NA NA NA 132 8876 169 NA NA NA NA NA NA 125 2997 183 NA NA NA NA NA 
1760734800.0 134.709 NA 223 936 0 NA NA NA NA NA NA 330 1281 0 NA NA NA NA NA NA 106 10768 172 NA NA NA NA NA NA 127 3664 196 NA NA NA NA NA 
1760734800.0 134.71 NA 214 768 0 NA NA NA NA NA NA 318 1008 0 NA NA NA NA NA NA 113 5690 242 NA NA NA NA NA NA 152 2104 258 NA NA NA NA NA 
1760734800.0 134.801 NA 226 771 0 NA NA NA NA NA NA 335 1029 0 NA NA NA NA NA NA 120 6295 235 NA NA NA NA NA NA 161 2262 255 NA NA NA NA NA 
1760734800.0 134.802 NA 232 776 0 NA NA NA NA NA NA 334 1070 0 NA NA NA NA NA NA 106 13394 169 NA NA NA NA NA NA 125 4293 183 NA NA NA NA NA 
1760734800.0 134.803 NA 234 781 0 NA NA NA NA NA NA 339 1051 0 NA NA NA NA NA NA 135 11261 177 NA NA NA NA NA NA 120 3525 193 NA NA NA NA NA 
1760734800.0 134.804 NA 235 791 0 NA NA NA NA NA NA 336 1059 0 NA NA NA NA NA NA 106 12736 160 NA NA NA NA NA NA 132 4278 171 NA NA NA NA NA 
1760734800.0 134.805 NA 233 778 0 NA NA NA NA NA NA 333 1069 0 NA NA NA NA NA NA 113 12718 174 NA NA NA NA NA NA 130 4047 192 NA NA NA NA NA 
1760734800.0 134.806 NA 230 776 0 NA NA NA NA NA NA 335 1059 0 NA NA NA NA NA NA 129 14402 176 NA NA NA NA NA NA 118 4738 252 NA NA NA NA NA 
1760734800.0 134.807 NA 265 827 0 NA NA NA NA NA NA 452 1102 0 NA NA NA NA NA NA 281 12749 232 NA NA NA NA NA NA 384 4050 262 NA NA NA NA NA 
1760734800.0 134.808 NA 337 807 0 NA NA NA NA NA NA 461 1119 0 NA NA NA NA NA NA 274 12733 197 NA NA NA NA NA NA 313 4076 208 NA NA NA NA NA 
1760734800.0 134.809 NA 234 766 0 NA NA NA NA NA NA 337 1061 0 NA NA NA NA NA NA 105 12069 171 NA NA NA NA NA NA 107 4051 184 NA NA NA NA NA 
1760734800.0 134.81 NA 232 768 0 NA NA NA NA NA NA 332 1042 0 NA NA NA NA NA NA 104 11577 174 NA NA NA NA NA NA 94 3768 194 NA NA NA NA NA 
1760734800.0 134.811 NA 234 775 0 NA NA NA NA NA NA 337 1054 0 NA NA NA NA NA NA 110 12605 173 NA NA NA NA NA NA 111 3989 253 NA NA NA NA NA 
1760734800.0 134.812 NA 225 770 0 NA NA NA NA NA NA 332 1041 0 NA NA NA NA NA NA 117 6115 222 NA NA NA NA NA NA 136 2300 247 NA NA NA NA NA 
1760734800.0 134.813 NA 489 268 0 NA NA NA NA NA NA 699 387 0 NA NA NA NA NA NA 1969 126 112 NA NA NA NA NA NA 697 130 140 NA NA NA NA NA 
1760734800.0 134.901 NA 226 759 0 NA NA NA NA NA NA 334 1029 0 NA NA NA NA NA NA 127 6520 239 NA NA NA NA NA NA 170 2410 259 NA NA NA NA NA 
1760734800.0 134.902 NA 233 775 0 NA NA NA NA NA NA 340 1034 0 NA NA NA NA NA NA 138 9344 168 NA NA NA NA NA NA 117 3068 185 NA NA NA NA NA 
1760734800.0 134.903 NA 234 765 0 NA NA NA NA NA NA 338 1036 0 NA NA NA NA NA NA 112 8124 165 NA NA NA NA NA NA 129 2953 181 NA NA NA NA NA 
1760734800.0 134.904 NA 235 774 0 NA NA NA NA NA NA 340 1035 0 NA NA NA NA NA NA 105 11044 166 NA NA NA NA NA NA 139 3543 194 NA NA NA NA NA 
1760734800.0 134.905 NA 229 766 0 NA NA NA NA NA NA 338 1052 0 NA NA NA NA NA NA 122 8023 163 NA NA NA NA NA NA 183 2978 176 NA NA NA NA NA 
1760734800.0 134.906 NA 234 769 0 NA NA NA NA NA NA 339 1049 0 NA NA NA NA NA NA 122 10055 176 NA NA NA NA NA NA 174 3443 217 NA NA NA NA NA 
1760734800.0 134.907 NA 335 799 0 NA NA NA NA NA NA 444 1077 0 NA NA NA NA NA NA 339 8717 189 NA NA NA NA NA NA 331 3055 222 NA NA NA NA NA 
1760734800.0 134.908 NA 294 795 0 NA NA NA NA NA NA 463 1078 0 NA NA NA NA NA NA 333 8762 184 NA NA NA NA NA NA 270 2937 206 NA NA NA NA NA 
1760734800.0 134.909 NA 231 767 0 NA NA NA NA NA NA 339 1043 0 NA NA NA NA NA NA 129 8783 167 NA NA NA NA NA NA 151 3039 182 NA NA NA NA NA 
1760734800.0 134.91 NA 226 767 0 NA NA NA NA NA NA 340 1027 0 NA NA NA NA NA NA 139 7392 243 NA NA NA NA NA NA 286 2756 261 NA NA NA NA NA 
1760734800.0 134.911 NA 226 771 0 NA NA NA NA NA NA 337 1040 0 NA NA NA NA NA NA 131 8488 167 NA NA NA NA NA NA 138 2786 188 NA NA NA NA NA 
1760734800.0 134.912 NA 224 762 0 NA NA NA NA NA NA 328 1010 0 NA NA NA NA NA NA 118 6640 246 NA NA NA NA NA NA 155 2524 267 NA NA NA NA NA 
1760734800.0 134.99601 NA 226 778 0 NA NA NA NA NA NA 333 1043 0 NA NA NA NA NA NA 126 15794 172 NA NA NA NA NA NA 174 4981 196 NA NA NA NA NA 
1760734800.0 134.99602 NA 226 763 0 NA NA NA NA NA NA 338 1018 0 NA NA NA NA NA NA 138 7109 226 NA NA NA NA NA NA 201 2579 243 NA NA NA NA NA 
1760734800.0 134.99603 NA 234 777 0 NA NA NA NA NA NA 338 1042 0 NA NA NA NA NA NA 141 10993 171 NA NA NA NA NA NA 131 3581 198 NA NA NA NA NA 
1760734800.0 134.99901 NA 235 767 0 NA NA NA NA NA NA 343 1040 0 NA NA NA NA NA NA 138 7574 174 NA NA NA NA NA NA 119 2730 211 NA NA NA NA NA 
1760734800.0 1340.0 NA 395 802 0 NA NA NA NA NA NA 543 1070 0 NA NA NA NA NA NA 305 930 200 NA NA NA NA NA NA 317 1052 302 NA NA NA NA NA 
1760734800.0 1341.0 NA 406 829 0 NA NA NA NA NA NA 555 1088 0 NA NA NA NA NA NA 355 2445 199 NA NA NA NA NA NA 312 1232 212 NA NA NA NA NA 
1760734800.0 1343.0 NA 399 815 0 NA NA NA NA NA NA 542 1093 0 NA NA NA NA NA NA 325 1290 207 NA NA NA NA NA NA 279 1245 296 NA NA NA NA NA 
1760734800.0 13434.0 NA 0 NA NA NA NA NA NA NA NA 0 NA NA NA NA NA NA NA NA 0 NA NA NA NA NA NA NA NA 0 NA NA NA NA NA NA NA 
1760734800.0 1344.0 NA 397 812 0 NA NA NA NA NA NA 555 1077 0 NA NA NA NA NA NA 328 1242 199 NA NA NA NA NA NA 297 1249 300 NA NA NA NA NA 
1760734800.0 1345.0 NA 398 823 0 NA NA NA NA NA NA 550 1084 0 NA NA NA NA NA NA 315 1222 201 NA NA NA NA NA NA 278 1240 290 NA NA NA NA NA 
1760734800.0 1347.0 NA 398 813 0 NA NA NA NA NA NA 550 1075 0 NA NA NA NA NA NA 318 1075 207 NA NA NA NA NA NA 274 1231 340 NA NA NA NA NA 
1760734800.0 1348.0 NA 395 805 0 NA NA NA NA NA NA 545 1047 0 NA NA NA NA NA NA 314 967 199 NA NA NA NA NA NA 304 1243 283 NA NA NA NA NA 
1760734800.0 1349.0 NA 396 808 0 NA NA NA NA NA NA 543 1086 0 NA NA NA NA NA NA 318 1023 201 NA NA NA NA NA NA 303 1168 335 NA NA NA NA NA 
1760734800.0 135.1 717 0 414 0 NA NA NA NA NA 983 0 565 0 NA NA NA NA NA 923 116 332 0 NA NA NA NA NA 774 181 326 0 NA NA NA NA NA 
1760734800.0 135.11 724 0 421 0 NA NA NA NA NA 978 0 573 0 NA NA NA NA NA 1514 116 428 0 NA NA NA NA NA 774 167 469 0 NA NA NA NA NA 
1760734800.0 135.12 714 0 409 0 NA NA NA NA NA 981 0 570 0 NA NA NA NA NA 793 113 317 0 NA NA NA NA NA 693 182 388 0 NA NA NA NA NA 
1760734800.0 135.13 674 0 NA NA NA NA NA NA NA 908 0 NA NA NA NA NA NA NA 924 155 NA NA NA NA NA NA NA 510 169 NA NA NA NA NA NA NA 
1760734800.0 135.14 716 0 416 0 NA NA NA NA NA 955 0 561 0 NA NA NA NA NA 922 112 347 0 NA NA NA NA NA 819 139 403 0 NA NA NA NA NA 
1760734800.0 135.2 671 0 408 0 NA NA NA NA NA 895 0 554 0 NA NA NA NA NA 724 124 362 0 NA NA NA NA NA 617 203 567 0 NA NA NA NA NA 
1760734800.0 135.3 668 0 407 0 NA NA NA NA NA 875 0 559 0 NA NA NA NA NA 832 129 362 0 NA NA NA NA NA 690 167 545 0 NA NA NA NA NA 
1760734800.0 135.4 711 0 407 0 NA NA NA NA NA 970 0 547 0 NA NA NA NA NA 906 149 367 0 NA NA NA NA NA 796 207 561 0 NA NA NA NA NA 
1760734800.0 135.5 709 0 412 0 NA NA NA NA NA 949 0 567 0 NA NA NA NA NA 870 133 360 0 NA NA NA NA NA 837 217 451 0 NA NA NA NA NA 
1760734800.0 135.6 716 0 415 0 NA NA NA NA NA 971 0 560 0 NA NA NA NA NA 908 117 342 0 NA NA NA NA NA 812 202 462 0 NA NA NA NA NA 
1760734800.0 135.7 716 0 411 0 NA NA NA NA NA 961 0 567 0 NA NA NA NA NA 760 110 308 0 NA NA NA NA NA 726 184 398 0 NA NA NA NA NA 
1760734800.0 135.8 392 NA NA NA NA NA NA NA NA 552 NA NA NA NA NA NA NA NA 627 NA NA NA NA NA NA NA NA 297 NA NA NA NA NA NA NA NA 
1760734800.0 135.9 714 0 407 0 NA NA NA NA NA 967 0 562 0 NA NA NA NA NA 799 138 418 0 NA NA NA NA NA 776 180 519 0 NA NA NA NA NA 
1760734800.0 1350.0 NA 398 813 0 NA NA NA NA NA NA 547 1035 0 NA NA NA NA NA NA 312 1036 202 NA NA NA NA NA NA 268 924 315 NA NA NA NA NA 
1760734800.0 1351.0 NA 399 808 0 NA NA NA NA NA NA 549 1056 0 NA NA NA NA NA NA 317 1017 201 NA NA NA NA NA NA 292 896 303 NA NA NA NA NA 
1760734800.0 1352.0 NA 394 806 0 NA NA NA NA NA NA 547 1089 0 NA NA NA NA NA NA 315 965 200 NA NA NA NA NA NA 281 1108 274 NA NA NA NA NA 
1760734800.0 1353.0 NA 397 814 0 NA NA NA NA NA NA 553 1064 0 NA NA NA NA NA NA 325 1183 197 NA NA NA NA NA NA 299 1348 296 NA NA NA NA NA 
1760734800.0 1354.0 NA 399 816 0 NA NA NA NA NA NA 547 1074 0 NA NA NA NA NA NA 328 1226 202 NA NA NA NA NA NA 302 1414 350 NA NA NA NA NA 
1760734800.0 1355.0 NA 411 816 0 NA NA NA NA NA NA 547 1082 0 NA NA NA NA NA NA 335 1200 197 NA NA NA NA NA NA 267 1306 242 NA NA NA NA NA 
1760734800.0 1356.0 267 397 855 0 424 NA NA NA NA 381 526 1081 0 616 NA NA NA NA 1476 412 1258 257 443 NA NA NA NA 705 275 1004 284 398 NA NA NA NA 
1760734800.0 136.721 NA 324 803 0 NA NA NA NA NA NA 444 1072 0 NA NA NA NA NA NA 316 11676 172 NA NA NA NA NA NA 290 3773 205 NA NA NA NA NA 
1760734800.0 136.722 NA 332 752 0 NA NA NA NA NA NA 440 1016 0 NA NA NA NA NA NA 346 14949 122 NA NA NA NA NA NA 269 4753 141 NA NA NA NA NA 
1760734800.0 136.723 NA 331 817 0 NA NA NA NA NA NA 431 1093 0 NA NA NA NA NA NA 355 13178 168 NA NA NA NA NA NA 295 4127 183 NA NA NA NA NA 
1760734800.0 136.724 NA 318 756 0 NA NA NA NA NA NA 438 1043 0 NA NA NA NA NA NA 340 16775 118 NA NA NA NA NA NA 274 5420 162 NA NA NA NA NA 
1760734800.0 136.725 NA 319 735 0 NA NA NA NA NA NA 444 1032 0 NA NA NA NA NA NA 267 14010 114 NA NA NA NA NA NA 283 4442 133 NA NA NA NA NA 
1760734800.0 136.726 NA 318 711 0 NA NA NA NA NA NA 444 964 0 NA NA NA NA NA NA 299 15218 100 NA NA NA NA NA NA 301 4923 117 NA NA NA NA NA 
1760734800.0 136.727 NA 392 834 0 NA NA NA NA NA NA 579 1186 0 NA NA NA NA NA NA 523 13066 172 NA NA NA NA NA NA 445 4240 187 NA NA NA NA NA 
1760734800.0 136.728 NA 382 831 0 NA NA NA NA NA NA 576 1144 0 NA NA NA NA NA NA 489 14193 176 NA NA NA NA NA NA 482 4686 237 NA NA NA NA NA 
1760734800.0 136.729 NA 323 821 0 NA NA NA NA NA NA 437 1138 0 NA NA NA NA NA NA 344 14904 134 NA NA NA NA NA NA 340 4712 158 NA NA NA NA NA 
1760734800.0 136.73 NA 322 785 0 NA NA NA NA NA NA 441 1108 0 NA NA NA NA NA NA 349 13913 124 NA NA NA NA NA NA 298 4656 147 NA NA NA NA NA 
1760734800.0 136.731 NA 325 724 0 NA NA NA NA NA NA 432 1027 0 NA NA NA NA NA NA 316 14754 121 NA NA NA NA NA NA 320 4713 136 NA NA NA NA NA 
1760734800.0 136.732 NA 318 869 0 NA NA NA NA NA NA 439 1150 0 NA NA NA NA NA NA 271 10273 172 NA NA NA NA NA NA 254 3277 196 NA NA NA NA NA 
1760734800.0 136.733 NA 504 276 0 NA NA NA NA NA NA 705 395 0 NA NA NA NA NA NA 1268 155 111 NA NA NA NA NA NA 545 186 136 NA NA NA NA NA 
1760734800.0 136.734 NA 324 709 0 NA NA NA NA NA NA 438 981 0 NA NA NA NA NA NA 374 13865 118 NA NA NA NA NA NA 270 4565 132 NA NA NA NA NA 
1760734800.0 136.735 NA 321 749 0 NA NA NA NA NA NA 444 994 0 NA NA NA NA NA NA 219 1868 142 NA NA NA NA NA NA 224 1450 243 NA NA NA NA NA 
1760734800.0 136.736 NA 318 814 0 NA NA NA NA NA NA 444 1137 0 NA NA NA NA NA NA 350 24525 179 NA NA NA NA NA NA 314 7804 310 NA NA NA NA NA 
1760734800.0 136.737 NA 326 717 0 NA NA NA NA NA NA 434 1045 0 NA NA NA NA NA NA 341 29820 128 NA NA NA NA NA NA 372 9652 198 NA NA NA NA NA 
1760734800.0 136.738 NA 317 814 0 NA NA NA NA NA NA 438 1158 0 NA NA NA NA NA NA 338 27687 193 NA NA NA NA NA NA 277 8897 207 NA NA NA NA NA 
1760734800.0 136.739 NA 318 750 0 NA NA NA NA NA NA 439 1070 0 NA NA NA NA NA NA 386 33382 116 NA NA NA NA NA NA 404 10680 180 NA NA NA NA NA 
1760734800.0 136.74 NA 326 745 0 NA NA NA NA NA NA 445 1092 0 NA NA NA NA NA NA 383 28364 121 NA NA NA NA NA NA 276 8986 207 NA NA NA NA NA 
1760734800.0 136.741 NA 330 714 0 NA NA NA NA NA NA 445 1023 0 NA NA NA NA NA NA 361 30553 115 NA NA NA NA NA NA 255 10633 185 NA NA NA NA NA 
1760734800.0 136.742 NA 316 826 0 NA NA NA NA NA NA 432 1140 0 NA NA NA NA NA NA 320 27242 143 NA NA NA NA NA NA 358 8598 264 NA NA NA NA NA 
1760734800.0 136.743 NA 317 880 0 NA NA NA NA NA NA 441 1198 0 NA NA NA NA NA NA 388 24092 134 NA NA NA NA NA NA 341 7495 213 NA NA NA NA NA 
1760734800.0 136.744 NA 317 722 0 NA NA NA NA NA NA 444 1067 0 NA NA NA NA NA NA 376 28254 138 NA NA NA NA NA NA 281 9335 204 NA NA NA NA NA 
1760734800.0 136.745 NA 317 858 0 NA NA NA NA NA NA 434 1168 0 NA NA NA NA NA NA 317 18149 179 NA NA NA NA NA NA 315 5768 235 NA NA NA NA NA 
1760734800.0 136.746 NA 332 712 0 NA NA NA NA NA NA 431 1025 0 NA NA NA NA NA NA 389 25772 123 NA NA NA NA NA NA 285 7895 162 NA NA NA NA NA 
1760734800.0 136.747 NA 318 811 0 NA NA NA NA NA NA 442 1102 0 NA NA NA NA NA NA 353 25071 181 NA NA NA NA NA NA 377 8083 276 NA NA NA NA NA 
1760734800.0 136.748 NA 322 717 0 NA NA NA NA NA NA 442 1011 0 NA NA NA NA NA NA 321 25514 126 NA NA NA NA NA NA 257 8393 200 NA NA NA NA NA 
1760734800.0 136.749 NA 326 821 0 NA NA NA NA NA NA 441 1136 0 NA NA NA NA NA NA 393 29379 186 NA NA NA NA NA NA 462 9288 280 NA NA NA NA NA 
1760734800.0 136.75 NA 324 734 0 NA NA NA NA NA NA 434 1079 0 NA NA NA NA NA NA 379 33742 115 NA NA NA NA NA NA 316 11039 188 NA NA NA NA NA 
1760734800.0 136.751 NA 318 739 0 NA NA NA NA NA NA 448 1075 0 NA NA NA NA NA NA 357 34518 118 NA NA NA NA NA NA 426 11024 191 NA NA NA NA NA 
1760734800.0 136.752 NA 317 720 0 NA NA NA NA NA NA 445 1011 0 NA NA NA NA NA NA 355 27896 111 NA NA NA NA NA NA 321 8978 168 NA NA NA NA NA 
1760734800.0 136.753 NA 322 826 0 NA NA NA NA NA NA 445 1169 0 NA NA NA NA NA NA 332 31302 145 NA NA NA NA NA NA 455 10948 234 NA NA NA NA NA 
1760734800.0 136.754 NA 323 892 0 NA NA NA NA NA NA 451 1192 0 NA NA NA NA NA NA 364 21380 142 NA NA NA NA NA NA 387 6853 242 NA NA NA NA NA 
1760734800.0 136.755 NA 317 724 0 NA NA NA NA NA NA 438 1072 0 NA NA NA NA NA NA 356 30569 135 NA NA NA NA NA NA 311 10276 212 NA NA NA NA NA 
1760734800.0 136.756 NA 330 872 0 NA NA NA NA NA NA 443 1176 0 NA NA NA NA NA NA 324 16789 174 NA NA NA NA NA NA 268 5103 188 NA NA NA NA NA 
1760734800.0 136.757 NA 324 719 0 NA NA NA NA NA NA 443 1020 0 NA NA NA NA NA NA 318 24219 134 NA NA NA NA NA NA 276 7712 231 NA NA NA NA NA 
1760734800.0 136.758 NA 320 819 0 NA NA NA NA NA NA 444 1142 0 NA NA NA NA NA NA 400 33669 179 NA NA NA NA NA NA 496 11378 274 NA NA NA NA NA 
1760734800.0 136.759 NA 317 731 0 NA NA NA NA NA NA 435 1069 0 NA NA NA NA NA NA 289 38876 120 NA NA NA NA NA NA 266 12211 183 NA NA NA NA NA 
1760734800.0 136.76 NA 323 839 0 NA NA NA NA NA NA 438 1152 0 NA NA NA NA NA NA 316 42721 168 NA NA NA NA NA NA 249 12869 229 NA NA NA NA NA 
1760734800.0 136.761 NA 324 743 0 NA NA NA NA NA NA 434 1130 0 NA NA NA NA NA NA 303 48220 113 NA NA NA NA NA NA 251 15325 131 NA NA NA NA NA 
1760734800.0 136.762 NA 320 755 0 NA NA NA NA NA NA 441 1056 0 NA NA NA NA NA NA 313 54451 116 NA NA NA NA NA NA 183 18203 175 NA NA NA NA NA 
1760734800.0 136.763 NA 317 714 0 NA NA NA NA NA NA 445 1012 0 NA NA NA NA NA NA 308 41261 102 NA NA NA NA NA NA 256 13156 179 NA NA NA NA NA 
1760734800.0 136.764 NA 324 830 0 NA NA NA NA NA NA 434 1151 0 NA NA NA NA NA NA 293 41117 135 NA NA NA NA NA NA 223 13384 184 NA NA NA NA NA 
1760734800.0 136.765 NA 323 887 0 NA NA NA NA NA NA 434 1187 0 NA NA NA NA NA NA 359 33676 135 NA NA NA NA NA NA 387 10473 217 NA NA NA NA NA 
1760734800.0 136.766 NA 319 729 0 NA NA NA NA NA NA 437 1098 0 NA NA NA NA NA NA 298 40062 120 NA NA NA NA NA NA 283 12831 178 NA NA NA NA NA 
1760734800.0 136.767 NA 317 868 0 NA NA NA NA NA NA 434 1202 0 NA NA NA NA NA NA 347 28194 195 NA NA NA NA NA NA 338 9025 309 NA NA NA NA NA 
1760734800.0 136.768 NA 319 704 0 NA NA NA NA NA NA 440 1050 0 NA NA NA NA NA NA 424 36997 124 NA NA NA NA NA NA 302 11722 190 NA NA NA NA NA 
1760734800.0 136.769 NA 332 833 0 NA NA NA NA NA NA 442 1117 0 NA NA NA NA NA NA 334 22974 170 NA NA NA NA NA NA 313 7405 188 NA NA NA NA NA 
1760734800.0 136.77 NA 321 726 0 NA NA NA NA NA NA 439 1053 0 NA NA NA NA NA NA 388 25390 122 NA NA NA NA NA NA 292 8277 198 NA NA NA NA NA 
1760734800.0 136.771 NA 323 819 0 NA NA NA NA NA NA 449 1132 0 NA NA NA NA NA NA 308 23748 183 NA NA NA NA NA NA 249 7723 276 NA NA NA NA NA 
1760734800.0 136.772 NA 319 737 0 NA NA NA NA NA NA 437 1070 0 NA NA NA NA NA NA 370 29507 121 NA NA NA NA NA NA 364 9601 205 NA NA NA NA NA 
1760734800.0 136.773 NA 319 728 0 NA NA NA NA NA NA 431 1090 0 NA NA NA NA NA NA 342 24698 115 NA NA NA NA NA NA 305 8268 187 NA NA NA NA NA 
1760734800.0 136.774 NA 334 719 0 NA NA NA NA NA NA 439 1006 0 NA NA NA NA NA NA 371 24979 106 NA NA NA NA NA NA 305 7960 163 NA NA NA NA NA 
1760734800.0 136.775 NA 326 822 0 NA NA NA NA NA NA 440 1139 0 NA NA NA NA NA NA 352 22977 140 NA NA NA NA NA NA 281 7486 221 NA NA NA NA NA 
1760734800.0 136.776 NA 319 876 0 NA NA NA NA NA NA 444 1205 0 NA NA NA NA NA NA 384 20893 131 NA NA NA NA NA NA 334 6673 157 NA NA NA NA NA 
1760734800.0 136.777 NA 325 729 0 NA NA NA NA NA NA 443 1066 0 NA NA NA NA NA NA 357 27513 130 NA NA NA NA NA NA 472 9631 169 NA NA NA NA NA 
1760734800.0 136.778 NA 319 869 0 NA NA NA NA NA NA 441 1174 0 NA NA NA NA NA NA 272 14269 182 NA NA NA NA NA NA 260 4759 278 NA NA NA NA NA 
1760734800.0 136.779 NA 326 728 0 NA NA NA NA NA NA 439 992 0 NA NA NA NA NA NA 423 22986 132 NA NA NA NA NA NA 319 7141 209 NA NA NA NA NA 
1760734800.0 136.78 NA 346 909 0 NA NA NA NA NA NA 461 1260 0 NA NA NA NA NA NA 348 31802 221 NA NA NA NA NA NA 462 11095 255 NA NA NA NA NA 
1760734800.0 136.7801 NA 324 0 NA NA NA NA NA NA NA 459 0 NA NA NA NA NA NA NA 418 116 NA NA NA NA NA NA NA 604 208 NA NA NA NA NA NA 
1760734800.0 136.7802 NA 261 0 NA NA NA NA NA NA NA 373 0 NA NA NA NA NA NA NA 201 95 NA NA NA NA NA NA NA 362 179 NA NA NA NA NA NA 
1760734800.0 136.7803 NA 343 0 NA NA NA NA NA NA NA 475 0 NA NA NA NA NA NA NA 443 131 NA NA NA NA NA NA NA 713 223 NA NA NA NA NA NA 
1760734800.0 136.781 NA 341 768 0 NA NA NA NA NA NA 456 1158 0 NA NA NA NA NA NA 323 30270 168 NA NA NA NA NA NA 314 10024 191 NA NA NA NA NA 
1760734800.0 136.782 NA 343 905 0 NA NA NA NA NA NA 472 1269 0 NA NA NA NA NA NA 319 31627 209 NA NA NA NA NA NA 262 9937 290 NA NA NA NA NA 
1760734800.0 136.783 NA 348 789 0 NA NA NA NA NA NA 473 1211 0 NA NA NA NA NA NA 356 38447 162 NA NA NA NA NA NA 434 12746 261 NA NA NA NA NA 
1760734800.0 136.784 NA 340 770 0 NA NA NA NA NA NA 460 1111 0 NA NA NA NA NA NA 322 28002 156 NA NA NA NA NA NA 354 9185 230 NA NA NA NA NA 
1760734800.0 136.785 NA 341 765 0 NA NA NA NA NA NA 464 1083 0 NA NA NA NA NA NA 365 32313 154 NA NA NA NA NA NA 326 10593 254 NA NA NA NA NA 
1760734800.0 136.786 NA 340 908 0 NA NA NA NA NA NA 458 1300 0 NA NA NA NA NA NA 367 31903 179 NA NA NA NA NA NA 478 9982 229 NA NA NA NA NA 
1760734800.0 136.787 NA 340 986 0 NA NA NA NA NA NA 461 1382 0 NA NA NA NA NA NA 353 28531 185 NA NA NA NA NA NA 355 9211 207 NA NA NA NA NA 
1760734800.0 136.788 NA 342 773 0 NA NA NA NA NA NA 463 1190 0 NA NA NA NA NA NA 353 36004 161 NA NA NA NA NA NA 423 11437 183 NA NA NA NA NA 
1760734800.0 136.789 NA 341 979 0 NA NA NA NA NA NA 468 1357 0 NA NA NA NA NA NA 318 26542 225 NA NA NA NA NA NA 342 8485 321 NA NA NA NA NA 
1760734800.0 136.79 NA 354 771 0 NA NA NA NA NA NA 470 1063 0 NA NA NA NA NA NA 438 14928 162 NA NA NA NA NA NA 302 4785 208 NA NA NA NA NA 
1760734800.0 136.791 NA 344 823 0 NA NA NA NA NA NA 471 1093 0 NA NA NA NA NA NA 224 2291 188 NA NA NA NA NA NA 246 1873 247 NA NA NA NA NA 
1760734800.0 136.792 NA 350 898 0 NA NA NA NA NA NA 473 1269 0 NA NA NA NA NA NA 281 22648 221 NA NA NA NA NA NA 273 7496 259 NA NA NA NA NA 
1760734800.0 136.793 NA 341 814 0 NA NA NA NA NA NA 474 1165 0 NA NA NA NA NA NA 322 22422 163 NA NA NA NA NA NA 363 7402 263 NA NA NA NA NA 
1760734800.0 136.794 NA 355 908 0 NA NA NA NA NA NA 466 1257 0 NA NA NA NA NA NA 408 24118 214 NA NA NA NA NA NA 306 7784 309 NA NA NA NA NA 
1760734800.0 136.795 NA 354 811 0 NA NA NA NA NA NA 459 1163 0 NA NA NA NA NA NA 329 25730 161 NA NA NA NA NA NA 289 8463 244 NA NA NA NA NA 
1760734800.0 136.796 NA 344 774 0 NA NA NA NA NA NA 469 1096 0 NA NA NA NA NA NA 322 21760 155 NA NA NA NA NA NA 339 7118 203 NA NA NA NA NA 
1760734800.0 136.797 NA 343 757 0 NA NA NA NA NA NA 470 1080 0 NA NA NA NA NA NA 388 25639 146 NA NA NA NA NA NA 282 8382 209 NA NA NA NA NA 
1760734800.0 136.798 NA 354 914 0 NA NA NA NA NA NA 459 1252 0 NA NA NA NA NA NA 359 24475 182 NA NA NA NA NA NA 253 7645 240 NA NA NA NA NA 
1760734800.0 136.799 NA 354 990 0 NA NA NA NA NA NA 463 1409 0 NA NA NA NA NA NA 361 22739 168 NA NA NA NA NA NA 240 7335 184 NA NA NA NA NA 
1760734800.0 136.8 NA 344 785 0 NA NA NA NA NA NA 467 1167 0 NA NA NA NA NA NA 320 25163 164 NA NA NA NA NA NA 271 7825 238 NA NA NA NA NA 
1760734800.0 136.801 NA 341 972 0 NA NA NA NA NA NA 460 1296 0 NA NA NA NA NA NA 280 14408 210 NA NA NA NA NA NA 272 4930 235 NA NA NA NA NA 
1760734800.0 136.802 NA 347 771 0 NA NA NA NA NA NA 462 1106 0 NA NA NA NA NA NA 411 19667 165 NA NA NA NA NA NA 334 6356 256 NA NA NA NA NA 
1760734800.0 136.803 NA 347 834 0 NA NA NA NA NA NA 476 1095 0 NA NA NA NA NA NA 291 2453 190 NA NA NA NA NA NA 227 1972 268 NA NA NA NA NA 
1760734800.0 136.804 NA 344 896 0 NA NA NA NA NA NA 463 1288 0 NA NA NA NA NA NA 339 22018 209 NA NA NA NA NA NA 371 7155 229 NA NA NA NA NA 
1760734800.0 136.805 NA 346 771 0 NA NA NA NA NA NA 471 1158 0 NA NA NA NA NA NA 289 24343 162 NA NA NA NA NA NA 243 8099 261 NA NA NA NA NA 
1760734800.0 136.806 NA 343 906 0 NA NA NA NA NA NA 470 1252 0 NA NA NA NA NA NA 349 21687 206 NA NA NA NA NA NA 361 7012 225 NA NA NA NA NA 
1760734800.0 136.807 NA 355 775 0 NA NA NA NA NA NA 470 1171 0 NA NA NA NA NA NA 358 25620 152 NA NA NA NA NA NA 287 8312 172 NA NA NA NA NA 
1760734800.0 136.808 NA 343 792 0 NA NA NA NA NA NA 468 1167 0 NA NA NA NA NA NA 339 23243 166 NA NA NA NA NA NA 321 7548 275 NA NA NA NA NA 
1760734800.0 136.809 NA 346 752 0 NA NA NA NA NA NA 463 1096 0 NA NA NA NA NA NA 382 23202 148 NA NA NA NA NA NA 302 7388 259 NA NA NA NA NA 
1760734800.0 136.81 NA 342 905 0 NA NA NA NA NA NA 472 1279 0 NA NA NA NA NA NA 313 22776 176 NA NA NA NA NA NA 358 7315 278 NA NA NA NA NA 
1760734800.0 136.811 NA 342 986 0 NA NA NA NA NA NA 465 1372 0 NA NA NA NA NA NA 355 21800 177 NA NA NA NA NA NA 359 6996 197 NA NA NA NA NA 
1760734800.0 136.812 NA 343 795 0 NA NA NA NA NA NA 461 1179 0 NA NA NA NA NA NA 384 26950 168 NA NA NA NA NA NA 299 8691 252 NA NA NA NA NA 
1760734800.0 136.813 NA 342 959 0 NA NA NA NA NA NA 474 1266 0 NA NA NA NA NA NA 273 14370 213 NA NA NA NA NA NA 298 4651 268 NA NA NA NA NA 
1760734800.0 136.814 NA 343 773 0 NA NA NA NA NA NA 463 1114 0 NA NA NA NA NA NA 396 20993 167 NA NA NA NA NA NA 388 6545 272 NA NA NA NA NA 
1760734800.0 136.815 NA 346 828 0 NA NA NA NA NA NA 466 1103 0 NA NA NA NA NA NA 229 2355 186 NA NA NA NA NA NA 237 1803 275 NA NA NA NA NA 
1760734800.0 136.816 NA 345 916 0 NA NA NA NA NA NA 466 1299 0 NA NA NA NA NA NA 284 35981 199 NA NA NA NA NA NA 274 11252 220 NA NA NA NA NA 
1760734800.0 136.817 NA 344 784 0 NA NA NA NA NA NA 459 1192 0 NA NA NA NA NA NA 353 32109 173 NA NA NA NA NA NA 242 10444 272 NA NA NA NA NA 
1760734800.0 136.818 NA 349 914 0 NA NA NA NA NA NA 463 1266 0 NA NA NA NA NA NA 387 33466 216 NA NA NA NA NA NA 413 10561 309 NA NA NA NA NA 
1760734800.0 136.819 NA 342 796 0 NA NA NA NA NA NA 460 1201 0 NA NA NA NA NA NA 282 38427 153 NA NA NA NA NA NA 270 12551 227 NA NA NA NA NA 
1760734800.0 136.82 NA 347 775 0 NA NA NA NA NA NA 464 1157 0 NA NA NA NA NA NA 333 36398 154 NA NA NA NA NA NA 374 11427 169 NA NA NA NA NA 
1760734800.0 136.821 NA 347 762 0 NA NA NA NA NA NA 474 1107 0 NA NA NA NA NA NA 378 32855 149 NA NA NA NA NA NA 269 11166 162 NA NA NA NA NA 
1760734800.0 136.822 NA 342 920 0 NA NA NA NA NA NA 461 1298 0 NA NA NA NA NA NA 267 32073 173 NA NA NA NA NA NA 243 9895 197 NA NA NA NA NA 
1760734800.0 136.823 NA 344 985 0 NA NA NA NA NA NA 455 1409 0 NA NA NA NA NA NA 413 29406 181 NA NA NA NA NA NA 282 9823 200 NA NA NA NA NA 
1760734800.0 136.824 NA 342 794 0 NA NA NA NA NA NA 468 1218 0 NA NA NA NA NA NA 288 42227 159 NA NA NA NA NA NA 278 13676 234 NA NA NA NA NA 
1760734800.0 136.825 NA 342 994 0 NA NA NA NA NA NA 468 1323 0 NA NA NA NA NA NA 335 20068 209 NA NA NA NA NA NA 318 6510 298 NA NA NA NA NA 
1760734800.0 136.826 NA 341 768 0 NA NA NA NA NA NA 460 1142 0 NA NA NA NA NA NA 314 30674 161 NA NA NA NA NA NA 207 9938 256 NA NA NA NA NA 
1760734800.0 136.827 NA 347 838 0 NA NA NA NA NA NA 466 1114 0 NA NA NA NA NA NA 280 2716 189 NA NA NA NA NA NA 274 1593 204 NA NA NA NA NA 
1760734800.0 136.828 NA 346 946 0 NA NA NA NA NA NA 471 1332 0 NA NA NA NA NA NA 418 48127 214 NA NA NA NA NA NA 514 18666 293 NA NA NA NA NA 
1760734800.0 136.829 NA 346 775 0 NA NA NA NA NA NA 468 1216 0 NA NA NA NA NA NA 384 47608 167 NA NA NA NA NA NA 495 18319 314 NA NA NA NA NA 
1760734800.0 136.83 NA 344 915 0 NA NA NA NA NA NA 468 1290 0 NA NA NA NA NA NA 367 39298 211 NA NA NA NA NA NA 330 12307 278 NA NA NA NA NA 
1760734800.0 136.831 NA 348 798 0 NA NA NA NA NA NA 468 1189 0 NA NA NA NA NA NA 291 43660 151 NA NA NA NA NA NA 276 13758 174 NA NA NA NA NA 
1760734800.0 136.832 NA 343 814 0 NA NA NA NA NA NA 472 1198 0 NA NA NA NA NA NA 295 47822 158 NA NA NA NA NA NA 266 16429 219 NA NA NA NA NA 
1760734800.0 136.833 NA 346 768 0 NA NA NA NA NA NA 465 1135 0 NA NA NA NA NA NA 311 42173 140 NA NA NA NA NA NA 280 13338 211 NA NA NA NA NA 
1760734800.0 136.834 NA 342 925 0 NA NA NA NA NA NA 461 1304 0 NA NA NA NA NA NA 287 39832 168 NA NA NA NA NA NA 274 12675 187 NA NA NA NA NA 
1760734800.0 136.835 NA 341 1017 0 NA NA NA NA NA NA 453 1448 0 NA NA NA NA NA NA 362 34981 177 NA NA NA NA NA NA 432 11401 197 NA NA NA NA NA 
1760734800.0 136.836 NA 346 800 0 NA NA NA NA NA NA 464 1216 0 NA NA NA NA NA NA 294 43076 155 NA NA NA NA NA NA 280 13778 230 NA NA NA NA NA 
1760734800.0 136.837 NA 349 988 0 NA NA NA NA NA NA 464 1352 0 NA NA NA NA NA NA 337 31702 218 NA NA NA NA NA NA 466 10839 310 NA NA NA NA NA 
1760734800.0 136.838 NA 342 779 0 NA NA NA NA NA NA 463 1133 0 NA NA NA NA NA NA 319 36023 158 NA NA NA NA NA NA 260 11601 240 NA NA NA NA NA 
1760734800.0 136.839 NA 349 829 0 NA NA NA NA NA NA 471 1140 0 NA NA NA NA NA NA 234 2644 177 NA NA NA NA NA NA 235 1440 199 NA NA NA NA NA 
1760734800.0 136.8391 NA 387 927 0 NA NA NA NA NA NA 533 1279 0 NA NA NA NA NA NA 680 33208 194 NA NA NA NA NA NA 640 10409 300 NA NA NA NA NA 
1760734800.0 136.84 NA 344 763 0 NA NA NA NA NA NA 471 1081 0 NA NA NA NA NA NA 361 28812 155 NA NA NA NA NA NA 355 9475 182 NA NA NA NA NA 
1760734800.0 136.841 NA 345 757 0 NA NA NA NA NA NA 474 1082 0 NA NA NA NA NA NA 334 29939 155 NA NA NA NA NA NA 322 9845 231 NA NA NA NA NA 
1760734800.0 136.842 NA 344 775 0 NA NA NA NA NA NA 467 1122 0 NA NA NA NA NA NA 292 41151 140 NA NA NA NA NA NA 256 13070 217 NA NA NA NA NA 
1760734800.0 136.843 NA 346 778 0 NA NA NA NA NA NA 466 1150 0 NA NA NA NA NA NA 310 51679 144 NA NA NA NA NA NA 186 17190 262 NA NA NA NA NA 
1760734800.0 136.844 NA 354 751 0 NA NA NA NA NA NA 468 1094 0 NA NA NA NA NA NA 424 25755 145 NA NA NA NA NA NA 272 8214 233 NA NA NA NA NA 
1760734800.0 136.845 NA 346 757 0 NA NA NA NA NA NA 463 1058 0 NA NA NA NA NA NA 398 20543 144 NA NA NA NA NA NA 322 6495 213 NA NA NA NA NA 
1760734800.0 136.846 NA 344 762 0 NA NA NA NA NA NA 463 1073 0 NA NA NA NA NA NA 412 19024 142 NA NA NA NA NA NA 332 6131 190 NA NA NA NA NA 
1760734800.0 136.847 NA 344 761 0 NA NA NA NA NA NA 463 1113 0 NA NA NA NA NA NA 320 31638 140 NA NA NA NA NA NA 293 10064 233 NA NA NA NA NA 
1760734800.0 136.848 NA 347 769 0 NA NA NA NA NA NA 475 1097 0 NA NA NA NA NA NA 323 40223 138 NA NA NA NA NA NA 231 13086 197 NA NA NA NA NA 
1760734800.0 136.849 NA 342 901 0 NA NA NA NA NA NA 466 1245 0 NA NA NA NA NA NA 318 22067 214 NA NA NA NA NA NA 356 7202 303 NA NA NA NA NA 
1760734800.0 136.85 NA 341 773 0 NA NA NA NA NA NA 459 1220 0 NA NA NA NA NA NA 344 24158 166 NA NA NA NA NA NA 368 8043 222 NA NA NA NA NA 
1760734800.0 136.8501 NA 343 763 0 NA NA NA NA NA NA 463 1088 0 NA NA NA NA NA NA 343 27260 144 NA NA NA NA NA NA 291 9131 174 NA NA NA NA NA 
1760734800.0 136.851 NA 353 905 0 NA NA NA NA NA NA 463 1261 0 NA NA NA NA NA NA 423 24004 210 NA NA NA NA NA NA 274 7589 226 NA NA NA NA NA 
1760734800.0 136.852 NA 354 788 0 NA NA NA NA NA NA 467 1173 0 NA NA NA NA NA NA 330 28255 161 NA NA NA NA NA NA 259 9015 243 NA NA NA NA NA 
1760734800.0 136.853 NA 341 819 0 NA NA NA NA NA NA 468 1153 0 NA NA NA NA NA NA 339 22261 153 NA NA NA NA NA NA 360 7322 207 NA NA NA NA NA 
1760734800.0 136.854 NA 341 767 0 NA NA NA NA NA NA 472 1095 0 NA NA NA NA NA NA 352 26125 141 NA NA NA NA NA NA 359 8589 178 NA NA NA NA NA 
1760734800.0 136.855 NA 349 975 0 NA NA NA NA NA NA 466 1389 0 NA NA NA NA NA NA 367 22065 174 NA NA NA NA NA NA 331 7225 243 NA NA NA NA NA 
1760734800.0 136.856 NA 354 1004 0 NA NA NA NA NA NA 469 1332 0 NA NA NA NA NA NA 312 15351 210 NA NA NA NA NA NA 279 5390 223 NA NA NA NA NA 
1760734800.0 136.8561 NA 330 818 0 NA NA NA NA NA NA 462 1108 0 NA NA NA NA NA NA 196 1757 202 NA NA NA NA NA NA 216 1642 308 NA NA NA NA NA 
1760734800.0 136.8562 NA 330 801 0 NA NA NA NA NA NA 451 1064 0 NA NA NA NA NA NA 186 1366 196 NA NA NA NA NA NA 219 1399 294 NA NA NA NA NA 
1760734800.0 136.857 NA 341 782 0 NA NA NA NA NA NA 463 1084 0 NA NA NA NA NA NA 397 22284 158 NA NA NA NA NA NA 371 7168 249 NA NA NA NA NA 
1760734800.0 136.858 NA 344 837 0 NA NA NA NA NA NA 464 1115 0 NA NA NA NA NA NA 317 2384 190 NA NA NA NA NA NA 311 1528 280 NA NA NA NA NA 
1760734800.0 136.859 NA 344 775 0 NA NA NA NA NA NA 464 1098 0 NA NA NA NA NA NA 282 32102 141 NA NA NA NA NA NA 261 10175 218 NA NA NA NA NA 
1760734800.0 136.86 NA 342 776 0 NA NA NA NA NA NA 469 1072 0 NA NA NA NA NA NA 339 21892 142 NA NA NA NA NA NA 334 7170 208 NA NA NA NA NA 
1760734800.0 136.861 NA 341 906 0 NA NA NA NA NA NA 471 1286 0 NA NA NA NA NA NA 358 32339 227 NA NA NA NA NA NA 405 10199 355 NA NA NA NA NA 
1760734800.0 136.862 NA 341 817 0 NA NA NA NA NA NA 465 1185 0 NA NA NA NA NA NA 340 34866 163 NA NA NA NA NA NA 423 11221 184 NA NA NA NA NA 
1760734800.0 136.863 NA 341 913 0 NA NA NA NA NA NA 469 1272 0 NA NA NA NA NA NA 480 34310 212 NA NA NA NA NA NA 492 10914 302 NA NA NA NA NA 
1760734800.0 136.864 NA 344 801 0 NA NA NA NA NA NA 464 1203 0 NA NA NA NA NA NA 298 41930 150 NA NA NA NA NA NA 250 12877 163 NA NA NA NA NA 
1760734800.0 136.8642 NA 351 806 0 NA NA NA NA NA NA 452 1213 0 NA NA NA NA NA NA 291 41589 154 NA NA NA NA NA NA 240 13267 225 NA NA NA NA NA 
1760734800.0 136.865 NA 349 808 0 NA NA NA NA NA NA 467 1170 0 NA NA NA NA NA NA 363 37934 162 NA NA NA NA NA NA 422 12944 223 NA NA NA NA NA 
1760734800.0 136.866 NA 347 764 0 NA NA NA NA NA NA 467 1106 0 NA NA NA NA NA NA 306 34997 140 NA NA NA NA NA NA 221 11054 204 NA NA NA NA NA 
1760734800.0 136.867 NA 340 1008 0 NA NA NA NA NA NA 465 1364 0 NA NA NA NA NA NA 413 33241 181 NA NA NA NA NA NA 634 10960 194 NA NA NA NA NA 
1760734800.0 136.868 NA 347 1008 0 NA NA NA NA NA NA 469 1380 0 NA NA NA NA NA NA 340 26970 231 NA NA NA NA NA NA 468 10088 332 NA NA NA NA NA 
1760734800.0 136.869 NA 341 788 0 NA NA NA NA NA NA 466 1134 0 NA NA NA NA NA NA 376 34522 162 NA NA NA NA NA NA 345 11341 177 NA NA NA NA NA 
1760734800.0 136.87 NA 346 832 0 NA NA NA NA NA NA 473 1123 0 NA NA NA NA NA NA 245 2567 183 NA NA NA NA NA NA 239 1410 221 NA NA NA NA NA 
1760734800.0 136.871 NA 347 791 0 NA NA NA NA NA NA 469 1135 0 NA NA NA NA NA NA 300 47712 144 NA NA NA NA NA NA 288 15993 187 NA NA NA NA NA 
1760734800.0 136.872 NA 342 807 0 NA NA NA NA NA NA 461 1117 0 NA NA NA NA NA NA 412 34052 141 NA NA NA NA NA NA 348 11124 227 NA NA NA NA NA 
1760734800.0 136.873 NA 346 902 0 NA NA NA NA NA NA 467 1272 0 NA NA NA NA NA NA 392 30365 229 NA NA NA NA NA NA 252 9954 340 NA NA NA NA NA 
1760734800.0 136.874 NA 345 816 0 NA NA NA NA NA NA 462 1252 0 NA NA NA NA NA NA 275 30007 157 NA NA NA NA NA NA 268 9560 233 NA NA NA NA NA 
1760734800.0 136.875 NA 341 909 0 NA NA NA NA NA NA 471 1245 0 NA NA NA NA NA NA 323 29654 212 NA NA NA NA NA NA 193 9499 335 NA NA NA NA NA 
1760734800.0 136.876 NA 348 821 0 NA NA NA NA NA NA 468 1192 0 NA NA NA NA NA NA 359 37211 161 NA NA NA NA NA NA 452 12336 233 NA NA NA NA NA 
1760734800.0 136.877 NA 340 789 0 NA NA NA NA NA NA 462 1176 0 NA NA NA NA NA NA 356 30189 172 NA NA NA NA NA NA 293 10455 259 NA NA NA NA NA 
1760734800.0 136.878 NA 341 789 0 NA NA NA NA NA NA 466 1116 0 NA NA NA NA NA NA 387 32579 143 NA NA NA NA NA NA 305 10538 155 NA NA NA NA NA 
1760734800.0 136.879 NA 342 987 0 NA NA NA NA NA NA 460 1381 0 NA NA NA NA NA NA 355 28678 184 NA NA NA NA NA NA 337 9529 262 NA NA NA NA NA 
1760734800.0 136.88 NA 341 996 0 NA NA NA NA NA NA 463 1342 0 NA NA NA NA NA NA 310 21867 224 NA NA NA NA NA NA 336 7470 309 NA NA NA NA NA 
1760734800.0 136.881 NA 348 781 0 NA NA NA NA NA NA 465 1096 0 NA NA NA NA NA NA 374 25797 165 NA NA NA NA NA NA 279 8576 224 NA NA NA NA NA 
1760734800.0 136.882 NA 347 879 0 NA NA NA NA NA NA 468 1183 0 NA NA NA NA NA NA 303 5779 231 NA NA NA NA NA NA 319 2583 247 NA NA NA NA NA 
1760734800.0 136.883 NA 346 781 0 NA NA NA NA NA NA 466 1106 0 NA NA NA NA NA NA 399 45573 150 NA NA NA NA NA NA 499 16254 244 NA NA NA NA NA 
1760734800.0 136.884 NA 340 774 0 NA NA NA NA NA NA 469 1085 0 NA NA NA NA NA NA 385 27459 145 NA NA NA NA NA NA 378 9009 192 NA NA NA NA NA 
1760734800.0 136.885 NA 341 902 0 NA NA NA NA NA NA 475 1274 0 NA NA NA NA NA NA 332 30824 227 NA NA NA NA NA NA 293 10147 347 NA NA NA NA NA 
1760734800.0 136.8855 NA 339 316 0 NA NA NA NA NA NA 464 505 0 NA NA NA NA NA NA 296 503 69 NA NA NA NA NA NA 221 353 81 NA NA NA NA NA 
1760734800.0 136.886 NA 345 801 0 NA NA NA NA NA NA 469 1186 0 NA NA NA NA NA NA 275 29559 157 NA NA NA NA NA NA 255 9531 238 NA NA NA NA NA 
1760734800.0 136.8861 NA 357 818 0 NA NA NA NA NA NA 466 1171 0 NA NA NA NA NA NA 416 25731 190 NA NA NA NA NA NA 587 8507 311 NA NA NA NA NA 
1760734800.0 136.8862 NA 344 813 0 NA NA NA NA NA NA 468 1193 0 NA NA NA NA NA NA 369 32363 175 NA NA NA NA NA NA 464 10283 267 NA NA NA NA NA 
1760734800.0 136.887 NA 341 898 0 NA NA NA NA NA NA 476 1289 0 NA NA NA NA NA NA 412 28419 224 NA NA NA NA NA NA 376 9185 308 NA NA NA NA NA 
1760734800.0 136.888 NA 342 802 0 NA NA NA NA NA NA 464 1192 0 NA NA NA NA NA NA 295 35075 156 NA NA NA NA NA NA 257 11097 275 NA NA NA NA NA 
1760734800.0 136.8885 NA 341 311 0 NA NA NA NA NA NA 466 507 0 NA NA NA NA NA NA 306 507 67 NA NA NA NA NA NA 183 351 75 NA NA NA NA NA 
1760734800.0 136.889 NA 341 785 0 NA NA NA NA NA NA 472 1193 0 NA NA NA NA NA NA 390 33024 156 NA NA NA NA NA NA 283 10983 171 NA NA NA NA NA 
1760734800.0 136.89 NA 340 766 0 NA NA NA NA NA NA 467 1092 0 NA NA NA NA NA NA 405 30560 143 NA NA NA NA NA NA 432 9827 173 NA NA NA NA NA 
1760734800.0 136.891 NA 341 989 0 NA NA NA NA NA NA 473 1388 0 NA NA NA NA NA NA 343 28013 187 NA NA NA NA NA NA 287 8892 305 NA NA NA NA NA 
1760734800.0 136.892 NA 347 986 0 NA NA NA NA NA NA 464 1360 0 NA NA NA NA NA NA 340 28600 230 NA NA NA NA NA NA 463 10225 349 NA NA NA NA NA 
1760734800.0 136.893 NA 341 774 0 NA NA NA NA NA NA 463 1112 0 NA NA NA NA NA NA 383 29934 179 NA NA NA NA NA NA 326 9883 263 NA NA NA NA NA 
1760734800.0 136.894 NA 350 892 0 NA NA NA NA NA NA 475 1189 0 NA NA NA NA NA NA 283 11726 195 NA NA NA NA NA NA 253 3966 289 NA NA NA NA NA 
1760734800.0 136.895 NA 349 770 0 NA NA NA NA NA NA 469 1103 0 NA NA NA NA NA NA 294 35593 141 NA NA NA NA NA NA 262 11584 197 NA NA NA NA NA 
1760734800.0 136.896 NA 342 769 0 NA NA NA NA NA NA 459 1074 0 NA NA NA NA NA NA 308 27477 138 NA NA NA NA NA NA 278 9150 190 NA NA NA NA NA 
1760734800.0 136.897 NA 545 293 0 NA NA NA NA NA NA 801 435 0 NA NA NA NA NA NA 1672 150 170 NA NA NA NA NA NA 706 158 184 NA NA NA NA NA 
1760734800.0 136.898 NA 341 774 0 NA NA NA NA NA NA 460 1124 0 NA NA NA NA NA NA 362 30579 152 NA NA NA NA NA NA 353 10305 167 NA NA NA NA NA 
1760734800.0 136.899 NA 562 307 0 NA NA NA NA NA NA 813 467 0 NA NA NA NA NA NA 1833 157 173 NA NA NA NA NA NA 719 176 199 NA NA NA NA NA 
1760734800.0 136.901 NA 579 513 512 295 529 532 0 NA NA 831 726 713 415 734 729 0 NA NA 24269 2549 1046 275 507 753 0 NA NA 8232 1033 760 201 466 620 0 NA 
1760734800.0 136.902 NA 581 510 488 306 540 529 0 NA NA 821 708 675 406 765 707 0 NA NA 19594 2199 1089 253 515 746 0 NA NA 6242 820 813 192 469 645 0 NA 
1760734800.0 136.903 NA 627 575 588 324 571 551 0 NA NA 905 809 802 474 801 755 0 NA NA 26699 10676 2944 810 842 1471 0 NA NA 9378 3817 1517 368 555 675 0 NA 
1760734800.0 136.904 NA 632 568 574 314 585 549 0 NA NA 914 780 780 454 809 771 0 NA NA 24872 5955 2421 529 701 1104 0 NA NA 8148 1995 1101 267 530 672 0 NA 
1760734800.0 136.905 NA 623 557 588 314 576 553 0 NA NA 875 757 768 448 792 749 0 NA NA 29378 3687 2321 434 617 1060 0 NA NA 12116 1336 1164 257 558 615 0 NA 
1760734800.0 136.906 NA 613 548 543 299 556 548 0 NA NA 896 752 712 419 784 760 0 NA NA 29566 2132 1162 283 514 756 0 NA NA 9304 888 759 194 421 465 0 NA 
1760734800.0 1360.0 262 383 821 0 NA NA NA NA NA 358 511 1063 0 NA NA NA NA NA 1400 206 988 196 NA NA NA NA NA 947 278 1189 211 NA NA NA NA NA 
1760734800.0 1361.0 283 402 814 0 NA NA NA NA NA 403 532 1068 0 NA NA NA NA NA 4375 353 1557 263 NA NA NA NA NA 1674 263 1205 311 NA NA NA NA NA 
1760734800.0 1361.17 253 477 914 0 0 NA NA NA NA 362 629 1197 0 0 NA NA NA NA 3813 1243 1275 268 0 NA NA NA NA 1666 453 1074 292 0 NA NA NA NA 
1760734800.0 1361.18 265 553 901 0 0 NA NA NA NA 368 1157 1182 0 0 NA NA NA NA 4478 1271 1335 273 0 NA NA NA NA 1741 482 1029 290 0 NA NA NA NA 
1760734800.0 1361.181 257 554 915 0 0 NA NA NA NA 362 1158 1199 0 0 NA NA NA NA 4217 1257 1311 273 0 NA NA NA NA 1662 461 1020 289 0 NA NA NA NA 
1760734800.0 1362.0 271 405 820 0 NA NA NA NA NA 389 535 1066 0 NA NA NA NA NA 4935 316 1161 198 NA NA NA NA NA 1751 211 891 210 NA NA NA NA NA 
1760734800.0 1362.17 261 477 909 0 0 NA NA NA NA 364 622 1182 0 0 NA NA NA NA 5096 1251 1330 278 0 NA NA NA NA 1932 482 1046 334 0 NA NA NA NA 
1760734800.0 1362.18 261 473 902 0 0 NA NA NA NA 365 607 1199 0 0 NA NA NA NA 5169 1244 1387 274 0 NA NA NA NA 1945 460 1115 291 0 NA NA NA NA 
1760734800.0 1363.0 279 406 828 0 NA NA NA NA NA 400 538 1084 0 NA NA NA NA NA 5399 327 1224 201 NA NA NA NA NA 1966 224 1135 233 NA NA NA NA NA 
1760734800.0 1363.17 265 476 898 0 0 NA NA NA NA 364 617 1178 0 0 NA NA NA NA 5233 1266 1290 275 0 NA NA NA NA 1913 519 1095 379 0 NA NA NA NA 
1760734800.0 1363.18 267 472 658 0 0 NA NA NA NA 364 612 1191 0 0 NA NA NA NA 5497 1258 1383 276 0 NA NA NA NA 2167 501 1125 381 0 NA NA NA NA 
1760734800.0 1364.0 NA 399 812 0 NA NA NA NA NA NA 553 1086 0 NA NA NA NA NA NA 373 1120 207 NA NA NA NA NA NA 365 1225 273 NA NA NA NA NA 
1760734800.0 1365.0 NA 402 813 0 NA NA NA NA NA NA 558 1076 0 NA NA NA NA NA NA 322 1076 201 NA NA NA NA NA NA 312 1244 297 NA NA NA NA NA 
1760734800.0 1366.0 NA 398 812 0 NA NA NA NA NA NA 543 1057 0 NA NA NA NA NA NA 309 1050 201 NA NA NA NA NA NA 244 1268 323 NA NA NA NA NA 
1760734800.0 137.8 NA 341 818 NA 341 802 0 NA NA NA 464 1221 NA 472 1201 0 NA NA NA 367 33160 NA 277 29795 186 NA NA NA 231 11810 NA 300 9552 197 NA NA 
1760734800.0 1370.0 138 271 404 814 0 0 NA NA NA 186 385 533 1086 0 0 NA NA NA 30 1992 338 1207 217 0 NA NA NA 72 904 247 1099 312 0 NA NA NA 
1760734800.0 1370.17 138 253 467 891 0 0 NA NA NA 187 356 613 1181 0 0 NA NA NA 37 2030 1262 1276 277 0 NA NA NA 147 954 469 1018 330 0 NA NA NA 
1760734800.0 1370.18 133 264 461 892 0 0 NA NA NA 187 357 615 1183 0 0 NA NA NA 36 2141 1257 1285 277 0 NA NA NA 107 871 466 1138 340 0 NA NA NA 
1760734800.0 138.1 NA 554 295 0 NA NA NA NA NA NA 803 438 0 NA NA NA NA NA NA 1298 152 169 NA NA NA NA NA NA 586 158 186 NA NA NA NA NA 
1760734800.0 138.2 NA 551 297 0 NA NA NA NA NA NA 809 436 0 NA NA NA NA NA NA 1348 153 172 NA NA NA NA NA NA 579 160 188 NA NA NA NA NA 
1760734800.0 138.3 NA 146 822 0 NA NA NA NA NA NA 209 1110 0 NA NA NA NA NA NA 47 3998 207 NA NA NA NA NA NA 181 2859 310 NA NA NA NA NA 
1760734800.0 138.4 NA 735 0 NA NA NA NA NA NA NA 1017 0 NA NA NA NA NA NA NA 1373 226 NA NA NA NA NA NA NA 768 259 NA NA NA NA NA NA 
1760734800.0 138.5 NA 550 416 0 NA NA NA NA NA NA 1046 945 0 NA NA NA NA NA NA 2548 311 270 NA NA NA NA NA NA 2749 674 414 NA NA NA NA NA 
1760734800.0 139.001 NA 348 796 0 NA NA NA NA NA NA 476 1114 0 NA NA NA NA NA NA 259 2727 174 NA NA NA NA NA NA 225 3544 299 NA NA NA NA NA 
1760734800.0 139.002 NA 344 906 0 NA NA NA NA NA NA 462 1230 0 NA NA NA NA NA NA 295 2900 239 NA NA NA NA NA NA 197 3238 345 NA NA NA NA NA 
1760734800.0 139.003 NA 350 696 0 NA NA NA NA NA NA 470 931 0 NA NA NA NA NA NA 214 1710 93 NA NA NA NA NA NA 126 1961 145 NA NA NA NA NA 
1760734800.0 139.004 NA 349 815 0 NA NA NA NA NA NA 472 1116 0 NA NA NA NA NA NA 265 2365 206 NA NA NA NA NA NA 144 1362 269 NA NA NA NA NA 
1760734800.0 139.005 NA 291 244 NA NA NA NA NA NA NA 446 413 NA NA NA NA NA NA NA 18290 10226 NA NA NA NA NA NA NA 7935 3129 NA NA NA NA NA NA 
1760734800.0 139901.0 NA 401 812 0 NA NA NA NA NA NA 562 1060 0 NA NA NA NA NA NA 316 1106 198 NA NA NA NA NA NA 313 1238 252 NA NA NA NA NA 
1760734800.0 139902.0 NA 405 819 0 NA NA NA NA NA NA 563 1072 0 NA NA NA NA NA NA 337 1391 207 NA NA NA NA NA NA 291 1010 263 NA NA NA NA NA 
1760734800.0 13992501.0 NA 585 1069 0 NA NA NA NA NA NA 789 1447 0 NA NA NA NA NA NA 1768 4973 253 NA NA NA NA NA NA 828 2080 271 NA NA NA NA NA 
1760734800.0 13992502.0 NA 590 1050 0 NA NA NA NA NA NA 783 1442 0 NA NA NA NA NA NA 1769 4210 225 NA NA NA NA NA NA 816 1828 280 NA NA NA NA NA 
1760734800.0 14.0 NA 378 792 0 NA NA NA NA NA NA 509 1041 0 NA NA NA NA NA NA 1670 8177 232 NA NA NA NA NA NA 545 2771 306 NA NA NA NA NA 
1760734800.0 140.001 NA 346 840 0 NA NA NA NA NA NA 458 1153 0 NA NA NA NA NA NA 217 1683 190 NA NA NA NA NA NA 185 1369 332 NA NA NA NA NA 
1760734800.0 140.002 NA 351 848 0 NA NA NA NA NA NA 472 1166 0 NA NA NA NA NA NA 286 2936 193 NA NA NA NA NA NA 209 1436 219 NA NA NA NA NA 
1760734800.0 140.003 NA 343 898 0 NA NA NA NA NA NA 484 1199 0 NA NA NA NA NA NA 215 1569 190 NA NA NA NA NA NA 159 1383 205 NA NA NA NA NA 
1760734800.0 140.004 NA 0 0 0 NA NA NA NA NA NA 0 0 0 NA NA NA NA NA NA 123 1656 362 NA NA NA NA NA NA 152 2257 508 NA NA NA NA NA 
1760734800.0 140.005 NA 348 845 0 NA NA NA NA NA NA 478 1147 0 NA NA NA NA NA NA 223 1845 191 NA NA NA NA NA NA 189 1486 311 NA NA NA NA NA 
1760734800.0 140.006 NA 0 0 0 NA NA NA NA NA NA 0 0 0 NA NA NA NA NA NA 117 1798 363 NA NA NA NA NA NA 195 2133 483 NA NA NA NA NA 
1760734800.0 140.007 NA 331 842 0 NA NA NA NA NA NA 473 1187 0 NA NA NA NA NA NA 187 2295 367 NA NA NA NA NA NA 229 2759 591 NA NA NA NA NA 
1760734800.0 140.008 NA 317 826 0 NA NA NA NA NA NA 456 1157 0 NA NA NA NA NA NA 137 2109 418 NA NA NA NA NA NA 217 2639 711 NA NA NA NA NA 
1760734800.0 140.009 NA 0 0 0 NA NA NA NA NA NA 0 0 0 NA NA NA NA NA NA 107 1906 362 NA NA NA NA NA NA 173 2000 478 NA NA NA NA NA 
1760734800.0 140.01 NA 351 856 0 NA NA NA NA NA NA 479 1190 0 NA NA NA NA NA NA 334 4050 211 NA NA NA NA NA NA 202 1758 227 NA NA NA NA NA 
1760734800.0 140.011 NA 0 0 0 NA NA NA NA NA NA 0 0 0 NA NA NA NA NA NA 109 1845 364 NA NA NA NA NA NA 182 2137 466 NA NA NA NA NA 
1760734800.0 140.021 NA 0 0 0 NA NA NA NA NA NA 0 0 0 NA NA NA NA NA NA 115 1803 371 NA NA NA NA NA NA 178 2304 550 NA NA NA NA NA 
1760734800.0 140.022 NA 347 902 0 NA NA NA NA NA NA 463 1246 0 NA NA NA NA NA NA 360 21602 196 NA NA NA NA NA NA 241 6960 266 NA NA NA NA NA 
1760734800.0 140.023 NA 345 948 0 NA NA NA NA NA NA 474 1285 0 NA NA NA NA NA NA 389 13145 200 NA NA NA NA NA NA 238 4391 262 NA NA NA NA NA 
1760734800.0 140.024 NA 357 927 0 NA NA NA NA NA NA 483 1334 0 NA NA NA NA NA NA 358 27850 204 NA NA NA NA NA NA 247 9100 297 NA NA NA NA NA 
1760734800.0 140.025 NA 349 914 0 NA NA NA NA NA NA 475 1297 0 NA NA NA NA NA NA 385 27593 195 NA NA NA NA NA NA 250 8996 210 NA NA NA NA NA 
1760734800.0 140.026 NA 345 947 0 NA NA NA NA NA NA 473 1334 0 NA NA NA NA NA NA 445 31362 206 NA NA NA NA NA NA 445 10496 259 NA NA NA NA NA 
1760734800.0 140.027 NA 355 908 0 NA NA NA NA NA NA 468 1279 0 NA NA NA NA NA NA 403 25801 191 NA NA NA NA NA NA 313 8277 204 NA NA NA NA NA 
1760734800.0 140.028 NA 355 911 0 NA NA NA NA NA NA 472 1306 0 NA NA NA NA NA NA 476 24603 198 NA NA NA NA NA NA 234 7753 321 NA NA NA NA NA 
1760734800.0 140.029 NA 355 922 0 NA NA NA NA NA NA 485 1278 0 NA NA NA NA NA NA 408 24355 206 NA NA NA NA NA NA 320 8014 307 NA NA NA NA NA 
1760734800.0 140.03 NA 352 905 0 NA NA NA NA NA NA 470 1268 0 NA NA NA NA NA NA 490 22089 200 NA NA NA NA NA NA 264 7279 276 NA NA NA NA NA 
1760734800.0 140.031 NA 350 924 0 NA NA NA NA NA NA 479 1282 0 NA NA NA NA NA NA 398 26027 210 NA NA NA NA NA NA 231 8382 243 NA NA NA NA NA 
1760734800.0 140.042 NA 343 924 0 NA NA NA NA NA NA 473 1304 0 NA NA NA NA NA NA 448 29940 204 NA NA NA NA NA NA 246 9458 291 NA NA NA NA NA 
1760734800.0 140.043 NA 349 963 0 NA NA NA NA NA NA 480 1301 0 NA NA NA NA NA NA 403 16918 197 NA NA NA NA NA NA 284 5308 251 NA NA NA NA NA 
1760734800.0 140.044 NA 347 932 0 NA NA NA NA NA NA 479 1308 0 NA NA NA NA NA NA 477 33930 201 NA NA NA NA NA NA 374 11186 374 NA NA NA NA NA 
1760734800.0 140.045 NA 349 949 0 NA NA NA NA NA NA 470 1323 0 NA NA NA NA NA NA 423 37197 204 NA NA NA NA NA NA 297 12271 351 NA NA NA NA NA 
1760734800.0 140.046 NA 347 935 0 NA NA NA NA NA NA 477 1339 0 NA NA NA NA NA NA 522 47446 206 NA NA NA NA NA NA 442 16616 283 NA NA NA NA NA 
1760734800.0 140.047 NA 348 931 0 NA NA NA NA NA NA 479 1329 0 NA NA NA NA NA NA 428 36342 205 NA NA NA NA NA NA 416 11672 297 NA NA NA NA NA 
1760734800.0 140.048 NA 343 911 0 NA NA NA NA NA NA 468 1310 0 NA NA NA NA NA NA 437 31594 207 NA NA NA NA NA NA 243 10647 290 NA NA NA NA NA 
1760734800.0 140.049 NA 346 911 0 NA NA NA NA NA NA 479 1297 0 NA NA NA NA NA NA 414 32576 196 NA NA NA NA NA NA 327 10697 297 NA NA NA NA NA 
1760734800.0 140.05 NA 343 928 0 NA NA NA NA NA NA 481 1307 0 NA NA NA NA NA NA 475 30544 209 NA NA NA NA NA NA 305 9888 312 NA NA NA NA NA 
1760734800.0 140.051 NA 343 915 0 NA NA NA NA NA NA 470 1322 0 NA NA NA NA NA NA 515 31038 206 NA NA NA NA NA NA 273 10149 313 NA NA NA NA NA 
1760734800.0 140.062 NA 350 936 0 NA NA NA NA NA NA 455 1331 0 NA NA NA NA NA NA 456 37109 194 NA NA NA NA NA NA 372 11962 221 NA NA NA NA NA 
1760734800.0 140.063 NA 353 962 0 NA NA NA NA NA NA 471 1292 0 NA NA NA NA NA NA 440 22983 204 NA NA NA NA NA NA 235 7358 286 NA NA NA NA NA 
1760734800.0 140.064 NA 346 934 0 NA NA NA NA NA NA 485 1307 0 NA NA NA NA NA NA 570 45397 199 NA NA NA NA NA NA 472 16071 249 NA NA NA NA NA 
1760734800.0 140.065 NA 345 941 0 NA NA NA NA NA NA 473 1314 0 NA NA NA NA NA NA 376 41092 192 NA NA NA NA NA NA 311 12926 316 NA NA NA NA NA 
1760734800.0 140.066 NA 344 957 0 NA NA NA NA NA NA 469 1330 0 NA NA NA NA NA NA 405 50876 200 NA NA NA NA NA NA 284 16923 316 NA NA NA NA NA 
1760734800.0 140.067 NA 346 953 0 NA NA NA NA NA NA 479 1338 0 NA NA NA NA NA NA 525 42895 205 NA NA NA NA NA NA 464 14919 369 NA NA NA NA NA 
1760734800.0 140.068 NA 343 935 0 NA NA NA NA NA NA 465 1314 0 NA NA NA NA NA NA 445 38231 202 NA NA NA NA NA NA 423 12417 283 NA NA NA NA NA 
1760734800.0 140.069 NA 347 938 0 NA NA NA NA NA NA 476 1318 0 NA NA NA NA NA NA 445 37045 200 NA NA NA NA NA NA 387 11885 301 NA NA NA NA NA 
1760734800.0 140.071 NA 356 895 0 NA NA NA NA NA NA 459 1266 0 NA NA NA NA NA NA 482 19276 193 NA NA NA NA NA NA 267 6338 211 NA NA NA NA NA 
1760734800.0 140.072 NA 355 963 0 NA NA NA NA NA NA 469 1276 0 NA NA NA NA NA NA 407 12861 203 NA NA NA NA NA NA 249 4337 301 NA NA NA NA NA 
1760734800.0 140.073 NA 357 905 0 NA NA NA NA NA NA 465 1280 0 NA NA NA NA NA NA 487 22871 208 NA NA NA NA NA NA 244 7174 315 NA NA NA NA NA 
1760734800.0 140.074 NA 357 895 0 NA NA NA NA NA NA 463 1267 0 NA NA NA NA NA NA 411 24425 201 NA NA NA NA NA NA 270 7694 282 NA NA NA NA NA 
1760734800.0 140.075 NA 344 902 0 NA NA NA NA NA NA 468 1252 0 NA NA NA NA NA NA 392 24955 217 NA NA NA NA NA NA 236 8139 284 NA NA NA NA NA 
1760734800.0 140.076 NA 349 935 0 NA NA NA NA NA NA 463 1253 0 NA NA NA NA NA NA 419 21379 198 NA NA NA NA NA NA 319 7051 229 NA NA NA NA NA 
1760734800.0 140.077 NA 353 900 0 NA NA NA NA NA NA 465 1283 0 NA NA NA NA NA NA 423 19458 191 NA NA NA NA NA NA 242 6232 262 NA NA NA NA NA 
1760734800.0 140.078 NA 344 894 0 NA NA NA NA NA NA 474 1272 0 NA NA NA NA NA NA 355 21784 210 NA NA NA NA NA NA 289 7235 236 NA NA NA NA NA 
1760734800.0 140.101 NA 355 967 0 NA NA NA NA NA NA 470 1349 0 NA NA NA NA NA NA 456 23302 203 NA NA NA NA NA NA 240 7496 228 NA NA NA NA NA 
1760734800.0 140.102 NA 345 936 0 NA NA NA NA NA NA 462 1345 0 NA NA NA NA NA NA 390 39245 194 NA NA NA NA NA NA 240 12605 294 NA NA NA NA NA 
1760734800.0 140.103 NA 351 967 0 NA NA NA NA NA NA 474 1407 0 NA NA NA NA NA NA 386 41530 194 NA NA NA NA NA NA 258 13345 269 NA NA NA NA NA 
1760734800.0 140.104 NA 343 974 0 NA NA NA NA NA NA 473 1356 0 NA NA NA NA NA NA 406 50479 200 NA NA NA NA NA NA 184 17602 295 NA NA NA NA NA 
1760734800.0 140.105 NA 342 961 0 NA NA NA NA NA NA 470 1414 0 NA NA NA NA NA NA 369 39616 190 NA NA NA NA NA NA 270 12782 215 NA NA NA NA NA 
1760734800.0 140.106 NA 344 942 0 NA NA NA NA NA NA 467 1364 0 NA NA NA NA NA NA 459 37970 208 NA NA NA NA NA NA 428 12537 362 NA NA NA NA NA 
1760734800.0 140.107 NA 343 943 0 NA NA NA NA NA NA 468 1403 0 NA NA NA NA NA NA 399 36940 194 NA NA NA NA NA NA 268 11907 289 NA NA NA NA NA 
1760734800.0 140.108 NA 347 942 0 NA NA NA NA NA NA 464 1365 0 NA NA NA NA NA NA 384 36489 186 NA NA NA NA NA NA 215 11482 203 NA NA NA NA NA 
1760734800.0 140.109 NA 345 925 0 NA NA NA NA NA NA 472 1281 0 NA NA NA NA NA NA 439 12963 191 NA NA NA NA NA NA 310 4691 211 NA NA NA NA NA 
1760734800.0 140.11 NA 341 923 0 NA NA NA NA NA NA 469 1335 0 NA NA NA NA NA NA 480 33824 197 NA NA NA NA NA NA 432 10726 220 NA NA NA NA NA 
1760734800.0 140.111 NA 342 931 0 NA NA NA NA NA NA 472 1330 0 NA NA NA NA NA NA 376 36074 194 NA NA NA NA NA NA 251 11819 308 NA NA NA NA NA 
1760734800.0 140.112 NA 353 936 0 NA NA NA NA NA NA 473 1387 0 NA NA NA NA NA NA 372 37418 194 NA NA NA NA NA NA 218 11953 279 NA NA NA NA NA 
1760734800.0 140.113 NA 0 0 0 NA NA NA NA NA NA 0 0 0 NA NA NA NA NA NA 107 2004 768 NA NA NA NA NA NA 156 2766 1068 NA NA NA NA NA 
1760734800.0 140.56 NA 1137 0 NA NA NA NA NA NA NA 1728 0 NA NA NA NA NA NA NA 41029 200 NA NA NA NA NA NA NA 15984 259 NA NA NA NA NA NA 
1760734800.0 140.5611 NA 478 0 NA NA NA NA NA NA NA 661 0 NA NA NA NA NA NA NA 2065 71 NA NA NA NA NA NA NA 872 86 NA NA NA NA NA NA 
1760734800.0 140.57 NA 864 0 NA NA NA NA NA NA NA 1157 0 NA NA NA NA NA NA NA 4090 187 NA NA NA NA NA NA NA 1857 203 NA NA NA NA NA NA 
1760734800.0 140.58 NA 210 1136 0 NA NA NA NA NA NA 302 1697 0 NA NA NA NA NA NA 120 39554 197 NA NA NA NA NA NA 137 14313 303 NA NA NA NA NA 
1760734800.0 140.6 NA 189 691 0 NA NA NA NA NA NA 264 976 0 NA NA NA NA NA NA 81 833 199 NA NA NA NA NA NA 112 877 359 NA NA NA NA NA 
1760734800.0 140.61 NA 703 0 NA NA NA NA NA NA NA 1014 0 NA NA NA NA NA NA NA 1722 181 NA NA NA NA NA NA NA 790 211 NA NA NA NA NA NA 
1760734800.0 14034.0 NA 0 NA NA NA NA NA NA NA NA 0 NA NA NA NA NA NA NA NA 0 NA NA NA NA NA NA NA NA 0 NA NA NA NA NA NA NA 
1760734800.0 141.001 NA 350 929 0 NA NA NA NA NA NA 477 1323 0 NA NA NA NA NA NA 455 37743 204 NA NA NA NA NA NA 363 12181 319 NA NA NA NA NA 
1760734800.0 141.002 NA 352 977 0 NA NA NA NA NA NA 464 1314 0 NA NA NA NA NA NA 390 17916 194 NA NA NA NA NA NA 234 5682 211 NA NA NA NA NA 
1760734800.0 141.003 NA 264 924 0 NA NA NA NA NA NA 469 1323 0 NA NA NA NA NA NA 356 34967 190 NA NA NA NA NA NA 283 11152 211 NA NA NA NA NA 
1760734800.0 141.004 NA 360 902 0 NA NA NA NA NA NA 475 1216 0 NA NA NA NA NA NA 277 6869 286 NA NA NA NA NA NA 156 2665 306 NA NA NA NA NA 
1760734800.0 141.005 NA 352 900 0 NA NA NA NA NA NA 480 1256 0 NA NA NA NA NA NA 490 16516 209 NA NA NA NA NA NA 269 5358 253 NA NA NA NA NA 
1760734800.0 141.006 NA 358 903 0 NA NA NA NA NA NA 471 1237 0 NA NA NA NA NA NA 456 17955 195 NA NA NA NA NA NA 235 5745 275 NA NA NA NA NA 
1760734800.0 141.007 NA 344 914 0 NA NA NA NA NA NA 478 1265 0 NA NA NA NA NA NA 394 23271 230 NA NA NA NA NA NA 328 7643 264 NA NA NA NA NA 
1760734800.0 141.008 NA 345 935 0 NA NA NA NA NA NA 460 1359 0 NA NA NA NA NA NA 372 45025 192 NA NA NA NA NA NA 258 13947 232 NA NA NA NA NA 
1760734800.0 141.008405 NA 345 317 0 NA NA NA NA NA NA 464 449 0 NA NA NA NA NA NA 377 1141 71 NA NA NA NA NA NA 175 429 88 NA NA NA NA NA 
1760734800.0 141.008411 NA 343 302 0 NA NA NA NA NA NA 476 436 0 NA NA NA NA NA NA 381 320 88 NA NA NA NA NA NA 174 246 117 NA NA NA NA NA 
1760734800.0 141.008421 NA 344 299 0 NA NA NA NA NA NA 475 424 0 NA NA NA NA NA NA 373 443 80 NA NA NA NA NA NA 175 251 97 NA NA NA NA NA 
1760734800.0 141.009 NA 0 0 0 NA NA NA NA NA NA 0 0 0 NA NA NA NA NA NA 128 2862 626 NA NA NA NA NA NA 161 3266 674 NA NA NA NA NA 
1760734800.0 141.01 NA 347 969 0 NA NA NA NA NA NA 463 1323 0 NA NA NA NA NA NA 357 42481 196 NA NA NA NA NA NA 245 13486 300 NA NA NA NA NA 
1760734800.0 141.011 NA 349 925 0 NA NA NA NA NA NA 465 1309 0 NA NA NA NA NA NA 409 36918 194 NA NA NA NA NA NA 329 11912 218 NA NA NA NA NA 
1760734800.0 141.012 NA 356 908 0 NA NA NA NA NA NA 469 1272 0 NA NA NA NA NA NA 437 22881 191 NA NA NA NA NA NA 236 7278 260 NA NA NA NA NA 
1760734800.0 141.013 NA 343 929 0 NA NA NA NA NA NA 476 1324 0 NA NA NA NA NA NA 363 36383 192 NA NA NA NA NA NA 253 11501 224 NA NA NA NA NA 
1760734800.0 141.031 NA 343 933 0 NA NA NA NA NA NA 478 1314 0 NA NA NA NA NA NA 382 41272 192 NA NA NA NA NA NA 272 12950 295 NA NA NA NA NA 
1760734800.0 141.032 NA 342 966 0 NA NA NA NA NA NA 463 1322 0 NA NA NA NA NA NA 377 25465 209 NA NA NA NA NA NA 244 8500 300 NA NA NA NA NA 
1760734800.0 141.033 NA 344 930 0 NA NA NA NA NA NA 462 1323 0 NA NA NA NA NA NA 385 44855 189 NA NA NA NA NA NA 284 14195 206 NA NA NA NA NA 
1760734800.0 141.034 NA 342 940 0 NA NA NA NA NA NA 458 1348 0 NA NA NA NA NA NA 364 45977 197 NA NA NA NA NA NA 274 16293 219 NA NA NA NA NA 
1760734800.0 141.035 NA 343 945 0 NA NA NA NA NA NA 471 1365 0 NA NA NA NA NA NA 376 47406 200 NA NA NA NA NA NA 250 16340 230 NA NA NA NA NA 
1760734800.0 141.036 NA 353 915 0 NA NA NA NA NA NA 477 1223 0 NA NA NA NA NA NA 261 9373 193 NA NA NA NA NA NA 178 3184 209 NA NA NA NA NA 
1760734800.0 141.037 NA 344 920 0 NA NA NA NA NA NA 476 1344 0 NA NA NA NA NA NA 411 37269 195 NA NA NA NA NA NA 451 11983 275 NA NA NA NA NA 
1760734800.0 141.038 NA 352 919 0 NA NA NA NA NA NA 472 1334 0 NA NA NA NA NA NA 380 43423 194 NA NA NA NA NA NA 264 13389 212 NA NA NA NA NA 
1760734800.0 141.039 NA 345 925 0 NA NA NA NA NA NA 463 1321 0 NA NA NA NA NA NA 389 41348 193 NA NA NA NA NA NA 276 13224 242 NA NA NA NA NA 
1760734800.0 141.041 NA 347 922 0 NA NA NA NA NA NA 479 1330 0 NA NA NA NA NA NA 426 60095 198 NA NA NA NA NA NA 558 20156 285 NA NA NA NA NA 
1760734800.0 141.042 NA 341 977 0 NA NA NA NA NA NA 473 1324 0 NA NA NA NA NA NA 376 35021 200 NA NA NA NA NA NA 360 11179 290 NA NA NA NA NA 
1760734800.0 141.043 NA 340 951 0 NA NA NA NA NA NA 481 1380 0 NA NA NA NA NA NA 547 84306 278 NA NA NA NA NA NA 459 34175 469 NA NA NA NA NA 
1760734800.0 141.044 NA 345 940 0 NA NA NA NA NA NA 459 1327 0 NA NA NA NA NA NA 399 62127 199 NA NA NA NA NA NA 548 20968 291 NA NA NA NA NA 
1760734800.0 141.045 NA 340 957 0 NA NA NA NA NA NA 458 1427 0 NA NA NA NA NA NA 539 101008 253 NA NA NA NA NA NA 456 40319 345 NA NA NA NA NA 
1760734800.0 141.046 NA 344 723 0 NA NA NA NA NA NA 467 1345 0 NA NA NA NA NA NA 394 59015 198 NA NA NA NA NA NA 551 19888 325 NA NA NA NA NA 
1760734800.0 141.047 NA 345 941 0 NA NA NA NA NA NA 482 1326 0 NA NA NA NA NA NA 412 66268 199 NA NA NA NA NA NA 553 21913 306 NA NA NA NA NA 
1760734800.0 141.048 NA 346 954 0 NA NA NA NA NA NA 463 1332 0 NA NA NA NA NA NA 554 69209 201 NA NA NA NA NA NA 394 22324 285 NA NA NA NA NA 
1760734800.0 141.049 NA 349 934 0 NA NA NA NA NA NA 463 1325 0 NA NA NA NA NA NA 386 42386 192 NA NA NA NA NA NA 208 13422 249 NA NA NA NA NA 
1760734800.0 141.101 NA 347 1022 0 NA NA NA NA NA NA 466 1378 0 NA NA NA NA NA NA 389 25349 201 NA NA NA NA NA NA 224 8365 302 NA NA NA NA NA 
1760734800.0 141.102 NA 347 942 0 NA NA NA NA NA NA 463 1382 0 NA NA NA NA NA NA 385 44882 191 NA NA NA NA NA NA 286 14452 312 NA NA NA NA NA 
1760734800.0 141.103 NA 343 982 0 NA NA NA NA NA NA 467 1457 0 NA NA NA NA NA NA 362 47199 196 NA NA NA NA NA NA 276 15540 298 NA NA NA NA NA 
1760734800.0 141.104 NA 344 966 0 NA NA NA NA NA NA 467 1377 0 NA NA NA NA NA NA 373 47419 202 NA NA NA NA NA NA 257 16885 279 NA NA NA NA NA 
1760734800.0 141.105 NA 347 953 0 NA NA NA NA NA NA 473 1317 0 NA NA NA NA NA NA 277 9448 191 NA NA NA NA NA NA 205 3441 208 NA NA NA NA NA 
1760734800.0 141.106 NA 343 942 0 NA NA NA NA NA NA 468 1368 0 NA NA NA NA NA NA 343 37051 196 NA NA NA NA NA NA 252 11690 330 NA NA NA NA NA 
1760734800.0 141.107 NA 347 952 0 NA NA NA NA NA NA 463 1374 0 NA NA NA NA NA NA 384 41250 184 NA NA NA NA NA NA 230 13148 203 NA NA NA NA NA 
1760734800.0 141.108 NA 343 957 0 NA NA NA NA NA NA 480 1348 0 NA NA NA NA NA NA 388 42576 193 NA NA NA NA NA NA 250 13898 268 NA NA NA NA NA 
1760734800.0 141.109 NA 345 943 0 NA NA NA NA NA NA 465 1319 0 NA NA NA NA NA NA 343 22596 200 NA NA NA NA NA NA 267 7448 315 NA NA NA NA NA 
1760734800.0 141.11 NA 343 951 0 NA NA NA NA NA NA 471 1370 0 NA NA NA NA NA NA 388 49916 196 NA NA NA NA NA NA 289 16420 308 NA NA NA NA NA 
1760734800.0 141.111 NA 344 963 0 NA NA NA NA NA NA 465 1355 0 NA NA NA NA NA NA 358 43429 186 NA NA NA NA NA NA 210 13906 201 NA NA NA NA NA 
1760734800.0 141.112 NA 341 942 0 NA NA NA NA NA NA 473 1350 0 NA NA NA NA NA NA 374 48479 192 NA NA NA NA NA NA 286 15047 301 NA NA NA NA NA 
1760734800.0 141.113 NA 0 0 0 NA NA NA NA NA NA 0 0 0 NA NA NA NA NA NA 101 966 482 NA NA NA NA NA NA 128 1228 774 NA NA NA NA NA 
1760734800.0 141.114 NA 344 944 0 NA NA NA NA NA NA 480 1369 0 NA NA NA NA NA NA 398 41742 193 NA NA NA NA NA NA 254 13356 262 NA NA NA NA NA 
1760734800.0 141.901 NA 894 0 NA NA NA NA NA NA NA 1207 0 NA NA NA NA NA NA NA 10729 243 NA NA NA NA NA NA NA 3704 264 NA NA NA NA NA NA 
1760734800.0 141.902 NA 821 0 NA NA NA NA NA NA NA 1132 0 NA NA NA NA NA NA NA 7824 258 NA NA NA NA NA NA NA 2861 281 NA NA NA NA NA NA 
1760734800.0 142.0 NA 678 1086 0 NA NA NA NA NA NA 948 1734 0 NA NA NA NA NA NA 9800 91748 302 NA NA NA NA NA NA 3352 38500 395 NA NA NA NA NA 
1760734800.0 142.901 NA 823 0 NA NA NA NA NA NA NA 1125 0 NA NA NA NA NA NA NA 9622 179 NA NA NA NA NA NA NA 3303 193 NA NA NA NA NA NA 
1760734800.0 142.902 NA 828 0 NA NA NA NA NA NA NA 1106 0 NA NA NA NA NA NA NA 8271 179 NA NA NA NA NA NA NA 2795 213 NA NA NA NA NA NA 
1760734800.0 142.903 NA 750 0 NA NA NA NA NA NA NA 1019 0 NA NA NA NA NA NA NA 4269 133 NA NA NA NA NA NA NA 1654 157 NA NA NA NA NA NA 
1760734800.0 14234.0 NA 0 NA NA NA NA NA NA NA NA 0 NA NA NA NA NA NA NA NA 0 NA NA NA NA NA NA NA NA 0 NA NA NA NA NA NA NA 
1760734800.0 143.201 132 576 960 0 NA NA NA NA NA 340 817 1284 0 NA NA NA NA NA 1311 441 1931 317 NA NA NA NA NA 1336 596 2646 336 NA NA NA NA NA 
1760734800.0 143.202 251 689 222 932 0 NA NA NA NA 339 1703 298 1222 0 NA NA NA NA 1129 519 115 1510 318 NA NA NA NA 830 767 209 1719 420 NA NA NA NA 
1760734800.0 143.901 NA 828 0 NA NA NA NA NA NA NA 1120 0 NA NA NA NA NA NA NA 9547 188 NA NA NA NA NA NA NA 3297 208 NA NA NA NA NA NA 
1760734800.0 143.902 NA 830 0 NA NA NA NA NA NA NA 1091 0 NA NA NA NA NA NA NA 8363 184 NA NA NA NA NA NA NA 2714 208 NA NA NA NA NA NA 
1760734800.0 143.911 NA 826 0 NA NA NA NA NA NA NA 1105 0 NA NA NA NA NA NA NA 8651 180 NA NA NA NA NA NA NA 3126 199 NA NA NA NA NA NA 
1760734800.0 143.912 NA 827 0 NA NA NA NA NA NA NA 1101 0 NA NA NA NA NA NA NA 9550 186 NA NA NA NA NA NA NA 3420 229 NA NA NA NA NA NA 
1760734800.0 143.921 NA 845 0 NA NA NA NA NA NA NA 1171 0 NA NA NA NA NA NA NA 8723 175 NA NA NA NA NA NA NA 3082 188 NA NA NA NA NA NA 
1760734800.0 144.6 NA 736 NA NA NA NA NA NA NA NA 959 NA NA NA NA NA NA NA NA 2755 NA NA NA NA NA NA NA NA 1562 NA NA NA NA NA NA NA 
1760734800.0 145.415 350 951 0 NA NA NA NA NA NA 494 1239 0 NA NA NA NA NA NA 150 4301 206 NA NA NA NA NA NA 212 2513 271 NA NA NA NA NA NA 
1760734800.0 146.101 NA 349 1051 0 NA NA NA NA NA NA 501 1482 0 NA NA NA NA NA NA 340 39611 209 NA NA NA NA NA NA 275 13957 322 NA NA NA NA NA 
1760734800.0 146.102 NA 341 1040 0 NA NA NA NA NA NA 490 1516 0 NA NA NA NA NA NA 571 73512 215 NA NA NA NA NA NA 470 24964 294 NA NA NA NA NA 
1760734800.0 146.103 NA 341 1040 0 NA NA NA NA NA NA 475 1645 0 NA NA NA NA NA NA 506 93734 308 NA NA NA NA NA NA 447 40406 425 NA NA NA NA NA 
1760734800.0 146.104 NA 341 1016 0 NA NA NA NA NA NA 486 1542 0 NA NA NA NA NA NA 550 91190 291 NA NA NA NA NA NA 468 38270 362 NA NA NA NA NA 
1760734800.0 146.105 NA 345 1040 0 NA NA NA NA NA NA 485 1491 0 NA NA NA NA NA NA 536 65888 214 NA NA NA NA NA NA 393 20164 345 NA NA NA NA NA 
1760734800.0 146.106 NA 346 1024 0 NA NA NA NA NA NA 474 1449 0 NA NA NA NA NA NA 548 65565 216 NA NA NA NA NA NA 399 21030 314 NA NA NA NA NA 
1760734800.0 146.107 NA 341 1052 0 NA NA NA NA NA NA 491 1511 0 NA NA NA NA NA NA 528 85145 258 NA NA NA NA NA NA 460 33055 397 NA NA NA NA NA 
1760734800.0 146.108 NA 341 1029 0 NA NA NA NA NA NA 494 1497 0 NA NA NA NA NA NA 537 76032 216 NA NA NA NA NA NA 456 25139 283 NA NA NA NA NA 
1760734800.0 146.109 NA 344 821 0 NA NA NA NA NA NA 496 1463 0 NA NA NA NA NA NA 515 47822 214 NA NA NA NA NA NA 366 16277 241 NA NA NA NA NA 
1760734800.0 146.11 NA 349 997 0 NA NA NA NA NA NA 478 1418 0 NA NA NA NA NA NA 527 64245 210 NA NA NA NA NA NA 317 19488 236 NA NA NA NA NA 
1760734800.0 146.111 NA 343 1005 0 NA NA NA NA NA NA 491 1462 0 NA NA NA NA NA NA 595 63617 216 NA NA NA NA NA NA 377 19794 337 NA NA NA NA NA 
1760734800.0 148.0 234 416 853 0 NA NA NA NA NA 325 556 1163 0 NA NA NA NA NA 1165 507 991 261 NA NA NA NA NA 959 731 1331 394 NA NA NA NA NA 
1760734800.0 149.0 249 433 870 0 NA NA NA NA NA 347 587 1150 0 NA NA NA NA NA 1063 797 1262 267 NA NA NA NA NA 1318 716 1605 380 NA NA NA NA NA 
1760734800.0 149.1 257 414 876 0 NA NA NA NA NA 351 561 1200 0 NA NA NA NA NA 792 299 1169 267 NA NA NA NA NA 972 317 1425 365 NA NA NA NA NA 
1760734800.0 15.0 NA 346 737 0 NA NA NA NA NA NA 472 984 0 NA NA NA NA NA NA 1371 1456 200 NA NA NA NA NA NA 453 985 247 NA NA NA NA NA 
1760734800.0 158.0 242 403 870 262 0 NA NA NA NA 333 532 1147 358 0 NA NA NA NA 1876 242 1149 172 285 NA NA NA NA 1706 317 1208 255 302 NA NA NA NA 
1760734800.0 158.1 NA 442 886 0 NA NA NA NA NA NA 582 1172 0 NA NA NA NA NA NA 389 1237 282 NA NA NA NA NA NA 246 1171 457 NA NA NA NA NA 
1760734800.0 158.2 NA 432 880 0 NA NA NA NA NA NA 593 1175 0 NA NA NA NA NA NA 371 1079 280 NA NA NA NA NA NA 360 1367 423 NA NA NA NA NA 
1760734800.0 158.3 NA 511 884 0 NA NA NA NA NA NA 1126 1166 0 NA NA NA NA NA NA 391 1181 278 NA NA NA NA NA NA 333 1180 300 NA NA NA NA NA 
1760734800.0 158.5 232 379 845 263 0 NA NA NA NA 322 526 1139 366 0 NA NA NA NA 1423 245 1127 171 276 NA NA NA NA 1216 352 1534 282 395 NA NA NA NA 
1760734800.0 159.0 252 390 827 263 0 NA NA NA NA 342 525 1104 367 0 NA NA NA NA 1562 239 1096 154 274 NA NA NA NA 2152 283 1288 272 445 NA NA NA NA 
1760734800.0 159.01 NA 444 0 NA NA NA NA NA NA NA 602 0 NA NA NA NA NA NA NA 2439 114 NA NA NA NA NA NA NA 1627 159 NA NA NA NA NA NA 
1760734800.0 159.02 254 392 223 843 267 0 NA NA NA 341 527 295 1124 366 0 NA NA NA 1348 225 108 940 144 277 NA NA NA 1578 249 189 1001 184 313 NA NA NA 
1760734800.0 159.03 247 379 211 480 370 NA NA NA NA 338 519 289 718 521 NA NA NA NA 857 190 101 336 212 NA NA NA NA 876 206 173 439 279 NA NA NA NA 
1760734800.0 159.1 264 431 861 0 NA NA NA NA NA 347 568 1142 0 NA NA NA NA NA 1808 382 1075 264 NA NA NA NA NA 844 187 916 321 NA NA NA NA NA 
1760734800.0 159.2 264 428 857 0 NA NA NA NA NA 348 569 1110 0 NA NA NA NA NA 1370 367 954 257 NA NA NA NA NA 723 182 805 278 NA NA NA NA NA 
1760734800.0 159.3 265 433 857 0 NA NA NA NA NA 356 566 1145 0 NA NA NA NA NA 1341 373 1028 261 NA NA NA NA NA 679 178 917 280 NA NA NA NA NA 
1760734800.0 159.4 262 432 857 0 NA NA NA NA NA 352 565 1135 0 NA NA NA NA NA 1647 371 1000 261 NA NA NA NA NA 797 197 898 294 NA NA NA NA NA 
1760734800.0 16.0 NA 362 758 0 NA NA NA NA NA NA 494 1012 0 NA NA NA NA NA NA 1377 2261 209 NA NA NA NA NA NA 461 1279 257 NA NA NA NA NA 
1760734800.0 160.0 250 394 839 260 0 NA NA NA NA 330 533 1126 364 0 NA NA NA NA 1548 316 924 143 269 NA NA NA NA 1624 346 1047 221 377 NA NA NA NA 
1760734800.0 160.02 253 412 230 847 259 0 NA NA NA 332 542 297 1102 363 0 NA NA NA 1590 266 103 951 146 277 NA NA NA 1307 291 137 921 186 368 NA NA NA 
1760734800.0 160.03 243 391 212 490 372 NA NA NA NA 337 537 284 729 533 NA NA NA NA 867 243 98 348 207 NA NA NA NA 813 277 160 443 262 NA NA NA NA 
1760734800.0 160.1 263 456 870 0 NA NA NA NA NA 343 606 1133 0 NA NA NA NA NA 1397 599 1067 257 NA NA NA NA NA 746 268 802 271 NA NA NA NA NA 
1760734800.0 160.2 259 450 869 0 NA NA NA NA NA 340 604 1166 0 NA NA NA NA NA 1063 583 960 258 NA NA NA NA NA 696 249 869 276 NA NA NA NA NA 
1760734800.0 160.3 262 454 871 0 NA NA NA NA NA 360 597 1142 0 NA NA NA NA NA 883 564 1005 259 NA NA NA NA NA 800 279 781 281 NA NA NA NA NA 
1760734800.0 160.4 259 449 865 0 NA NA NA NA NA 352 597 1162 0 NA NA NA NA NA 1098 577 997 262 NA NA NA NA NA 744 285 778 310 NA NA NA NA NA 
1760734800.0 160.401 243 392 211 973 367 NA NA NA NA 336 534 290 2262 497 NA NA NA NA 998 273 111 786 213 NA NA NA NA 965 331 193 1653 271 NA NA NA NA 
1760734800.0 161.0 260 583 918 264 0 NA NA NA NA 343 817 1218 366 0 NA NA NA NA 1298 421 1509 150 332 NA NA NA NA 1120 455 1974 203 472 NA NA NA NA 
1760734800.0 161.02 260 586 232 914 262 0 NA NA NA 345 839 314 1211 366 0 NA NA NA 1317 432 120 1522 154 324 NA NA NA 1179 525 180 1846 182 469 NA NA NA 
1760734800.0 161.03 243 672 222 493 370 NA NA NA NA 323 1705 306 738 520 NA NA NA NA 874 386 113 350 215 NA NA NA NA 808 519 203 484 249 NA NA NA NA 
1760734800.0 161.1 263 747 951 0 NA NA NA NA NA 356 1766 1262 0 NA NA NA NA NA 1539 780 2125 420 NA NA NA NA NA 784 437 1714 514 NA NA NA NA NA 
1760734800.0 161.2 259 758 945 0 NA NA NA NA NA 353 1784 1248 0 NA NA NA NA NA 957 742 1598 304 NA NA NA NA NA 754 437 1449 315 NA NA NA NA NA 
1760734800.0 161.3 261 753 948 0 NA NA NA NA NA 347 1746 1248 0 NA NA NA NA NA 969 670 1639 333 NA NA NA NA NA 1137 510 1581 356 NA NA NA NA NA 
1760734800.0 161.4 260 761 944 0 NA NA NA NA NA 344 1774 1253 0 NA NA NA NA NA 1271 947 1748 410 NA NA NA NA NA 870 539 1543 466 NA NA NA NA NA 
1760734800.0 162.0 256 408 912 260 0 NA NA NA NA 329 591 1176 360 0 NA NA NA NA 1623 294 1417 148 323 NA NA NA NA 1279 350 1548 183 425 NA NA NA NA 
1760734800.0 162.02 257 409 224 900 261 0 NA NA NA 332 573 299 1196 365 0 NA NA NA 1316 291 105 1426 149 310 NA NA NA 1221 326 176 1786 194 457 NA NA NA 
1760734800.0 162.03 244 398 211 488 370 NA NA NA NA 323 558 288 723 527 NA NA NA NA 889 262 101 354 202 NA NA NA NA 874 348 186 483 219 NA NA NA NA 
1760734800.0 162.1 265 472 934 0 NA NA NA NA NA 348 612 1244 0 NA NA NA NA NA 1503 748 1669 351 NA NA NA NA NA 713 331 1332 376 NA NA NA NA NA 
1760734800.0 162.2 260 467 935 0 NA NA NA NA NA 344 598 1222 0 NA NA NA NA NA 1140 737 1567 354 NA NA NA NA NA 731 312 1322 445 NA NA NA NA NA 
1760734800.0 162.3 263 469 929 0 NA NA NA NA NA 356 610 1235 0 NA NA NA NA NA 952 690 1837 375 NA NA NA NA NA 887 302 1553 403 NA NA NA NA NA 
1760734800.0 162.4 259 461 931 0 NA NA NA NA NA 353 612 1218 0 NA NA NA NA NA 1048 818 1865 369 NA NA NA NA NA 834 347 1558 397 NA NA NA NA NA 
1760734800.0 16434.0 NA 0 NA NA NA NA NA NA NA NA 0 NA NA NA NA NA NA NA NA 0 NA NA NA NA NA NA NA NA 0 NA NA NA NA NA NA NA 
1760734800.0 16634.0 NA 0 NA NA NA NA NA NA NA NA 0 NA NA NA NA NA NA NA NA 0 NA NA NA NA NA NA NA NA 0 NA NA NA NA NA NA NA 
1760734800.0 16834.0 NA 850 0 NA NA NA NA NA NA NA 1894 0 NA NA NA NA NA NA NA 1231 0 NA NA NA NA NA NA NA 990 0 NA NA NA NA NA NA 
1760734800.0 17.0 NA 349 740 0 NA NA NA NA NA NA 483 985 0 NA NA NA NA NA NA 1376 1700 199 NA NA NA NA NA NA 454 1116 239 NA NA NA NA NA 
1760734800.0 17034.0 NA 1056 0 NA NA NA NA NA NA NA 1456 0 NA NA NA NA NA NA NA 4681 0 NA NA NA NA NA NA NA 1948 0 NA NA NA NA NA NA 
1760734800.0 18.0 NA 349 743 0 NA NA NA NA NA NA 479 988 0 NA NA NA NA NA NA 1334 1220 198 NA NA NA NA NA NA 436 860 257 NA NA NA NA NA 
1760734800.0 180.0 254 457 889 261 0 NA NA NA NA 350 601 1189 372 0 NA NA NA NA 603 566 1029 131 257 NA NA NA NA 590 236 883 142 289 NA NA NA NA 
1760734800.0 180.1 255 452 886 265 0 NA NA NA NA 364 612 1189 362 0 NA NA NA NA 3304 610 1089 136 257 NA NA NA NA 1412 262 935 156 271 NA NA NA NA 
1760734800.0 18034.0 NA 0 NA NA NA NA NA NA NA NA 0 NA NA NA NA NA NA NA NA 0 NA NA NA NA NA NA NA NA 0 NA NA NA NA NA NA NA 
1760734800.0 181.0 252 722 971 265 0 NA NA NA NA 347 1699 1263 369 0 NA NA NA NA 809 650 1645 144 309 NA NA NA NA 1154 430 1773 275 358 NA NA NA NA 
1760734800.0 181.1 258 719 969 261 0 NA NA NA NA 365 1693 1241 370 0 NA NA NA NA 3113 643 1631 137 316 NA NA NA NA 1156 383 1642 167 478 NA NA NA NA 
1760734800.0 182.0 251 460 711 268 0 NA NA NA NA 339 602 1284 375 0 NA NA NA NA 718 953 2148 171 367 NA NA NA NA 755 440 1873 188 385 NA NA NA NA 
1760734800.0 182.1 259 466 949 269 0 NA NA NA NA 365 613 1268 371 0 NA NA NA NA 3130 678 1552 135 302 NA NA NA NA 1546 299 1513 163 334 NA NA NA NA 
1760734800.0 18234.0 NA 0 NA NA NA NA NA NA NA NA 0 NA NA NA NA NA NA NA NA 0 NA NA NA NA NA NA NA NA 0 NA NA NA NA NA NA NA 
1760734800.0 19.0 NA 342 736 0 NA NA NA NA NA NA 469 976 0 NA NA NA NA NA NA 1358 1383 197 NA NA NA NA NA NA 469 976 242 NA NA NA NA NA 
1760734800.0 2.0 273 340 558 NA NA NA NA NA NA 400 459 770 NA NA NA NA NA NA 1949 335 926 NA NA NA NA NA NA 831 247 721 NA NA NA NA NA NA 
1760734800.0 20.0 NA 350 741 0 NA NA NA NA NA NA 472 992 0 NA NA NA NA NA NA 1386 2003 214 NA NA NA NA NA NA 464 1106 290 NA NA NA NA NA 
1760734800.0 200.0 NA 414 817 0 NA NA NA NA NA NA 556 1084 0 NA NA NA NA NA NA 513 1794 216 NA NA NA NA NA NA 338 1472 314 NA NA NA NA NA 
1760734800.0 2017.1 788 0 418 0 NA NA NA NA NA 1048 0 571 0 NA NA NA NA NA 1035 140 334 0 NA NA NA NA NA 804 217 424 0 NA NA NA NA NA 
1760734800.0 2017.11 805 0 427 0 NA NA NA NA NA 1058 0 574 0 NA NA NA NA NA 1653 144 450 0 NA NA NA NA NA 843 162 428 0 NA NA NA NA NA 
1760734800.0 2017.12 783 0 416 0 NA NA NA NA NA 1030 0 559 0 NA NA NA NA NA 896 156 309 0 NA NA NA NA NA 806 265 372 0 NA NA NA NA NA 
1760734800.0 2017.13 758 0 NA NA NA NA NA NA NA 999 0 NA NA NA NA NA NA NA 1062 204 NA NA NA NA NA NA NA 552 230 NA NA NA NA NA NA NA 
1760734800.0 2017.2 735 0 410 0 NA NA NA NA NA 946 0 546 0 NA NA NA NA NA 894 147 346 0 NA NA NA NA NA 780 234 442 0 NA NA NA NA NA 
1760734800.0 2017.3 737 0 409 0 NA NA NA NA NA 942 0 569 0 NA NA NA NA NA 951 177 363 0 NA NA NA NA NA 756 217 555 0 NA NA NA NA NA 
1760734800.0 2017.4 783 0 412 0 NA NA NA NA NA 1038 0 572 0 NA NA NA NA NA 831 142 298 0 NA NA NA NA NA 749 237 325 0 NA NA NA NA NA 
1760734800.0 2017.5 789 0 415 0 NA NA NA NA NA 1029 0 565 0 NA NA NA NA NA 803 135 314 0 NA NA NA NA NA 810 175 440 0 NA NA NA NA NA 
1760734800.0 2017.6 787 0 417 0 NA NA NA NA NA 1056 0 568 0 NA NA NA NA NA 1640 207 521 0 NA NA NA NA NA 997 253 541 0 NA NA NA NA NA 
1760734800.0 2017.7 782 0 414 0 NA NA NA NA NA 1022 0 574 0 NA NA NA NA NA 866 141 305 0 NA NA NA NA NA 721 189 403 0 NA NA NA NA NA 
1760734800.0 2017.8 408 NA NA NA NA NA NA NA NA 599 NA NA NA NA NA NA NA NA 690 NA NA NA NA NA NA NA NA 305 NA NA NA NA NA NA NA NA 
1760734800.0 2017.9 781 0 412 0 NA NA NA NA NA 1045 0 563 0 NA NA NA NA NA 937 176 365 0 NA NA NA NA NA 743 249 542 0 NA NA NA NA NA 
1760734800.0 2018.1 786 0 417 0 NA NA NA NA NA 1038 0 569 0 NA NA NA NA NA 1354 203 504 0 NA NA NA NA NA 1197 306 660 0 NA NA NA NA NA 
1760734800.0 2018.11 795 0 421 0 NA NA NA NA NA 1057 0 568 0 NA NA NA NA NA 1626 138 426 0 NA NA NA NA NA 744 150 348 0 NA NA NA NA NA 
1760734800.0 2018.12 786 0 423 0 NA NA NA NA NA 1045 0 568 0 NA NA NA NA NA 915 139 311 0 NA NA NA NA NA 749 170 445 0 NA NA NA NA NA 
1760734800.0 2018.13 758 0 NA NA NA NA NA NA NA 1028 0 NA NA NA NA NA NA NA 1066 203 NA NA NA NA NA NA NA 576 215 NA NA NA NA NA NA NA 
1760734800.0 2018.2 735 0 408 0 NA NA NA NA NA 943 0 557 0 NA NA NA NA NA 740 134 289 0 NA NA NA NA NA 692 211 343 0 NA NA NA NA NA 
1760734800.0 2018.3 734 0 405 0 NA NA NA NA NA 948 0 570 0 NA NA NA NA NA 768 135 289 0 NA NA NA NA NA 718 216 415 0 NA NA NA NA NA 
1760734800.0 2018.4 781 0 415 0 NA NA NA NA NA 1026 0 577 0 NA NA NA NA NA 867 140 302 0 NA NA NA NA NA 776 221 451 0 NA NA NA NA NA 
1760734800.0 2018.5 783 0 412 0 NA NA NA NA NA 1047 0 570 0 NA NA NA NA NA 828 141 299 0 NA NA NA NA NA 785 213 421 0 NA NA NA NA NA 
1760734800.0 2018.6 786 0 421 0 NA NA NA NA NA 1040 0 570 0 NA NA NA NA NA 1160 145 342 0 NA NA NA NA NA 689 261 327 0 NA NA NA NA NA 
1760734800.0 2018.7 781 0 414 0 NA NA NA NA NA 1032 0 561 0 NA NA NA NA NA 883 140 304 0 NA NA NA NA NA 756 195 454 0 NA NA NA NA NA 
1760734800.0 2018.8 406 NA NA NA NA NA NA NA NA 598 NA NA NA NA NA NA NA NA 684 NA NA NA NA NA NA NA NA 308 NA NA NA NA NA NA NA NA 
1760734800.0 2018.9 781 0 408 0 NA NA NA NA NA 1047 0 576 0 NA NA NA NA NA 1005 190 359 0 NA NA NA NA NA 848 293 508 0 NA NA NA NA NA 
1760734800.0 202.0 NA 409 822 0 NA NA NA NA NA NA 563 1057 0 NA NA NA NA NA NA 536 2093 225 NA NA NA NA NA NA 431 1568 369 NA NA NA NA NA 
1760734800.0 2022.0000001 NA 334 821 0 NA NA NA NA NA NA 459 1091 0 NA NA NA NA NA NA 207 1433 186 NA NA NA NA NA NA 185 1382 328 NA NA NA NA NA 
1760734800.0 2022.0010001 NA 336 833 0 NA NA NA NA NA NA 458 1127 0 NA NA NA NA NA NA 147 1344 220 NA NA NA NA NA NA 169 1676 303 NA NA NA NA NA 
1760734800.0 2022.0020001 NA 363 918 0 NA NA NA NA NA NA 480 1250 0 NA NA NA NA NA NA 469 18539 285 NA NA NA NA NA NA 262 6197 318 NA NA NA NA NA 
1760734800.0 2022.0030001 NA 358 901 0 NA NA NA NA NA NA 471 1235 0 NA NA NA NA NA NA 435 23586 197 NA NA NA NA NA NA 234 7523 247 NA NA NA NA NA 
1760734800.0 2023.0000001 NA 356 884 0 NA NA NA NA NA NA 468 1211 0 NA NA NA NA NA NA 372 10274 195 NA NA NA NA NA NA 253 3347 228 NA NA NA NA NA 
1760734800.0 2023.0010001 NA 355 921 0 NA NA NA NA NA NA 454 1276 0 NA NA NA NA NA NA 380 25166 200 NA NA NA NA NA NA 304 7888 236 NA NA NA NA NA 
1760734800.0 2023.0020001 NA 319 814 0 NA NA NA NA NA NA 439 1109 0 NA NA NA NA NA NA 109 1021 193 NA NA NA NA NA NA 128 1411 269 NA NA NA NA NA 
1760734800.0 2024.0000001 NA 338 867 0 NA NA NA NA NA NA 496 1195 0 NA NA NA NA NA NA 265 2908 200 NA NA NA NA NA NA 235 3632 284 NA NA NA NA NA 
1760734800.0 2024.0010001 NA 343 946 0 NA NA NA NA NA NA 489 1280 0 NA NA NA NA NA NA 432 27450 233 NA NA NA NA NA NA 285 9986 377 NA NA NA NA NA 
1760734800.0 2024.0020001 NA 342 884 0 NA NA NA NA NA NA 486 1159 0 NA NA NA NA NA NA 238 2719 210 NA NA NA NA NA NA 185 2382 345 NA NA NA NA NA 
1760734800.0 2024.0030001 NA 315 856 0 NA NA NA NA NA NA 469 1131 0 NA NA NA NA NA NA 149 2394 205 NA NA NA NA NA NA 226 3111 290 NA NA NA NA NA 
1760734800.0 2024.0040001 NA 343 966 0 NA NA NA NA NA NA 476 1382 0 NA NA NA NA NA NA 683 59922 212 NA NA NA NA NA NA 323 18803 269 NA NA NA NA NA 
1760734800.0 2024.0050001 NA 349 963 0 NA NA NA NA NA NA 501 1295 0 NA NA NA NA NA NA 454 19048 255 NA NA NA NA NA NA 315 7043 322 NA NA NA NA NA 
1760734800.0 2024.0060001 NA 339 893 0 NA NA NA NA NA NA 504 1195 0 NA NA NA NA NA NA 274 3211 208 NA NA NA NA NA NA 223 3069 316 NA NA NA NA NA 
1760734800.0 2024.0070001 NA 356 717 0 NA NA NA NA NA NA 480 1265 0 NA NA NA NA NA NA 275 8671 241 NA NA NA NA NA NA 214 3679 349 NA NA NA NA NA 
1760734800.0 2025.0000001 NA 606 921 0 NA NA NA NA NA NA 803 1218 0 NA NA NA NA NA NA 730 2969 231 NA NA NA NA NA NA 609 3570 259 NA NA NA NA NA 
1760734800.0 2025.0010001 NA 674 944 0 NA NA NA NA NA NA 897 1256 0 NA NA NA NA NA NA 1001 3909 255 NA NA NA NA NA NA 757 3944 323 NA NA NA NA NA 
1760734800.0 2025.0020001 NA 661 1001 0 NA NA NA NA NA NA 910 1353 0 NA NA NA NA NA NA 3091 26849 237 NA NA NA NA NA NA 1534 9827 348 NA NA NA NA NA 
1760734800.0 203.0 NA 408 838 0 NA NA NA NA NA NA 559 1080 0 NA NA NA NA NA NA 550 2820 269 NA NA NA NA NA NA 468 1703 287 NA NA NA NA NA 
1760734800.0 204.0 269 408 835 0 NA NA NA NA NA 408 561 1102 0 NA NA NA NA NA 1673 593 2469 240 NA NA NA NA NA 698 441 1390 257 NA NA NA NA NA 
1760734800.0 205.0 NA 410 821 0 NA NA NA NA NA NA 559 1069 0 NA NA NA NA NA NA 514 1803 213 NA NA NA NA NA NA 350 1663 284 NA NA NA NA NA 
1760734800.0 21.0 NA 338 746 0 NA NA NA NA NA NA 476 983 0 NA NA NA NA NA NA 1432 2244 215 NA NA NA NA NA NA 474 1158 275 NA NA NA NA NA 
1760734800.0 22.0 NA 352 748 0 NA NA NA NA NA NA 482 1004 0 NA NA NA NA NA NA 1479 2823 215 NA NA NA NA NA NA 539 1320 280 NA NA NA NA NA 
1760734800.0 23.0 NA 378 586 0 NA NA NA NA NA NA 503 1028 0 NA NA NA NA NA NA 1561 3253 239 NA NA NA NA NA NA 537 1418 268 NA NA NA NA NA 
1760734800.0 23634.0 NA 1038 1197 0 414 NA NA NA NA NA 2203 2593 0 556 NA NA NA NA NA 4109 3389 625 1678 NA NA NA NA NA 1687 1853 853 961 NA NA NA NA 
1760734800.0 24.0 NA 377 785 0 NA NA NA NA NA NA 508 1062 0 NA NA NA NA NA NA 1674 6251 290 NA NA NA NA NA NA 582 2486 314 NA NA NA NA NA 
1760734800.0 24034.0 NA 816 1152 0 420 NA NA NA NA NA 1600 2546 0 558 NA NA NA NA NA 3611 3253 588 1680 NA NA NA NA NA 1495 1725 628 854 NA NA NA NA 
1760734800.0 24834.0 NA 1062 1244 0 427 NA NA NA NA NA 2204 2661 0 559 NA NA NA NA NA 4196 3432 626 1685 NA NA NA NA NA 1743 1921 648 861 NA NA NA NA 
1760734800.0 25.0 NA 374 798 0 269 NA NA NA NA NA 516 1067 0 365 NA NA NA NA NA 1730 6084 238 178 NA NA NA NA NA 558 2343 310 208 NA NA NA NA 
1760734800.0 2500.0001 NA 0 NA NA NA NA NA NA NA NA 0 NA NA NA NA NA NA NA NA 0 NA NA NA NA NA NA NA NA 0 NA NA NA NA NA NA NA 
1760734800.0 2500.0002 NA 0 NA NA NA NA NA NA NA NA 0 NA NA NA NA NA NA NA NA 0 NA NA NA NA NA NA NA NA 0 NA NA NA NA NA NA NA 
1760734800.0 2500.0003 NA 0 NA NA NA NA NA NA NA NA 0 NA NA NA NA NA NA NA NA 0 NA NA NA NA NA NA NA NA 0 NA NA NA NA NA NA NA 
1760734800.0 2500.0004 NA 0 NA NA NA NA NA NA NA NA 0 NA NA NA NA NA NA NA NA 0 NA NA NA NA NA NA NA NA 0 NA NA NA NA NA NA NA 
1760734800.0 2500.0101 NA 484 0 NA NA NA NA NA NA NA 676 0 NA NA NA NA NA NA NA 22380 72 NA NA NA NA NA NA NA 6668 144 NA NA NA NA NA NA 
1760734800.0 2500.0102 NA 501 0 NA NA NA NA NA NA NA 707 0 NA NA NA NA NA NA NA 34832 73 NA NA NA NA NA NA NA 10718 96 NA NA NA NA NA NA 
1760734800.0 2500.0103 NA 495 0 NA NA NA NA NA NA NA 693 0 NA NA NA NA NA NA NA 28786 73 NA NA NA NA NA NA NA 8838 138 NA NA NA NA NA NA 
1760734800.0 2500.0201 NA 503 0 NA NA NA NA NA NA NA 703 0 NA NA NA NA NA NA NA 1304 0 NA NA NA NA NA NA NA 1017 0 NA NA NA NA NA NA 
1760734800.0 2500.0202 NA 506 0 NA NA NA NA NA NA NA 707 0 NA NA NA NA NA NA NA 1576 0 NA NA NA NA NA NA NA 1396 0 NA NA NA NA NA NA 
1760734800.0 2500.0203 NA 521 0 NA NA NA NA NA NA NA 736 0 NA NA NA NA NA NA NA 2252 0 NA NA NA NA NA NA NA 1322 0 NA NA NA NA NA NA 
1760734800.0 2500.0204 NA 525 0 NA NA NA NA NA NA NA 722 0 NA NA NA NA NA NA NA 1564 0 NA NA NA NA NA NA NA 1117 0 NA NA NA NA NA NA 
1760734800.0 2500.0301 NA 511 340 0 NA NA NA NA NA NA 704 461 0 NA NA NA NA NA NA 1373 320 68 NA NA NA NA NA NA 718 309 79 NA NA NA NA NA 
1760734800.0 2500.0302 NA 504 339 0 NA NA NA NA NA NA 710 465 0 NA NA NA NA NA NA 1353 320 67 NA NA NA NA NA NA 684 332 80 NA NA NA NA NA 
1760734800.0 2500.0303 NA 519 342 0 NA NA NA NA NA NA 707 464 0 NA NA NA NA NA NA 1515 332 67 NA NA NA NA NA NA 703 307 77 NA NA NA NA NA 
1760734800.0 2500.0304 NA 515 351 0 NA NA NA NA NA NA 713 459 0 NA NA NA NA NA NA 1477 333 67 NA NA NA NA NA NA 736 313 80 NA NA NA NA NA 
1760734800.0 2500.0401 NA 372 0 NA NA NA NA NA NA NA 522 0 NA NA NA NA NA NA NA 517 0 NA NA NA NA NA NA NA 377 0 NA NA NA NA NA NA 
1760734800.0 2500.0402 NA 377 0 NA NA NA NA NA NA NA 522 0 NA NA NA NA NA NA NA 549 0 NA NA NA NA NA NA NA 308 0 NA NA NA NA NA NA 
1760734800.0 2500.0403 NA 378 0 NA NA NA NA NA NA NA 513 0 NA NA NA NA NA NA NA 755 0 NA NA NA NA NA NA NA 507 0 NA NA NA NA NA NA 
1760734800.0 2500.0404 NA 382 0 NA NA NA NA NA NA NA 533 0 NA NA NA NA NA NA NA 557 0 NA NA NA NA NA NA NA 309 0 NA NA NA NA NA NA 
1760734800.0 2500.0501 NA 370 340 0 NA NA NA NA NA NA 527 465 0 NA NA NA NA NA NA 425 313 73 NA NA NA NA NA NA 277 294 115 NA NA NA NA NA 
1760734800.0 2500.0502 NA 376 343 0 NA NA NA NA NA NA 525 476 0 NA NA NA NA NA NA 498 336 72 NA NA NA NA NA NA 298 307 102 NA NA NA NA NA 
1760734800.0 2500.0503 NA 380 342 0 NA NA NA NA NA NA 529 466 0 NA NA NA NA NA NA 479 327 72 NA NA NA NA NA NA 277 296 108 NA NA NA NA NA 
1760734800.0 2500.1001 NA 0 NA NA NA NA NA NA NA NA 0 NA NA NA NA NA NA NA NA 0 NA NA NA NA NA NA NA NA 0 NA NA NA NA NA NA NA 
1760734800.0 2500.1101 NA 495 0 NA NA NA NA NA NA NA 665 0 NA NA NA NA NA NA NA 22757 71 NA NA NA NA NA NA NA 6781 131 NA NA NA NA NA NA 
1760734800.0 2500.1201 NA 368 0 NA NA NA NA NA NA NA 511 0 NA NA NA NA NA NA NA 539 0 NA NA NA NA NA NA NA 363 0 NA NA NA NA NA NA 
1760734800.0 2500.1301 NA 404 360 0 NA NA NA NA NA NA 545 462 0 NA NA NA NA NA NA 443 295 68 NA NA NA NA NA NA 232 252 86 NA NA NA NA NA 
1760734800.0 2500.1501 NA 277 NA NA NA NA NA NA NA NA 430 NA NA NA NA NA NA NA NA 3334 NA NA NA NA NA NA NA NA 1135 NA NA NA NA NA NA NA 
1760734800.0 2500.1502 NA 276 NA NA NA NA NA NA NA NA 410 NA NA NA NA NA NA NA NA 7417 NA NA NA NA NA NA NA NA 4721 NA NA NA NA NA NA NA 
1760734800.0 2500.1503 NA 275 NA NA NA NA NA NA NA NA 425 NA NA NA NA NA NA NA NA 4469 NA NA NA NA NA NA NA NA 1468 NA NA NA NA NA NA NA 
1760734800.0 2500.1504 NA 274 NA NA NA NA NA NA NA NA 412 NA NA NA NA NA NA NA NA 9691 NA NA NA NA NA NA NA NA 5515 NA NA NA NA NA NA NA 
1760734800.0 2500.2201 NA 0 NA NA NA NA NA NA NA NA 0 NA NA NA NA NA NA NA NA 0 NA NA NA NA NA NA NA NA 0 NA NA NA NA NA NA NA 
1760734800.0 2500.2202 NA 0 NA NA NA NA NA NA NA NA 0 NA NA NA NA NA NA NA NA 0 NA NA NA NA NA NA NA NA 0 NA NA NA NA NA NA NA 
1760734800.0 2500.2203 NA 0 NA NA NA NA NA NA NA NA 0 NA NA NA NA NA NA NA NA 0 NA NA NA NA NA NA NA NA 0 NA NA NA NA NA NA NA 
1760734800.0 2500.2204 NA 0 NA NA NA NA NA NA NA NA 0 NA NA NA NA NA NA NA NA 0 NA NA NA NA NA NA NA NA 0 NA NA NA NA NA NA NA 
1760734800.0 2500.2206 NA 0 NA NA NA NA NA NA NA NA 0 NA NA NA NA NA NA NA NA 0 NA NA NA NA NA NA NA NA 0 NA NA NA NA NA NA NA 
1760734800.0 2500.2207 NA 316 NA NA NA NA NA NA NA NA 469 NA NA NA NA NA NA NA NA 5947 NA NA NA NA NA NA NA NA 1810 NA NA NA NA NA NA NA 
1760734800.0 2500.2208 NA 0 NA NA NA NA NA NA NA NA 0 NA NA NA NA NA NA NA NA 0 NA NA NA NA NA NA NA NA 0 NA NA NA NA NA NA NA 
1760734800.0 2500.2301 NA 444 NA NA NA NA NA NA NA NA 620 NA NA NA NA NA NA NA NA 1965 NA NA NA NA NA NA NA NA 745 NA NA NA NA NA NA NA 
1760734800.0 2500.2302 NA 482 NA NA NA NA NA NA NA NA 665 NA NA NA NA NA NA NA NA 2850 NA NA NA NA NA NA NA NA 1030 NA NA NA NA NA NA NA 
1760734800.0 2500.2303 NA 492 NA NA NA NA NA NA NA NA 678 NA NA NA NA NA NA NA NA 5136 NA NA NA NA NA NA NA NA 1584 NA NA NA NA NA NA NA 
1760734800.0 2500.2304 NA 489 NA NA NA NA NA NA NA NA 680 NA NA NA NA NA NA NA NA 9087 NA NA NA NA NA NA NA NA 2647 NA NA NA NA NA NA NA 
1760734800.0 2500.2306 NA 485 NA NA NA NA NA NA NA NA 669 NA NA NA NA NA NA NA NA 2808 NA NA NA NA NA NA NA NA 973 NA NA NA NA NA NA NA 
1760734800.0 2500.2307 NA 275 NA NA NA NA NA NA NA NA 422 NA NA NA NA NA NA NA NA 3711 NA NA NA NA NA NA NA NA 1077 NA NA NA NA NA NA NA 
1760734800.0 2500.2308 NA 516 NA NA NA NA NA NA NA NA 743 NA NA NA NA NA NA NA NA 27086 NA NA NA NA NA NA NA NA 7896 NA NA NA NA NA NA NA 
1760734800.0 2500.2309 NA 519 NA NA NA NA NA NA NA NA 739 NA NA NA NA NA NA NA NA 26636 NA NA NA NA NA NA NA NA 7797 NA NA NA NA NA NA NA 
1760734800.0 2500.231 NA 171 NA NA NA NA NA NA NA NA 276 NA NA NA NA NA NA NA NA 3828 NA NA NA NA NA NA NA NA 2627 NA NA NA NA NA NA NA 
1760734800.0 2500.2311 NA 203 NA NA NA NA NA NA NA NA 541 NA NA NA NA NA NA NA NA 404 NA NA NA NA NA NA NA NA 249 NA NA NA NA NA NA NA 
1760734800.0 2500.2401 NA 351 NA NA NA NA NA NA NA NA 520 NA NA NA NA NA NA NA NA 423 NA NA NA NA NA NA NA NA 541 NA NA NA NA NA NA NA 
1760734800.0 2500.2402 NA 317 NA NA NA NA NA NA NA NA 442 NA NA NA NA NA NA NA NA 1055 NA NA NA NA NA NA NA NA 417 NA NA NA NA NA NA NA 
1760734800.0 2500.2403 NA 289 NA NA NA NA NA NA NA NA 421 NA NA NA NA NA NA NA NA 214 NA NA NA NA NA NA NA NA 382 NA NA NA NA NA NA NA 
1760734800.0 2500.2404 NA 407 NA NA NA NA NA NA NA NA 575 NA NA NA NA NA NA NA NA 1355 NA NA NA NA NA NA NA NA 536 NA NA NA NA NA NA NA 
1760734800.0 2500.2405 NA 408 NA NA NA NA NA NA NA NA 576 NA NA NA NA NA NA NA NA 1498 NA NA NA NA NA NA NA NA 549 NA NA NA NA NA NA NA 
1760734800.0 2500.2501 NA 417 NA NA NA NA NA NA NA NA 585 NA NA NA NA NA NA NA NA 1110 NA NA NA NA NA NA NA NA 465 NA NA NA NA NA NA NA 
1760734800.0 2500.2601 NA 513 0 NA NA NA NA NA NA NA 724 0 NA NA NA NA NA NA NA 1638 0 NA NA NA NA NA NA NA 744 0 NA NA NA NA NA NA 
1760734800.0 2500.2701 NA 502 346 0 NA NA NA NA NA NA 679 475 0 NA NA NA NA NA NA 1380 323 68 NA NA NA NA NA NA 651 309 87 NA NA NA NA NA 
1760734800.0 2500.3001 NA 0 NA NA NA NA NA NA NA NA 0 NA NA NA NA NA NA NA NA 0 NA NA NA NA NA NA NA NA 0 NA NA NA NA NA NA NA 
1760734800.0 2500.3101 NA 403 0 NA NA NA NA NA NA NA 629 0 NA NA NA NA NA NA NA 4309 68 NA NA NA NA NA NA NA 1389 82 NA NA NA NA NA NA 
1760734800.0 2500.3102 NA 414 0 NA NA NA NA NA NA NA 563 0 NA NA NA NA NA NA NA 732 67 NA NA NA NA NA NA NA 397 81 NA NA NA NA NA NA 
1760734800.0 2500.3201 NA 0 NA NA NA NA NA NA NA NA 0 NA NA NA NA NA NA NA NA 0 NA NA NA NA NA NA NA NA 0 NA NA NA NA NA NA NA 
1760734800.0 2500.3202 NA 0 NA NA NA NA NA NA NA NA 0 NA NA NA NA NA NA NA NA 0 NA NA NA NA NA NA NA NA 0 NA NA NA NA NA NA NA 
1760734800.0 2500.3203 NA 0 NA NA NA NA NA NA NA NA 0 NA NA NA NA NA NA NA NA 0 NA NA NA NA NA NA NA NA 0 NA NA NA NA NA NA NA 
1760734800.0 2500.3204 NA 0 NA NA NA NA NA NA NA NA 0 NA NA NA NA NA NA NA NA 0 NA NA NA NA NA NA NA NA 0 NA NA NA NA NA NA NA 
1760734800.0 2500.3205 NA 0 NA NA NA NA NA NA NA NA 0 NA NA NA NA NA NA NA NA 0 NA NA NA NA NA NA NA NA 0 NA NA NA NA NA NA NA 
1760734800.0 2500.3206 NA 0 NA NA NA NA NA NA NA NA 0 NA NA NA NA NA NA NA NA 0 NA NA NA NA NA NA NA NA 0 NA NA NA NA NA NA NA 
1760734800.0 2500.3207 NA 367 NA NA NA NA NA NA NA NA 535 NA NA NA NA NA NA NA NA 5486 NA NA NA NA NA NA NA NA 1646 NA NA NA NA NA NA NA 
1760734800.0 2500.3208 NA 0 NA NA NA NA NA NA NA NA 0 NA NA NA NA NA NA NA NA 0 NA NA NA NA NA NA NA NA 0 NA NA NA NA NA NA NA 
1760734800.0 2500.3209 NA 0 NA NA NA NA NA NA NA NA 0 NA NA NA NA NA NA NA NA 0 NA NA NA NA NA NA NA NA 0 NA NA NA NA NA NA NA 
1760734800.0 2500.3301 NA 385 NA NA NA NA NA NA NA NA 549 NA NA NA NA NA NA NA NA 679 NA NA NA NA NA NA NA NA 381 NA NA NA NA NA NA NA 
1760734800.0 2500.3302 NA 396 NA NA NA NA NA NA NA NA 562 NA NA NA NA NA NA NA NA 765 NA NA NA NA NA NA NA NA 406 NA NA NA NA NA NA NA 
1760734800.0 2500.3303 NA 429 NA NA NA NA NA NA NA NA 581 NA NA NA NA NA NA NA NA 3715 NA NA NA NA NA NA NA NA 1229 NA NA NA NA NA NA NA 
1760734800.0 2500.3304 NA 429 NA NA NA NA NA NA NA NA 601 NA NA NA NA NA NA NA NA 7439 NA NA NA NA NA NA NA NA 2143 NA NA NA NA NA NA NA 
1760734800.0 2500.3305 NA 438 NA NA NA NA NA NA NA NA 657 NA NA NA NA NA NA NA NA 9163 NA NA NA NA NA NA NA NA 2702 NA NA NA NA NA NA NA 
1760734800.0 2500.3306 NA 394 NA NA NA NA NA NA NA NA 551 NA NA NA NA NA NA NA NA 707 NA NA NA NA NA NA NA NA 401 NA NA NA NA NA NA NA 
1760734800.0 2500.3307 NA 275 NA NA NA NA NA NA NA NA 422 NA NA NA NA NA NA NA NA 3539 NA NA NA NA NA NA NA NA 1045 NA NA NA NA NA NA NA 
1760734800.0 2500.3308 NA 344 NA NA NA NA NA NA NA NA 519 NA NA NA NA NA NA NA NA 4182 NA NA NA NA NA NA NA NA 1352 NA NA NA NA NA NA NA 
1760734800.0 2500.3309 NA 422 NA NA NA NA NA NA NA NA 629 NA NA NA NA NA NA NA NA 6811 NA NA NA NA NA NA NA NA 2138 NA NA NA NA NA NA NA 
1760734800.0 2500.331 NA 416 NA NA NA NA NA NA NA NA 622 NA NA NA NA NA NA NA NA 4837 NA NA NA NA NA NA NA NA 1629 NA NA NA NA NA NA NA 
1760734800.0 2500.9001 NA 0 NA NA NA NA NA NA NA NA 0 NA NA NA NA NA NA NA NA 0 NA NA NA NA NA NA NA NA 0 NA NA NA NA NA NA NA 
1760734800.0 2500.9002 NA 0 NA NA NA NA NA NA NA NA 0 NA NA NA NA NA NA NA NA 0 NA NA NA NA NA NA NA NA 0 NA NA NA NA NA NA NA 
1760734800.0 2500.9101 206 0 NA NA NA NA NA NA NA 271 0 NA NA NA NA NA NA NA 125 0 NA NA NA NA NA NA NA 201 0 NA NA NA NA NA NA NA 
1760734800.0 2500.9102 152 214 0 NA NA NA NA NA NA 217 278 0 NA NA NA NA NA NA 5697 125 0 NA NA NA NA NA NA 7100 151 0 NA NA NA NA NA NA 
1760734800.0 2500.9103 151 210 0 NA NA NA NA NA NA 215 281 0 NA NA NA NA NA NA 448 130 0 NA NA NA NA NA NA 169 100 0 NA NA NA NA NA NA 
1760734800.0 250199.0 501 NA NA NA NA NA NA NA NA 708 NA NA NA NA NA NA NA NA 1903 NA NA NA NA NA NA NA NA 977 NA NA NA NA NA NA NA NA 
1760734800.0 250199.17 516 NA NA NA NA NA NA NA NA 706 NA NA NA NA NA NA NA NA 2074 NA NA NA NA NA NA NA NA 1048 NA NA NA NA NA NA NA NA 
1760734800.0 250199.18 591 NA NA NA NA NA NA NA NA 782 NA NA NA NA NA NA NA NA 2833 NA NA NA NA NA NA NA NA 1259 NA NA NA NA NA NA NA NA 
1760734800.0 250200.0 NA 597 901 0 NA NA NA NA NA NA 834 1146 0 NA NA NA NA NA NA 3836 3818 220 NA NA NA NA NA NA 1474 1643 237 NA NA NA NA NA 
1760734800.0 250200.1 268 588 624 NA NA NA NA NA NA 378 771 862 NA NA NA NA NA NA 1568 584 2397 NA NA NA NA NA NA 734 399 1151 NA NA NA NA NA NA 
1760734800.0 250200.117 256 742 642 NA NA NA NA NA NA 349 1391 935 NA NA NA NA NA NA 1611 1540 2158 NA NA NA NA NA NA 884 667 1048 NA NA NA NA NA NA 
1760734800.0 250200.118 251 784 670 0 NA NA NA NA NA 347 1473 938 0 NA NA NA NA NA 1618 1719 3878 0 NA NA NA NA NA 755 770 1455 0 NA NA NA NA NA 
1760734800.0 250200.17 NA 762 981 0 NA NA NA NA NA NA 1466 1286 0 NA NA NA NA NA NA 5023 3259 270 NA NA NA NA NA NA 1751 1440 290 NA NA NA NA NA 
1760734800.0 250200.18 NA 829 1024 0 NA NA NA NA NA NA 1557 1328 0 NA NA NA NA NA NA 6484 4697 280 NA NA NA NA NA NA 2362 1849 296 NA NA NA NA NA 
1760734800.0 250200.182 253 817 1039 0 NA NA NA NA NA 351 1531 1348 0 NA NA NA NA NA 1582 1689 4891 275 NA NA NA NA NA 773 746 2084 306 NA NA NA NA NA 
1760734800.0 250202.0 NA 593 891 0 NA NA NA NA NA NA 861 1176 0 NA NA NA NA NA NA 4328 3435 229 NA NA NA NA NA NA 1465 1538 245 NA NA NA NA NA 
1760734800.0 250202.1 NA 515 607 907 0 NA NA NA NA NA 693 800 1173 0 NA NA NA NA NA 1902 4011 3752 207 NA NA NA NA NA 1054 1245 1487 222 NA NA NA NA 
1760734800.0 250202.118 258 811 717 0 NA NA NA NA NA 350 1506 938 0 NA NA NA NA NA 2490 1660 4133 0 NA NA NA NA NA 938 718 1593 0 NA NA NA NA NA 
1760734800.0 250202.17 NA 776 993 0 NA NA NA NA NA NA 1463 1318 0 NA NA NA NA NA NA 5367 3836 285 NA NA NA NA NA NA 1772 1642 328 NA NA NA NA NA 
1760734800.0 250202.171 NA 527 769 998 0 NA NA NA NA NA 707 1461 1345 0 NA NA NA NA NA 2058 5233 4054 274 NA NA NA NA NA 1065 1529 1702 289 NA NA NA NA 
1760734800.0 250202.172 NA 779 982 0 NA NA NA NA NA NA 1477 1271 0 NA NA NA NA NA NA 5396 3409 276 NA NA NA NA NA NA 1813 1595 290 NA NA NA NA NA 
1760734800.0 250202.18 NA 813 1056 0 NA NA NA NA NA NA 1562 1372 0 NA NA NA NA NA NA 6894 7025 290 NA NA NA NA NA NA 2244 2560 323 NA NA NA NA NA 
1760734800.0 250202.181 NA 589 829 1019 0 NA NA NA NA NA 836 1548 1377 0 NA NA NA NA NA 2762 6684 4769 278 NA NA NA NA NA 1324 2099 1939 296 NA NA NA NA 
1760734800.0 250202.182 262 793 1031 0 NA NA NA NA NA 353 1531 1365 0 NA NA NA NA NA 2495 1708 4748 287 NA NA NA NA NA 929 954 2082 308 NA NA NA NA NA 
1760734800.0 250202.183 260 782 1051 0 NA NA NA NA NA 356 1537 1408 0 NA NA NA NA NA 2461 1746 6585 365 NA NA NA NA NA 1033 958 2620 482 NA NA NA NA NA 
1760734800.0 250202.184 NA 567 807 1038 0 NA NA NA NA NA 790 1539 1405 0 NA NA NA NA NA 2854 7388 5663 287 NA NA NA NA NA 1453 2269 2045 301 NA NA NA NA 
1760734800.0 250202.185 NA 561 809 1023 0 NA NA NA NA NA 775 1543 1374 0 NA NA NA NA NA 2936 7450 5497 289 NA NA NA NA NA 1309 2265 1999 326 NA NA NA NA 
1760734800.0 250202.2 NA 601 908 0 NA NA NA NA NA NA 834 1165 0 NA NA NA NA NA NA 6373 3408 201 NA NA NA NA NA NA 2070 1565 227 NA NA NA NA NA 
1760734800.0 250202.3 NA 502 587 911 0 NA NA NA NA NA 719 809 1168 0 NA NA NA NA NA 1924 6161 3340 205 NA NA NA NA NA 1011 1960 1414 219 NA NA NA NA 
1760734800.0 250202.4 NA 614 898 0 NA NA NA NA NA NA 845 1167 0 NA NA NA NA NA NA 6335 3657 204 NA NA NA NA NA NA 1906 1509 219 NA NA NA NA NA 
1760734800.0 250202.5 NA 508 595 901 0 NA NA NA NA NA 708 787 1176 0 NA NA NA NA NA 1916 6067 3484 206 NA NA NA NA NA 1050 1746 1417 223 NA NA NA NA 
1760734800.0 250203.0 NA 601 889 0 NA NA NA NA NA NA 832 1175 0 NA NA NA NA NA NA 3922 3669 235 NA NA NA NA NA NA 1499 1657 277 NA NA NA NA NA 
1760734800.0 250203.17 NA 784 997 0 NA NA NA NA NA NA 1457 1350 0 NA NA NA NA NA NA 5057 3880 275 NA NA NA NA NA NA 1634 1651 309 NA NA NA NA NA 
1760734800.0 250203.18 NA 811 1017 0 NA NA NA NA NA NA 1579 1338 0 NA NA NA NA NA NA 6637 5107 285 NA NA NA NA NA NA 2105 1930 312 NA NA NA NA NA 
1760734800.0 250204.0 NA 598 901 0 NA NA NA NA NA NA 835 1187 0 NA NA NA NA NA NA 4017 3540 210 NA NA NA NA NA NA 1309 1526 226 NA NA NA NA NA 
1760734800.0 250204.17 NA 754 987 0 NA NA NA NA NA NA 1472 1325 0 NA NA NA NA NA NA 5113 3790 268 NA NA NA NA NA NA 1656 1630 279 NA NA NA NA NA 
1760734800.0 250204.18 NA 815 1025 0 NA NA NA NA NA NA 1566 1338 0 NA NA NA NA NA NA 6690 5478 285 NA NA NA NA NA NA 2277 2024 317 NA NA NA NA NA 
1760734800.0 250205.0 NA 595 893 0 NA NA NA NA NA NA 846 1146 0 NA NA NA NA NA NA 3815 3948 228 NA NA NA NA NA NA 1344 1778 243 NA NA NA NA NA 
1760734800.0 250205.17 NA 753 968 0 NA NA NA NA NA NA 1424 1317 0 NA NA NA NA NA NA 4966 3109 276 NA NA NA NA NA NA 1649 1405 305 NA NA NA NA NA 
1760734800.0 250205.18 NA 816 1025 0 NA NA NA NA NA NA 1558 1373 0 NA NA NA NA NA NA 6514 5108 283 NA NA NA NA NA NA 2039 1941 384 NA NA NA NA NA 
1760734800.0 250206.0 NA 597 910 0 NA NA NA NA NA NA 853 1178 0 NA NA NA NA NA NA 4170 3698 227 NA NA NA NA NA NA 1586 1648 243 NA NA NA NA NA 
1760734800.0 250206.118 256 753 673 0 NA NA NA NA NA 346 1446 910 0 NA NA NA NA NA 1064 1382 2544 0 NA NA NA NA NA 766 688 1199 0 NA NA NA NA NA 
1760734800.0 250206.17 NA 761 983 0 NA NA NA NA NA NA 1455 1324 0 NA NA NA NA NA NA 4951 2849 283 NA NA NA NA NA NA 1656 1414 297 NA NA NA NA NA 
1760734800.0 250206.18 NA 806 1104 0 NA NA NA NA NA NA 1580 1474 0 NA NA NA NA NA NA 6617 5090 274 NA NA NA NA NA NA 2329 1899 287 NA NA NA NA NA 
1760734800.0 250206.181 NA 597 827 1083 0 NA NA NA NA NA 833 1552 1431 0 NA NA NA NA NA 2863 6462 4124 275 NA NA NA NA NA 1378 1847 1662 295 NA NA NA NA 
1760734800.0 250206.182 257 793 1095 0 NA NA NA NA NA 349 1468 1429 0 NA NA NA NA NA 1118 1424 4717 293 NA NA NA NA NA 728 656 2045 313 NA NA NA NA NA 
1760734800.0 250207.0 NA 604 888 0 NA NA NA NA NA NA 836 1143 0 NA NA NA NA NA NA 3424 3458 221 NA NA NA NA NA NA 1206 1553 237 NA NA NA NA NA 
1760734800.0 250207.17 NA 756 969 0 NA NA NA NA NA NA 1473 1251 0 NA NA NA NA NA NA 4552 2983 292 NA NA NA NA NA NA 1757 1606 309 NA NA NA NA NA 
1760734800.0 250207.18 NA 829 1009 0 NA NA NA NA NA NA 1586 1328 0 NA NA NA NA NA NA 6059 4203 272 NA NA NA NA NA NA 2024 1759 285 NA NA NA NA NA 
1760734800.0 250208.17 NA 769 1008 0 NA NA NA NA NA NA 1486 1361 0 NA NA NA NA NA NA 5668 5495 284 NA NA NA NA NA NA 1920 2286 300 NA NA NA NA NA 
1760734800.0 250208.18 NA 806 765 0 NA NA NA NA NA NA 1561 1388 0 NA NA NA NA NA NA 7247 7929 299 NA NA NA NA NA NA 2582 2742 452 NA NA NA NA NA 
1760734800.0 250399.0 443 NA NA NA NA NA NA NA NA 614 NA NA NA NA NA NA NA NA 686 NA NA NA NA NA NA NA NA 446 NA NA NA NA NA NA NA NA 
1760734800.0 250399.17 502 NA NA NA NA NA NA NA NA 675 NA NA NA NA NA NA NA NA 963 NA NA NA NA NA NA NA NA 525 NA NA NA NA NA NA NA NA 
1760734800.0 250399.18 511 NA NA NA NA NA NA NA NA 678 NA NA NA NA NA NA NA NA 1024 NA NA NA NA NA NA NA NA 567 NA NA NA NA NA NA NA NA 
1760734800.0 250400.0 743 0 416 NA NA NA NA NA NA 1008 0 569 NA NA NA NA NA NA 989 105 331 NA NA NA NA NA NA 640 117 292 NA NA NA NA NA NA 
1760734800.0 250400.17 818 0 421 NA NA NA NA NA NA 1097 0 574 NA NA NA NA NA NA 1285 139 361 NA NA NA NA NA NA 736 183 352 NA NA NA NA NA NA 
1760734800.0 250400.18 824 0 421 NA NA NA NA NA NA 1099 0 579 NA NA NA NA NA NA 1334 140 353 NA NA NA NA NA NA 752 160 359 NA NA NA NA NA NA 
1760734800.0 250402.0 745 0 424 NA NA NA NA NA NA 1021 0 570 NA NA NA NA NA NA 1223 113 379 NA NA NA NA NA NA 715 125 314 NA NA NA NA NA NA 
1760734800.0 250402.1 446 730 0 NA NA NA NA NA NA 617 963 0 NA NA NA NA NA NA 694 1183 114 NA NA NA NA NA NA 431 602 145 NA NA NA NA NA NA 
1760734800.0 250402.17 825 0 430 NA NA NA NA NA NA 1108 0 580 NA NA NA NA NA NA 1582 138 411 NA NA NA NA NA NA 803 148 435 NA NA NA NA NA NA 
1760734800.0 250402.171 505 829 0 NA NA NA NA NA NA 680 1066 0 NA NA NA NA NA NA 956 1603 140 NA NA NA NA NA NA 527 726 157 NA NA NA NA NA NA 
1760734800.0 250402.18 825 0 430 NA NA NA NA NA NA 1105 0 581 NA NA NA NA NA NA 1577 140 402 NA NA NA NA NA NA 815 153 362 NA NA NA NA NA NA 
1760734800.0 250402.181 504 825 0 NA NA NA NA NA NA 678 1089 0 NA NA NA NA NA NA 1015 1559 142 NA NA NA NA NA NA 549 717 156 NA NA NA NA NA NA 
1760734800.0 250403.0 739 0 413 NA NA NA NA NA NA 1037 0 560 NA NA NA NA NA NA 1196 121 403 NA NA NA NA NA NA 1158 231 546 NA NA NA NA NA NA 
1760734800.0 250403.17 817 0 423 NA NA NA NA NA NA 1091 0 570 NA NA NA NA NA NA 1302 135 372 NA NA NA NA NA NA 741 147 410 NA NA NA NA NA NA 
1760734800.0 250403.18 828 0 420 NA NA NA NA NA NA 1112 0 578 NA NA NA NA NA NA 1315 136 361 NA NA NA NA NA NA 743 146 365 NA NA NA NA NA NA 
1760734800.0 250405.0 741 0 417 NA NA NA NA NA NA 1022 0 561 NA NA NA NA NA NA 990 110 333 NA NA NA NA NA NA 882 169 382 NA NA NA NA NA NA 
1760734800.0 250405.17 816 0 422 NA NA NA NA NA NA 1063 0 576 NA NA NA NA NA NA 1264 134 358 NA NA NA NA NA NA 733 153 358 NA NA NA NA NA NA 
1760734800.0 250405.18 823 0 422 NA NA NA NA NA NA 1105 0 578 NA NA NA NA NA NA 1318 137 367 NA NA NA NA NA NA 754 150 369 NA NA NA NA NA NA 
1760734800.0 250406.0 735 0 413 NA NA NA NA NA NA 994 0 568 NA NA NA NA NA NA 830 135 349 NA NA NA NA NA NA 982 226 577 NA NA NA NA NA NA 
1760734800.0 250406.17 626 0 421 NA NA NA NA NA NA 1070 0 584 NA NA NA NA NA NA 1170 170 496 NA NA NA NA NA NA 1228 289 739 NA NA NA NA NA NA 
1760734800.0 250406.18 821 0 419 NA NA NA NA NA NA 1093 0 572 NA NA NA NA NA NA 1212 178 371 NA NA NA NA NA NA 1199 340 589 NA NA NA NA NA NA 
1760734800.0 250407.0 696 0 412 NA NA NA NA NA NA 935 0 553 NA NA NA NA NA NA 839 101 311 NA NA NA NA NA NA 855 153 353 NA NA NA NA NA NA 
1760734800.0 250407.17 762 0 425 NA NA NA NA NA NA 984 0 567 NA NA NA NA NA NA 1109 127 347 NA NA NA NA NA NA 705 142 378 NA NA NA NA NA NA 
1760734800.0 250407.18 770 0 418 NA NA NA NA NA NA 995 0 559 NA NA NA NA NA NA 1155 129 345 NA NA NA NA NA NA 724 191 358 NA NA NA NA NA NA 
1760734800.0 250408.0 744 0 426 NA NA NA NA NA NA 1006 0 556 NA NA NA NA NA NA 1218 111 371 NA NA NA NA NA NA 717 121 321 NA NA NA NA NA NA 
1760734800.0 250408.17 819 0 429 NA NA NA NA NA NA 1108 0 589 NA NA NA NA NA NA 1551 141 405 NA NA NA NA NA NA 836 161 385 NA NA NA NA NA NA 
1760734800.0 250408.18 826 0 429 NA NA NA NA NA NA 1112 0 583 NA NA NA NA NA NA 1674 140 409 NA NA NA NA NA NA 1094 214 392 NA NA NA NA NA NA 
1760734800.0 250409.0 752 0 428 NA NA NA NA NA NA 1034 0 575 NA NA NA NA NA NA 1825 113 460 NA NA NA NA NA NA 910 127 333 NA NA NA NA NA NA 
1760734800.0 250409.17 833 0 439 NA NA NA NA NA NA 1080 0 594 NA NA NA NA NA NA 2336 142 525 NA NA NA NA NA NA 1001 159 410 NA NA NA NA NA NA 
1760734800.0 250409.18 836 0 434 NA NA NA NA NA NA 1108 0 589 NA NA NA NA NA NA 2287 142 488 NA NA NA NA NA NA 1003 157 370 NA NA NA NA NA NA 
1760734800.0 25200.0 NA 606 1078 0 0 NA NA NA NA NA 805 1401 0 0 NA NA NA NA NA 1603 3655 213 0 NA NA NA NA NA 722 1768 279 0 NA NA NA NA 
1760734800.0 25202.0 NA 602 1074 0 0 NA NA NA NA NA 805 1392 0 0 NA NA NA NA NA 1601 3693 209 0 NA NA NA NA NA 779 1886 221 0 NA NA NA NA 
1760734800.0 25202.1 NA 601 1065 0 NA NA NA NA NA NA 849 1472 0 NA NA NA NA NA NA 1957 3685 223 NA NA NA NA NA NA 890 1706 241 NA NA NA NA NA 
1760734800.0 25202.15 NA 576 1056 0 0 NA NA NA NA NA 804 1395 0 0 NA NA NA NA NA 1705 4278 217 0 NA NA NA NA NA 1044 1858 258 0 NA NA NA NA 
1760734800.0 25202.2 NA 628 1053 0 NA NA NA NA NA NA 864 1416 0 NA NA NA NA NA NA 1975 4747 238 NA NA NA NA NA NA 837 2077 255 NA NA NA NA NA 
1760734800.0 25203.0 NA 599 1087 0 0 NA NA NA NA NA 813 1440 0 0 NA NA NA NA NA 1692 4189 208 0 NA NA NA NA NA 769 1766 274 0 NA NA NA NA 
1760734800.0 25204.0 NA 620 1084 0 NA NA NA NA NA NA 814 1434 0 NA NA NA NA NA NA 1675 5073 223 NA NA NA NA NA NA 718 2101 240 NA NA NA NA NA 
1760734800.0 25205.0 NA 599 1073 0 0 NA NA NA NA NA 823 1444 0 0 NA NA NA NA NA 1641 3651 203 0 NA NA NA NA NA 810 1700 219 0 NA NA NA NA 
1760734800.0 25206.0 NA 603 1113 0 0 NA NA NA NA NA 829 1512 0 0 NA NA NA NA NA 1629 3340 215 0 NA NA NA NA NA 789 1545 306 0 NA NA NA NA 
1760734800.0 25207.0 NA 575 1055 0 NA NA NA NA NA NA 816 1417 0 NA NA NA NA NA NA 1625 4689 219 NA NA NA NA NA NA 803 2094 240 NA NA NA NA NA 
1760734800.0 25208.0 NA 601 1086 0 NA NA NA NA NA NA 803 1449 0 NA NA NA NA NA NA 1652 5893 208 NA NA NA NA NA NA 834 2275 220 NA NA NA NA NA 
1760734800.0 25209.0 NA 618 1069 0 0 NA NA NA NA NA 804 1423 0 0 NA NA NA NA NA 1691 3896 213 0 NA NA NA NA NA 736 1755 251 0 NA NA NA NA 
1760734800.0 25210.0 259 589 1053 0 NA NA NA NA NA 378 764 1353 0 NA NA NA NA NA 1688 785 3063 280 NA NA NA NA NA 1025 533 1600 301 NA NA NA NA NA 
1760734800.0 25211.0 267 604 1080 0 NA NA NA NA NA 397 805 1411 0 NA NA NA NA NA 3835 1598 3430 202 NA NA NA NA NA 1595 744 1520 216 NA NA NA NA NA 
1760734800.0 25211.17 256 756 1138 0 NA NA NA NA NA 362 1405 1555 0 NA NA NA NA NA 4162 2659 3649 271 NA NA NA NA NA 1706 1009 1752 285 NA NA NA NA NA 
1760734800.0 25211.18 260 790 1239 0 NA NA NA NA NA 364 1489 1697 0 NA NA NA NA NA 4215 3485 6033 289 NA NA NA NA NA 1616 1453 2257 311 NA NA NA NA NA 
1760734800.0 25212.0 275 598 1062 0 NA NA NA NA NA 401 806 1404 0 NA NA NA NA NA 5021 1651 3868 215 NA NA NA NA NA 1985 758 1658 243 NA NA NA NA NA 
1760734800.0 25212.17 263 743 1149 0 NA NA NA NA NA 363 1403 1532 0 NA NA NA NA NA 5206 2622 3402 276 NA NA NA NA NA 1983 1045 1596 290 NA NA NA NA NA 
1760734800.0 25212.18 258 815 992 0 NA NA NA NA NA 363 1564 1733 0 NA NA NA NA NA 5312 3583 6029 294 NA NA NA NA NA 2554 1343 2479 409 NA NA NA NA NA 
1760734800.0 25213.0 283 600 1085 0 NA NA NA NA NA 392 790 1410 0 NA NA NA NA NA 5523 1634 3885 213 NA NA NA NA NA 2121 810 1661 226 NA NA NA NA NA 
1760734800.0 25213.17 258 749 1141 0 NA NA NA NA NA 366 1447 1534 0 NA NA NA NA NA 5479 2671 3720 281 NA NA NA NA NA 2166 1029 1670 295 NA NA NA NA NA 
1760734800.0 25213.18 265 820 1241 0 NA NA NA NA NA 363 1510 1637 0 NA NA NA NA NA 5504 3509 5542 280 NA NA NA NA NA 2602 1320 2162 294 NA NA NA NA NA 
1760734800.0 25214.0 NA 584 1069 0 NA NA NA NA NA NA 828 1385 0 NA NA NA NA NA NA 1639 3707 205 NA NA NA NA NA NA 826 1703 218 NA NA NA NA NA 
1760734800.0 25215.0 138 279 607 1071 0 NA NA NA NA 186 388 826 1466 0 NA NA NA NA 42 2040 1669 4492 204 NA NA NA NA 83 908 733 1750 217 NA NA NA NA 
1760734800.0 25215.17 134 257 750 1150 0 NA NA NA NA 187 356 1391 1625 0 NA NA NA NA 31 2085 2748 3993 285 NA NA NA NA 64 960 1206 1728 311 NA NA NA NA 
1760734800.0 25215.18 134 261 813 1228 0 NA NA NA NA 187 360 1511 1700 0 NA NA NA NA 35 2313 3456 5672 285 NA NA NA NA 67 1008 1292 2200 304 NA NA NA NA 
1760734800.0 25234.0 302 1044 1198 0 417 NA NA NA NA 392 2171 2620 0 571 NA NA NA NA 6211 4256 3862 666 1696 NA NA NA NA 3452 1715 1941 803 967 NA NA NA NA 
1760734800.0 25400.0 845 0 436 NA NA NA NA NA NA 1138 0 591 NA NA NA NA NA NA 1744 116 359 NA NA NA NA NA NA 841 139 364 NA NA NA NA NA NA 
1760734800.0 25400.17 950 0 450 NA NA NA NA NA NA 1272 0 606 NA NA NA NA NA NA 2983 143 374 NA NA NA NA NA NA 1327 180 346 NA NA NA NA NA NA 
1760734800.0 25400.18 955 0 448 NA NA NA NA NA NA 1315 0 606 NA NA NA NA NA NA 3114 137 372 NA NA NA NA NA NA 1291 148 299 NA NA NA NA NA NA 
1760734800.0 25402.0 854 0 440 NA NA NA NA NA NA 1172 0 601 NA NA NA NA NA NA 2109 117 394 NA NA NA NA NA NA 975 129 373 NA NA NA NA NA NA 
1760734800.0 25402.17 962 0 456 NA NA NA NA NA NA 1307 0 610 NA NA NA NA NA NA 3208 144 406 NA NA NA NA NA NA 1279 171 379 NA NA NA NA NA NA 
1760734800.0 25402.18 951 0 452 NA NA NA NA NA NA 1294 0 616 NA NA NA NA NA NA 3490 142 410 NA NA NA NA NA NA 1351 152 310 NA NA NA NA NA NA 
1760734800.0 25403.0 845 0 436 NA NA NA NA NA NA 1166 0 595 NA NA NA NA NA NA 1789 117 367 NA NA NA NA NA NA 866 136 372 NA NA NA NA NA NA 
1760734800.0 25403.17 950 0 455 NA NA NA NA NA NA 1289 0 598 NA NA NA NA NA NA 2880 141 375 NA NA NA NA NA NA 1235 153 317 NA NA NA NA NA NA 
1760734800.0 25403.18 958 0 450 NA NA NA NA NA NA 1282 0 595 NA NA NA NA NA NA 3194 141 380 NA NA NA NA NA NA 1378 158 355 NA NA NA NA NA NA 
1760734800.0 25405.0 848 0 435 NA NA NA NA NA NA 1165 0 584 NA NA NA NA NA NA 1874 115 361 NA NA NA NA NA NA 884 130 357 NA NA NA NA NA NA 
1760734800.0 25405.17 941 0 447 NA NA NA NA NA NA 1221 0 610 NA NA NA NA NA NA 3010 143 374 NA NA NA NA NA NA 1231 220 347 NA NA NA NA NA NA 
1760734800.0 25405.18 952 0 447 NA NA NA NA NA NA 1250 0 617 NA NA NA NA NA NA 3007 143 376 NA NA NA NA NA NA 1283 215 319 NA NA NA NA NA NA 
1760734800.0 25406.0 848 0 428 NA NA NA NA NA NA 1148 0 593 NA NA NA NA NA NA 2200 161 472 NA NA NA NA NA NA 1228 207 514 NA NA NA NA NA NA 
1760734800.0 25406.17 938 0 446 NA NA NA NA NA NA 1291 0 608 NA NA NA NA NA NA 2218 143 349 NA NA NA NA NA NA 1017 156 384 NA NA NA NA NA NA 
1760734800.0 25406.18 954 0 440 NA NA NA NA NA NA 1297 0 594 NA NA NA NA NA NA 1902 143 335 NA NA NA NA NA NA 984 160 396 NA NA NA NA NA NA 
1760734800.0 25407.0 796 0 432 NA NA NA NA NA NA 1039 0 600 NA NA NA NA NA NA 1517 111 340 NA NA NA NA NA NA 804 130 355 NA NA NA NA NA NA 
1760734800.0 25407.17 902 0 441 NA NA NA NA NA NA 1184 0 592 NA NA NA NA NA NA 2600 134 350 NA NA NA NA NA NA 1158 149 302 NA NA NA NA NA NA 
1760734800.0 25407.18 903 0 445 NA NA NA NA NA NA 1164 0 603 NA NA NA NA NA NA 2755 132 359 NA NA NA NA NA NA 1120 144 369 NA NA NA NA NA NA 
1760734800.0 25408.0 872 0 455 NA NA NA NA NA NA 1156 0 603 NA NA NA NA NA NA 2806 120 479 NA NA NA NA NA NA 1090 148 349 NA NA NA NA NA NA 
1760734800.0 25408.17 979 0 461 NA NA NA NA NA NA 1246 0 622 NA NA NA NA NA NA 4679 150 538 NA NA NA NA NA NA 1700 166 413 NA NA NA NA NA NA 
1760734800.0 25408.18 976 0 459 NA NA NA NA NA NA 1293 0 613 NA NA NA NA NA NA 4942 148 705 NA NA NA NA NA NA 1796 159 454 NA NA NA NA NA NA 
1760734800.0 25409.0 860 0 441 NA NA NA NA NA NA 1137 0 601 NA NA NA NA NA NA 2083 118 388 NA NA NA NA NA NA 945 130 402 NA NA NA NA NA NA 
1760734800.0 25409.17 957 0 451 NA NA NA NA NA NA 1293 0 600 NA NA NA NA NA NA 3334 143 403 NA NA NA NA NA NA 1350 180 342 NA NA NA NA NA NA 
1760734800.0 25409.18 974 0 459 NA NA NA NA NA NA 1307 0 616 NA NA NA NA NA NA 3830 143 411 NA NA NA NA NA NA 1435 158 404 NA NA NA NA NA NA 
1760734800.0 25634.0 295 1042 1018 0 421 NA NA NA NA 387 2197 2592 0 572 NA NA NA NA 7213 4112 3689 664 1785 NA NA NA NA 4223 1706 1942 764 998 NA NA NA NA 
1760734800.0 26.0 NA 365 787 0 NA NA NA NA NA NA 496 1072 0 NA NA NA NA NA NA 1513 2492 220 NA NA NA NA NA NA 518 1336 280 NA NA NA NA NA 
1760734800.0 26034.0 306 1055 1201 0 427 NA NA NA NA 398 2179 2559 0 553 NA NA NA NA 7911 4060 3579 620 1639 NA NA NA NA 4042 1655 1936 638 904 NA NA NA NA 
1760734800.0 26434.0 297 1033 976 0 419 NA NA NA NA 399 2200 2607 0 563 NA NA NA NA 6100 4034 3849 669 1778 NA NA NA NA 3609 2044 1962 743 1064 NA NA NA NA 
1760734800.0 26834.0 300 1052 1215 0 415 NA NA NA NA 398 2173 2593 0 569 NA NA NA NA 3832 3056 2545 345 775 NA NA NA NA 1556 1265 1477 372 780 NA NA NA NA 
1760734800.0 27.0 NA 373 775 0 NA NA NA NA NA NA 501 1032 0 NA NA NA NA NA NA 1486 2470 222 NA NA NA NA NA NA 533 1278 282 NA NA NA NA NA 
1760734800.0 27234.0 308 1024 1216 0 419 NA NA NA NA 409 2173 2616 0 569 NA NA NA NA 6091 4461 3917 676 1620 NA NA NA NA 3610 1781 2021 800 965 NA NA NA NA 
1760734800.0 27634.0 189 1054 1223 0 422 NA NA NA NA 392 2209 2624 0 564 NA NA NA NA 6590 4106 3693 617 1592 NA NA NA NA 3742 1777 1834 637 938 NA NA NA NA 
1760734800.0 28.0 NA 371 778 0 NA NA NA NA NA NA 516 1038 0 NA NA NA NA NA NA 2118 4923 244 NA NA NA NA NA NA 728 1961 315 NA NA NA NA NA 
1760734800.0 280.0 246 339 738 0 NA NA NA NA NA 383 466 968 0 NA NA NA NA NA 1351 292 1557 202 NA NA NA NA NA 700 207 1186 257 NA NA NA NA NA 
1760734800.0 28034.0 309 1042 1231 0 422 NA NA NA NA 398 2194 2591 0 577 NA NA NA NA 3876 3129 2589 360 779 NA NA NA NA 1767 1295 1590 432 646 NA NA NA NA 
1760734800.0 281.0 254 415 833 0 NA NA NA NA NA 362 550 1109 0 NA NA NA NA NA 1400 312 1057 199 NA NA NA NA NA 684 229 1013 257 NA NA NA NA NA 
1760734800.0 28434.0 183 1033 1218 0 415 NA NA NA NA 390 2212 2636 0 571 NA NA NA NA 7657 3873 3584 671 1689 NA NA NA NA 4762 2006 1856 760 974 NA NA NA NA 
1760734800.0 28834.0 298 1033 1210 0 416 NA NA NA NA 396 2175 2600 0 563 NA NA NA NA 3869 3034 2550 351 749 NA NA NA NA 1826 1470 1509 411 696 NA NA NA NA 
1760734800.0 29.0 NA 367 791 0 NA NA NA NA NA NA 501 1031 0 NA NA NA NA NA NA 1500 2700 219 NA NA NA NA NA NA 532 1385 264 NA NA NA NA NA 
1760734800.0 29234.0 310 1037 1222 0 419 NA NA NA NA 399 2189 2620 0 554 NA NA NA NA 3876 3116 2625 354 782 NA NA NA NA 1752 1366 1628 414 661 NA NA NA NA 
1760734800.0 29634.0 NA 1047 1223 0 420 NA NA NA NA NA 2206 2604 0 560 NA NA NA NA NA 3945 3371 634 1603 NA NA NA NA NA 1850 1818 714 890 NA NA NA NA 
1760734800.0 29634.21 NA 1012 576 502 NA NA NA NA NA NA 2150 791 650 NA NA NA NA NA NA 4276 2231 1732 NA NA NA NA NA NA 1565 897 690 NA NA NA NA NA 
1760734800.0 29634.402 NA 1058 530 0 NA NA NA NA NA NA 2315 802 0 NA NA NA NA NA NA 4292 1585 163 NA NA NA NA NA NA 1666 918 222 NA NA NA NA NA 
1760734800.0 29634.5 NA 1048 426 0 NA NA NA NA NA NA 2223 613 0 NA NA NA NA NA NA 4155 1142 90 NA NA NA NA NA NA 1657 737 105 NA NA NA NA NA 
1760734800.0 29634.702 NA 1058 1219 0 419 NA NA NA NA NA 2218 2565 0 561 NA NA NA NA NA 3947 3600 626 1633 NA NA NA NA NA 1656 1712 655 887 NA NA NA NA 
1760734800.0 29634.703 NA 1046 408 0 NA NA NA NA NA NA 2172 857 0 NA NA NA NA NA NA 4179 2007 122 NA NA NA NA NA NA 1726 1004 134 NA NA NA NA NA 
1760734800.0 29634.75 NA 1096 0 NA NA NA NA NA NA NA 2340 0 NA NA NA NA NA NA NA 4511 96 NA NA NA NA NA NA NA 1783 113 NA NA NA NA NA NA 
1760734800.0 29634.7501 NA 887 0 NA NA NA NA NA NA NA 1806 0 NA NA NA NA NA NA NA 4283 77 NA NA NA NA NA NA NA 1568 108 NA NA NA NA NA NA 
1760734800.0 29634.751 NA 1102 0 NA NA NA NA NA NA NA 2405 0 NA NA NA NA NA NA NA 4640 93 NA NA NA NA NA NA NA 1784 106 NA NA NA NA NA NA 
1760734800.0 29634.752 NA 1165 0 NA NA NA NA NA NA NA 2466 0 NA NA NA NA NA NA NA 4569 96 NA NA NA NA NA NA NA 1826 116 NA NA NA NA NA NA 
1760734800.0 29634.753 NA 1103 0 NA NA NA NA NA NA NA 2398 0 NA NA NA NA NA NA NA 4520 92 NA NA NA NA NA NA NA 1800 119 NA NA NA NA NA NA 
1760734800.0 29634.754 NA 1113 0 NA NA NA NA NA NA NA 2381 0 NA NA NA NA NA NA NA 4570 96 NA NA NA NA NA NA NA 1846 115 NA NA NA NA NA NA 
1760734800.0 29634.755 NA 1107 0 NA NA NA NA NA NA NA 2422 0 NA NA NA NA NA NA NA 4683 96 NA NA NA NA NA NA NA 1759 119 NA NA NA NA NA NA 
1760734800.0 29634.756 NA 1095 0 NA NA NA NA NA NA NA 2305 0 NA NA NA NA NA NA NA 4495 97 NA NA NA NA NA NA NA 1812 113 NA NA NA NA NA NA 
1760734800.0 29634.7561 NA 1102 0 NA NA NA NA NA NA NA 2317 0 NA NA NA NA NA NA NA 4564 96 NA NA NA NA NA NA NA 1746 110 NA NA NA NA NA NA 
1760734800.0 29634.7562 NA 1110 0 NA NA NA NA NA NA NA 2326 0 NA NA NA NA NA NA NA 4600 94 NA NA NA NA NA NA NA 1737 108 NA NA NA NA NA NA 
1760734800.0 29634.757 NA 1098 0 NA NA NA NA NA NA NA 2434 0 NA NA NA NA NA NA NA 4393 97 NA NA NA NA NA NA NA 2317 165 NA NA NA NA NA NA 
1760734800.0 29634.758 NA 1098 0 NA NA NA NA NA NA NA 2307 0 NA NA NA NA NA NA NA 4484 95 NA NA NA NA NA NA NA 1814 111 NA NA NA NA NA NA 
1760734800.0 29634.759 NA 1093 NA NA NA NA NA NA NA NA 2307 NA NA NA NA NA NA NA NA 4583 NA NA NA NA NA NA NA NA 1757 NA NA NA NA NA NA NA 
1760734800.0 29634.77 NA 1088 0 NA NA NA NA NA NA NA 2249 0 NA NA NA NA NA NA NA 4541 94 NA NA NA NA NA NA NA 1807 106 NA NA NA NA NA NA 
1760734800.0 29634.771 NA 1144 0 NA NA NA NA NA NA NA 2393 0 NA NA NA NA NA NA NA 4349 99 NA NA NA NA NA NA NA 2258 162 NA NA NA NA NA NA 
1760734800.0 29634.772 NA 1075 NA NA NA NA NA NA NA NA 2283 NA NA NA NA NA NA NA NA 4667 NA NA NA NA NA NA NA NA 1813 NA NA NA NA NA NA NA 
1760734800.0 29634.773 NA 1130 NA NA NA NA NA NA NA NA 2370 NA NA NA NA NA NA NA NA 4681 NA NA NA NA NA NA NA NA 1802 NA NA NA NA NA NA NA 
1760734800.0 29634.9 NA 1056 1221 0 419 NA NA NA NA NA 2193 2604 0 555 NA NA NA NA NA 4144 3577 633 1594 NA NA NA NA NA 1751 1908 666 928 NA NA NA NA 
1760734800.0 29634.911 303 1036 1193 0 415 NA NA NA NA 396 2196 2594 0 556 NA NA NA NA 6423 5879 6688 1203 1573 NA NA NA NA 3685 4418 4252 1800 1053 NA NA NA NA 
1760734800.0 29661.0 NA 1003 1118 0 412 NA NA NA NA NA 2140 2478 0 562 NA NA NA NA NA 4712 3107 639 1128 NA NA NA NA NA 2591 2515 815 941 NA NA NA NA 
1760734800.0 29696.0 NA 1006 1147 0 406 NA NA NA NA NA 2140 2500 0 556 NA NA NA NA NA 3842 2746 605 1226 NA NA NA NA NA 1626 1678 646 774 NA NA NA NA 
1760734800.0 29700.0 NA 1011 1142 0 406 NA NA NA NA NA 2107 2491 0 550 NA NA NA NA NA 4070 2640 589 1313 NA NA NA NA NA 1593 1630 607 794 NA NA NA NA 
1760734800.0 29751.85 NA 1295 1687 0 420 NA NA NA NA NA 2607 3650 0 568 NA NA NA NA NA 8598 138850 654 1274 NA NA NA NA NA 5503 48916 789 760 NA NA NA NA 
1760734800.0 29834.114 NA 1923 2649 0 NA NA NA NA NA NA 3515 5019 0 NA NA NA NA NA NA 16629 28414 671 NA NA NA NA NA NA 7783 9958 825 NA NA NA NA NA 
1760734800.0 29834.21 NA 1665 950 533 NA NA NA NA NA NA 3166 1551 684 NA NA NA NA NA NA 15858 19363 2681 NA NA NA NA NA NA 6017 6452 957 NA NA NA NA NA 
1760734800.0 29834.703 NA 1882 776 0 NA NA NA NA NA NA 3522 1451 0 NA NA NA NA NA NA 18629 7637 174 NA NA NA NA NA NA 8165 2576 191 NA NA NA NA NA 
1760734800.0 29834.99 NA 1175 1836 1854 0 NA NA NA NA NA 1751 3457 3752 0 NA NA NA NA NA 10522 8019 29161 658 NA NA NA NA NA 5887 3241 9805 743 NA NA NA NA 
1760734800.0 29834.9921 NA 1114 1626 992 511 NA NA NA NA NA 1654 3279 1478 700 NA NA NA NA NA 9801 7793 21937 2604 NA NA NA NA NA 5673 2790 6625 1051 NA NA NA NA 
1760734800.0 29834.999 NA 561 1312 1369 0 NA NA NA NA NA 967 2610 2782 0 NA NA NA NA NA 6522 5029 8169 668 NA NA NA NA NA 4599 2194 3053 697 NA NA NA NA 
1760734800.0 29861.97 1273 NA NA NA NA NA NA NA NA 1790 NA NA NA NA NA NA NA NA 10799 NA NA NA NA NA NA NA NA 4836 NA NA NA NA NA NA NA NA 
1760734800.0 3.0 258 347 555 NA NA NA NA NA NA 381 455 773 NA NA NA NA NA NA 3071 253 1788 NA NA NA NA NA NA 1366 176 880 NA NA NA NA NA NA 
1760734800.0 30.0 NA 366 532 0 NA NA NA NA NA NA 497 1024 0 NA NA NA NA NA NA 1563 3361 236 NA NA NA NA NA NA 523 1400 273 NA NA NA NA NA 
1760734800.0 300.0 241 434 875 0 NA NA NA NA NA 350 564 1173 0 NA NA NA NA NA 1059 279 1034 262 NA NA NA NA NA 932 458 1256 372 NA NA NA NA NA 
1760734800.0 30034.0 304 1047 1204 0 417 NA NA NA NA 401 2194 2605 0 556 NA NA NA NA 7860 4064 3320 630 1650 NA NA NA NA 4649 1708 1807 655 928 NA NA NA NA 
1760734800.0 301.0 242 435 875 0 NA NA NA NA NA 354 566 1195 0 NA NA NA NA NA 1302 284 1048 261 NA NA NA NA NA 1042 436 1259 304 NA NA NA NA NA 
1760734800.0 302.0 245 433 884 0 NA NA NA NA NA 353 575 1195 0 NA NA NA NA NA 1103 296 1143 255 NA NA NA NA NA 805 375 1114 274 NA NA NA NA NA 
1760734800.0 30434.0 305 1040 1203 0 417 NA NA NA NA 402 2209 2620 0 573 NA NA NA NA 7269 4005 3721 670 1620 NA NA NA NA 4174 1905 1840 761 972 NA NA NA NA 
1760734800.0 30834.0 302 1049 1223 0 417 NA NA NA NA 397 2171 2604 0 570 NA NA NA NA 7211 4031 3641 661 1975 NA NA NA NA 4498 1917 1788 722 1261 NA NA NA NA 
1760734800.0 31.0 NA 374 773 0 NA NA NA NA NA NA 496 1019 0 NA NA NA NA NA NA 1504 2541 220 NA NA NA NA NA NA 541 1283 279 NA NA NA NA NA 
1760734800.0 310.0 261 417 870 0 NA NA NA NA NA 367 585 1169 0 NA NA NA NA NA 1136 333 1008 266 NA NA NA NA NA 961 487 1241 382 NA NA NA NA NA 
1760734800.0 311.0 258 421 860 0 NA NA NA NA NA 365 577 1150 0 NA NA NA NA NA 1219 270 1008 264 NA NA NA NA NA 843 379 1305 367 NA NA NA NA NA 
1760734800.0 312.0 260 419 864 0 NA NA NA NA NA 372 571 1139 0 NA NA NA NA NA 1174 309 1068 265 NA NA NA NA NA 1126 403 1197 386 NA NA NA NA NA 
1760734800.0 31234.0 305 1048 1244 0 419 NA NA NA NA 396 2205 2636 0 569 NA NA NA NA 3905 3067 2522 357 785 NA NA NA NA 1740 1374 1651 417 656 NA NA NA NA 
1760734800.0 32.0 NA 370 777 0 NA NA NA NA NA NA 505 1037 0 NA NA NA NA NA NA 1568 3158 218 NA NA NA NA NA NA 514 1352 280 NA NA NA NA NA 
1760734800.0 320.0 265 431 877 0 NA NA NA NA NA 372 588 1160 0 NA NA NA NA NA 1524 395 1130 267 NA NA NA NA NA 1181 491 1189 421 NA NA NA NA NA 
1760734800.0 32034.0 302 1067 1247 0 418 NA NA NA NA 402 2232 2682 0 558 NA NA NA NA 9201 4874 4323 776 1965 NA NA NA NA 5959 1833 2342 867 1012 NA NA NA NA 
1760734800.0 321.0 264 418 859 0 NA NA NA NA NA 388 575 1148 0 NA NA NA NA NA 1650 344 876 259 NA NA NA NA NA 1045 338 1103 272 NA NA NA NA NA 
1760734800.0 322.0 270 432 872 0 NA NA NA NA NA 380 589 1186 0 NA NA NA NA NA 1342 360 1052 263 NA NA NA NA NA 1090 487 1190 414 NA NA NA NA NA 
1760734800.0 32434.0 301 1037 1209 0 420 NA NA NA NA 391 2170 2589 0 558 NA NA NA NA 7090 4381 3709 629 1627 NA NA NA NA 3771 1752 1964 664 951 NA NA NA NA 
1760734800.0 32834.0 302 1031 1201 0 419 NA NA NA NA 398 2172 2611 0 557 NA NA NA NA 6995 4114 3640 675 1679 NA NA NA NA 4500 1931 1897 787 956 NA NA NA NA 
1760734800.0 33.0 NA 367 772 0 NA NA NA NA NA NA 503 1008 0 NA NA NA NA NA NA 1471 2229 219 NA NA NA NA NA NA 560 1121 290 NA NA NA NA NA 
1760734800.0 330.0 288 686 1053 0 NA NA NA NA NA 405 923 1337 0 NA NA NA NA NA 1795 788 3245 326 NA NA NA NA NA 1106 811 2064 485 NA NA NA NA NA 
1760734800.0 331.0 292 684 1047 0 NA NA NA NA NA 403 917 1362 0 NA NA NA NA NA 1802 781 3068 313 NA NA NA NA NA 957 615 2017 451 NA NA NA NA NA 
1760734800.0 332.0 289 691 961 0 NA NA NA NA NA 407 927 1333 0 NA NA NA NA NA 1637 832 3082 316 NA NA NA NA NA 998 653 2017 438 NA NA NA NA NA 
1760734800.0 33234.0 197 1047 1248 0 425 NA NA NA NA 396 2196 2623 0 571 NA NA NA NA 6619 4290 3468 617 1704 NA NA NA NA 3677 1792 2011 630 914 NA NA NA NA 
1760734800.0 33634.0 301 1039 1209 0 417 NA NA NA NA 393 2172 2575 0 556 NA NA NA NA 7078 4137 3871 664 1569 NA NA NA NA 4364 1915 1866 748 941 NA NA NA NA 
1760734800.0 34.0 263 341 751 0 NA NA NA NA NA 411 454 995 0 NA NA NA NA NA 1647 305 1029 207 NA NA NA NA NA 742 188 861 282 NA NA NA NA NA 
1760734800.0 34034.0 319 1036 1217 0 425 NA NA NA NA 421 2160 2642 0 557 NA NA NA NA 7195 4047 3715 659 1628 NA NA NA NA 4790 1845 1938 745 936 NA NA NA NA 
1760734800.0 34434.0 302 1039 1220 0 423 NA NA NA NA 397 2185 2578 0 558 NA NA NA NA 7523 4288 3583 628 1694 NA NA NA NA 4648 1724 1832 683 952 NA NA NA NA 
1760734800.0 34834.0 318 1065 1236 0 425 NA NA NA NA 420 2194 2620 0 559 NA NA NA NA 4084 3047 2539 346 736 NA NA NA NA 1866 1369 1509 372 733 NA NA NA NA 
1760734800.0 35.0 NA 374 781 0 NA NA NA NA NA NA 512 1034 0 NA NA NA NA NA NA 1557 3365 227 NA NA NA NA NA NA 510 1447 303 NA NA NA NA NA 
1760734800.0 35234.0 319 1055 1221 0 423 NA NA NA NA 423 2159 2604 0 574 NA NA NA NA 3967 3117 2487 347 733 NA NA NA NA 1660 1248 1454 409 677 NA NA NA NA 
1760734800.0 36.0 NA 356 787 0 NA NA NA NA NA NA 497 1038 0 NA NA NA NA NA NA 2151 25496 231 NA NA NA NA NA NA 987 8820 246 NA NA NA NA NA 
1760734800.0 37.0 NA 379 780 0 NA NA NA NA NA NA 519 1037 0 NA NA NA NA NA NA 1662 6156 235 NA NA NA NA NA NA 550 2192 250 NA NA NA NA NA 
1760734800.0 38.0 NA 380 784 0 NA NA NA NA NA NA 518 1034 0 NA NA NA NA NA NA 1638 5891 291 NA NA NA NA NA NA 562 2260 308 NA NA NA NA NA 
1760734800.0 39.0 NA 374 790 0 NA NA NA NA NA NA 507 1029 0 NA NA NA NA NA NA 1806 11999 233 NA NA NA NA NA NA 590 4045 300 NA NA NA NA NA 
1760734800.0 4.17 NA 213 742 0 344 NA NA NA NA NA 315 977 0 499 NA NA NA NA NA 110 4034 237 507 NA NA NA NA NA 132 1834 277 563 NA NA NA NA 
1760734800.0 4.22 NA 417 259 234 0 NA NA NA NA NA 606 371 351 0 NA NA NA NA NA 1167 146 138 107 NA NA NA NA NA 525 174 186 132 NA NA NA NA 
1760734800.0 4.23 NA 244 747 0 NA NA NA NA NA NA 352 982 0 NA NA NA NA NA NA 135 3045 220 NA NA NA NA NA NA 211 1404 253 NA NA NA NA NA 
1760734800.0 4.24 NA 235 743 0 NA NA NA NA NA NA 339 968 0 NA NA NA NA NA NA 123 3553 165 NA NA NA NA NA NA 184 1497 185 NA NA NA NA NA 
1760734800.0 4.25 NA 238 738 0 NA NA NA NA NA NA 342 963 0 NA NA NA NA NA NA 122 3487 178 NA NA NA NA NA NA 187 1520 203 NA NA NA NA NA 
1760734800.0 4.26 NA 240 750 0 NA NA NA NA NA NA 336 980 0 NA NA NA NA NA NA 144 5056 209 NA NA NA NA NA NA 206 1999 222 NA NA NA NA NA 
1760734800.0 4.27 NA 240 552 0 NA NA NA NA NA NA 341 976 0 NA NA NA NA NA NA 171 5987 346 NA NA NA NA NA NA 265 2174 376 NA NA NA NA NA 
1760734800.0 4.28 NA 242 739 0 NA NA NA NA NA NA 348 964 0 NA NA NA NA NA NA 185 3303 978 NA NA NA NA NA NA 403 2642 1026 NA NA NA NA NA 
1760734800.0 4.29 NA 216 747 0 374 NA NA NA NA NA 320 960 0 508 NA NA NA NA NA 111 4849 235 522 NA NA NA NA NA 136 1939 259 505 NA NA NA NA 
1760734800.0 4.34 NA 248 753 0 NA NA NA NA NA NA 353 978 0 NA NA NA NA NA NA 159 4387 240 NA NA NA NA NA NA 272 1851 253 NA NA NA NA NA 
1760734800.0 4.36 NA 239 745 0 NA NA NA NA NA NA 347 976 0 NA NA NA NA NA NA 149 6173 197 NA NA NA NA NA NA 210 2538 211 NA NA NA NA NA 
1760734800.0 4.37 NA 240 752 0 NA NA NA NA NA NA 341 987 0 NA NA NA NA NA NA 164 6196 250 NA NA NA NA NA NA 228 2295 285 NA NA NA NA NA 
1760734800.0 4.4 NA 216 818 0 NA NA NA NA NA NA 323 1182 0 NA NA NA NA NA NA 105 7055 213 NA NA NA NA NA NA 141 2757 233 NA NA NA NA NA 
1760734800.0 4.41 NA 219 814 0 NA NA NA NA NA NA 321 1182 0 NA NA NA NA NA NA 130 8261 166 NA NA NA NA NA NA 197 2953 226 NA NA NA NA NA 
1760734800.0 4.42 NA 220 833 0 NA NA NA NA NA NA 320 1195 0 NA NA NA NA NA NA 104 10456 168 NA NA NA NA NA NA 162 3466 193 NA NA NA NA NA 
1760734800.0 4.43 NA 217 811 0 NA NA NA NA NA NA 325 1178 0 NA NA NA NA NA NA 114 5708 190 NA NA NA NA NA NA 176 2237 205 NA NA NA NA NA 
1760734800.0 4.44 NA 219 815 0 NA NA NA NA NA NA 319 1162 0 NA NA NA NA NA NA 125 7592 167 NA NA NA NA NA NA 170 2775 210 NA NA NA NA NA 
1760734800.0 4.45 NA 223 819 0 NA NA NA NA NA NA 322 1190 0 NA NA NA NA NA NA 103 11989 162 NA NA NA NA NA NA 107 3880 175 NA NA NA NA NA 
1760734800.0 4.51 NA 219 818 0 NA NA NA NA NA NA 317 1175 0 NA NA NA NA NA NA 134 9024 164 NA NA NA NA NA NA 162 3070 196 NA NA NA NA NA 
1760734800.0 4.52 NA 222 830 0 NA NA NA NA NA NA 320 1198 0 NA NA NA NA NA NA 102 12196 163 NA NA NA NA NA NA 108 3911 178 NA NA NA NA NA 
1760734800.0 4.53 NA 223 822 0 NA NA NA NA NA NA 319 1192 0 NA NA NA NA NA NA 107 12096 162 NA NA NA NA NA NA 127 3911 188 NA NA NA NA NA 
1760734800.0 4.54 NA 218 819 0 NA NA NA NA NA NA 327 1199 0 NA NA NA NA NA NA 122 11746 174 NA NA NA NA NA NA 199 3936 230 NA NA NA NA NA 
1760734800.0 4.55 NA 223 836 0 NA NA NA NA NA NA 324 1214 0 NA NA NA NA NA NA 115 16070 170 NA NA NA NA NA NA 167 5024 186 NA NA NA NA NA 
1760734800.0 4.57 NA 245 838 0 NA NA NA NA NA NA 342 1196 0 NA NA NA NA NA NA 176 14652 174 NA NA NA NA NA NA 195 4689 262 NA NA NA NA NA 
1760734800.0 4.58 NA 217 825 0 NA NA NA NA NA NA 319 1162 0 NA NA NA NA NA NA 120 7258 240 NA NA NA NA NA NA 193 2561 267 NA NA NA NA NA 
1760734800.0 4.6 NA 737 0 NA NA NA NA NA NA NA 954 0 NA NA NA NA NA NA NA 2721 224 NA NA NA NA NA NA NA 1554 250 NA NA NA NA NA NA 
1760734800.0 4.61 NA 222 829 0 NA NA NA NA NA NA 325 1203 0 NA NA NA NA NA NA 108 10997 166 NA NA NA NA NA NA 163 3652 179 NA NA NA NA NA 
1760734800.0 4.62 NA 222 824 0 NA NA NA NA NA NA 324 1191 0 NA NA NA NA NA NA 109 11126 170 NA NA NA NA NA NA 110 3501 191 NA NA NA NA NA 
1760734800.0 4.63 NA 214 826 0 NA NA NA NA NA NA 325 1203 0 NA NA NA NA NA NA 140 13495 167 NA NA NA NA NA NA 161 4276 182 NA NA NA NA NA 
1760734800.0 4.64 NA 222 819 0 NA NA NA NA NA NA 324 1180 0 NA NA NA NA NA NA 104 12538 169 NA NA NA NA NA NA 143 4131 203 NA NA NA NA NA 
1760734800.0 4.65 NA 221 837 0 NA NA NA NA NA NA 323 1242 0 NA NA NA NA NA NA 144 19309 176 NA NA NA NA NA NA 138 6191 255 NA NA NA NA NA 
1760734800.0 4.67 NA 242 828 0 NA NA NA NA NA NA 342 1181 0 NA NA NA NA NA NA 154 15580 181 NA NA NA NA NA NA 166 4977 205 NA NA NA NA NA 
1760734800.0 4.68 NA 224 822 0 NA NA NA NA NA NA 323 1197 0 NA NA NA NA NA NA 105 10474 173 NA NA NA NA NA NA 147 3433 242 NA NA NA NA NA 
1760734800.0 4.71 NA 221 818 0 NA NA NA NA NA NA 318 1180 0 NA NA NA NA NA NA 140 7528 169 NA NA NA NA NA NA 179 2672 189 NA NA NA NA NA 
1760734800.0 4.72 NA 223 819 0 NA NA NA NA NA NA 321 1212 0 NA NA NA NA NA NA 123 9675 172 NA NA NA NA NA NA 222 3263 197 NA NA NA NA NA 
1760734800.0 4.73 NA 223 828 0 NA NA NA NA NA NA 328 1203 0 NA NA NA NA NA NA 107 13135 175 NA NA NA NA NA NA 169 4210 200 NA NA NA NA NA 
1760734800.0 4.74 NA 223 820 0 NA NA NA NA NA NA 322 1171 0 NA NA NA NA NA NA 103 10270 174 NA NA NA NA NA NA 129 3473 250 NA NA NA NA NA 
1760734800.0 4.75 NA 223 828 0 NA NA NA NA NA NA 324 1185 0 NA NA NA NA NA NA 107 13271 170 NA NA NA NA NA NA 204 4187 185 NA NA NA NA NA 
1760734800.0 4.76 NA 241 835 0 NA NA NA NA NA NA 341 1220 0 NA NA NA NA NA NA 168 13876 183 NA NA NA NA NA NA 169 4565 280 NA NA NA NA NA 
1760734800.0 4.77 NA 245 833 0 NA NA NA NA NA NA 342 1197 0 NA NA NA NA NA NA 177 14743 182 NA NA NA NA NA NA 234 4849 240 NA NA NA NA NA 
1760734800.0 4.78 NA 227 829 0 NA NA NA NA NA NA 325 1194 0 NA NA NA NA NA NA 108 13332 173 NA NA NA NA NA NA 182 4270 233 NA NA NA NA NA 
1760734800.0 4000.0 NA 240 789 NA NA NA NA NA NA NA 522 1064 NA NA NA NA NA NA NA 1739 6438 NA NA NA NA NA NA NA 619 2320 NA NA NA NA NA NA 
1760734800.0 4001.0 NA 404 844 NA NA NA NA NA NA NA 573 1128 NA NA NA NA NA NA NA 528 2062 NA NA NA NA NA NA NA 484 1269 NA NA NA NA NA NA 
1760734800.0 4002.0 NA 368 772 NA NA NA NA NA NA NA 506 1025 NA NA NA NA NA NA NA 1513 2714 NA NA NA NA NA NA NA 493 1298 NA NA NA NA NA NA 
1760734800.0 4003.0 NA 372 776 NA NA NA NA NA NA NA 497 1033 NA NA NA NA NA NA NA 1552 3315 NA NA NA NA NA NA NA 519 1481 NA NA NA NA NA NA 
1760734800.0 4006.0 241 400 813 NA NA NA NA NA NA 342 555 1055 NA NA NA NA NA NA 890 473 1560 NA NA NA NA NA NA 678 350 1371 NA NA NA NA NA NA 
1760734800.0 4007.0 241 350 767 NA NA NA NA NA NA 351 497 1022 NA NA NA NA NA NA 560 220 971 NA NA NA NA NA NA 601 348 1296 NA NA NA NA NA NA 
1760734800.0 4008.0 241 0 0 NA NA NA NA NA NA 338 0 0 NA NA NA NA NA NA 516 80 691 NA NA NA NA NA NA 597 214 951 NA NA NA NA NA NA 
1760734800.0 43.0 NA 368 774 0 NA NA NA NA NA NA 504 1032 0 NA NA NA NA NA NA 1594 5218 258 NA NA NA NA NA NA 557 2040 276 NA NA NA NA NA 
1760734800.0 44.0 NA 365 775 0 NA NA NA NA NA NA 501 1024 0 NA NA NA NA NA NA 1546 3750 211 NA NA NA NA NA NA 539 1484 222 NA NA NA NA NA 
1760734800.0 45.0 NA 368 775 0 NA NA NA NA NA NA 503 1048 0 NA NA NA NA NA NA 1540 3869 228 NA NA NA NA NA NA 499 1509 277 NA NA NA NA NA 
1760734800.0 5.1 683 0 NA NA NA NA NA NA NA 931 0 NA NA NA NA NA NA NA 912 109 NA NA NA NA NA NA NA 519 119 NA NA NA NA NA NA NA 
1760734800.0 5.2 632 0 NA NA NA NA NA NA NA 817 0 NA NA NA NA NA NA NA 762 141 NA NA NA NA NA NA NA 760 262 NA NA NA NA NA NA NA 
1760734800.0 5.3 624 0 NA NA NA NA NA NA NA 808 0 NA NA NA NA NA NA NA 944 154 NA NA NA NA NA NA NA 1005 247 NA NA NA NA NA NA NA 
1760734800.0 5.4 674 0 NA NA NA NA NA NA NA 939 0 NA NA NA NA NA NA NA 1092 144 NA NA NA NA NA NA NA 1107 244 NA NA NA NA NA NA NA 
1760734800.0 5.5 668 0 NA NA NA NA NA NA NA 901 0 NA NA NA NA NA NA NA 826 160 NA NA NA NA NA NA NA 781 200 NA NA NA NA NA NA NA 
1760734800.0 5.6 675 0 NA NA NA NA NA NA NA 900 0 NA NA NA NA NA NA NA 1187 158 NA NA NA NA NA NA NA 1176 208 NA NA NA NA NA NA NA 
1760734800.0 5.7 673 0 NA NA NA NA NA NA NA 921 0 NA NA NA NA NA NA NA 907 151 NA NA NA NA NA NA NA 962 211 NA NA NA NA NA NA NA 
1760734800.0 500199.0 409 NA NA NA NA NA NA NA NA 566 NA NA NA NA NA NA NA NA 1278 NA NA NA NA NA NA NA NA 791 NA NA NA NA NA NA NA NA 
1760734800.0 500200.0 NA 447 809 0 NA NA NA NA NA NA 629 1060 0 NA NA NA NA NA NA 2740 3559 238 NA NA NA NA NA NA 985 1656 250 NA NA NA NA NA 
1760734800.0 500200.1 218 424 632 NA NA NA NA NA NA 380 592 835 NA NA NA NA NA NA 1540 600 2997 NA NA NA NA NA NA 742 456 1323 NA NA NA NA NA NA 
1760734800.0 500202.0 NA 460 814 0 NA NA NA NA NA NA 639 1063 0 NA NA NA NA NA NA 3067 3730 231 NA NA NA NA NA NA 1020 1676 244 NA NA NA NA NA 
1760734800.0 500203.0 NA 442 818 0 NA NA NA NA NA NA 628 1086 0 NA NA NA NA NA NA 2833 3578 236 NA NA NA NA NA NA 961 1537 258 NA NA NA NA NA 
1760734800.0 500204.0 NA 450 812 0 NA NA NA NA NA NA 621 1053 0 NA NA NA NA NA NA 2865 3092 228 NA NA NA NA NA NA 1052 1397 241 NA NA NA NA NA 
1760734800.0 500205.0 NA 448 802 0 NA NA NA NA NA NA 623 1053 0 NA NA NA NA NA NA 2784 3152 244 NA NA NA NA NA NA 950 1568 266 NA NA NA NA NA 
1760734800.0 500206.0 NA 457 805 0 NA NA NA NA NA NA 628 1050 0 NA NA NA NA NA NA 2870 3869 241 NA NA NA NA NA NA 977 1639 253 NA NA NA NA NA 
1760734800.0 500207.0 NA 436 809 0 NA NA NA NA NA NA 610 1048 0 NA NA NA NA NA NA 2397 3093 218 NA NA NA NA NA NA 892 1407 232 NA NA NA NA NA 
1760734800.0 50200.0 NA 455 904 0 NA NA NA NA NA NA 652 1198 0 NA NA NA NA NA NA 939 3004 219 NA NA NA NA NA NA 497 1410 281 NA NA NA NA NA 
1760734800.0 50202.0 NA 464 908 0 NA NA NA NA NA NA 633 1202 0 NA NA NA NA NA NA 975 3762 252 NA NA NA NA NA NA 548 1852 273 NA NA NA NA NA 
1760734800.0 50203.0 NA 468 922 0 NA NA NA NA NA NA 634 1239 0 NA NA NA NA NA NA 1046 4140 230 NA NA NA NA NA NA 594 1952 245 NA NA NA NA NA 
1760734800.0 50204.0 NA 457 918 0 NA NA NA NA NA NA 639 1223 0 NA NA NA NA NA NA 912 3215 225 NA NA NA NA NA NA 493 1479 289 NA NA NA NA NA 
1760734800.0 50205.0 NA 451 640 0 NA NA NA NA NA NA 641 1208 0 NA NA NA NA NA NA 909 2668 220 NA NA NA NA NA NA 510 1316 268 NA NA NA NA NA 
1760734800.0 50206.0 NA 461 894 0 NA NA NA NA NA NA 632 1166 0 NA NA NA NA NA NA 1042 3064 293 NA NA NA NA NA NA 597 1510 330 NA NA NA NA NA 
1760734800.0 50207.0 NA 462 892 0 NA NA NA NA NA NA 633 1188 0 NA NA NA NA NA NA 918 2920 214 NA NA NA NA NA NA 515 1550 263 NA NA NA NA NA 
1760734800.0 50208.0 NA 478 928 0 NA NA NA NA NA NA 647 1237 0 NA NA NA NA NA NA 978 4900 228 NA NA NA NA NA NA 537 2034 242 NA NA NA NA NA 
1760734800.0 503.0 203 0 NA NA NA NA NA NA NA 269 0 NA NA NA NA NA NA NA 903 69 NA NA NA NA NA NA NA 556 89 NA NA NA NA NA NA NA 
1760734800.0 504.0 207 0 NA NA NA NA NA NA NA 271 0 NA NA NA NA NA NA NA 116 82 NA NA NA NA NA NA NA 181 140 NA NA NA NA NA NA NA 
1760734800.0 505.0 205 0 NA NA NA NA NA NA NA 272 0 NA NA NA NA NA NA NA 124 85 NA NA NA NA NA NA NA 201 168 NA NA NA NA NA NA NA 
1760734800.0 506.0 201 0 NA NA NA NA NA NA NA 272 0 NA NA NA NA NA NA NA 155 102 NA NA NA NA NA NA NA 302 185 NA NA NA NA NA NA NA 
1760734800.0 507.0 201 0 NA NA NA NA NA NA NA 267 0 NA NA NA NA NA NA NA 603 68 NA NA NA NA NA NA NA 355 88 NA NA NA NA NA NA NA 
1760734800.0 508.0 202 0 NA NA NA NA NA NA NA 268 0 NA NA NA NA NA NA NA 109 108 NA NA NA NA NA NA NA 181 195 NA NA NA NA NA NA NA 
1760734800.0 509.0 199 0 NA NA NA NA NA NA NA 263 0 NA NA NA NA NA NA NA 105 106 NA NA NA NA NA NA NA 177 195 NA NA NA NA NA NA NA 
1760734800.0 510.0 201 0 NA NA NA NA NA NA NA 266 0 NA NA NA NA NA NA NA 891 71 NA NA NA NA NA NA NA 519 92 NA NA NA NA NA NA NA 
1760734800.0 511.0 210 0 NA NA NA NA NA NA NA 270 0 NA NA NA NA NA NA NA 3236 78 NA NA NA NA NA NA NA 3758 118 NA NA NA NA NA NA NA 
1760734800.0 512.0 151 209 0 NA NA NA NA NA NA 216 277 0 NA NA NA NA NA NA 4212 117 71 NA NA NA NA NA NA 3336 155 109 NA NA NA NA NA NA 
1760734800.0 513.0 152 211 0 NA NA NA NA NA NA 216 277 0 NA NA NA NA NA NA 893 118 68 NA NA NA NA NA NA 401 100 88 NA NA NA NA NA NA 
1760734800.0 514.0 153 209 0 NA NA NA NA NA NA 217 281 0 NA NA NA NA NA NA 463 104 67 NA NA NA NA NA NA 194 95 84 NA NA NA NA NA NA 
1760734800.0 515.0 153 210 0 NA NA NA NA NA NA 216 280 0 NA NA NA NA NA NA 4222 105 78 NA NA NA NA NA NA 3333 137 157 NA NA NA NA NA NA 
1760734800.0 516.0 152 208 0 NA NA NA NA NA NA 216 277 0 NA NA NA NA NA NA 4369 98 74 NA NA NA NA NA NA 3359 144 112 NA NA NA NA NA NA 
1760734800.0 517.0 150 208 0 NA NA NA NA NA NA 215 281 0 NA NA NA NA NA NA 775 135 106 NA NA NA NA NA NA 526 208 164 NA NA NA NA NA NA 
1760734800.0 518.0 154 211 0 NA NA NA NA NA NA 218 276 0 NA NA NA NA NA NA 4932 131 71 NA NA NA NA NA NA 6019 163 108 NA NA NA NA NA NA 
1760734800.0 519.0 153 208 0 NA NA NA NA NA NA 215 277 0 NA NA NA NA NA NA 5078 104 79 NA NA NA NA NA NA 6369 141 151 NA NA NA NA NA NA 
1760734800.0 520.0 150 209 0 NA NA NA NA NA NA 215 282 0 NA NA NA NA NA NA 768 134 108 NA NA NA NA NA NA 557 203 157 NA NA NA NA NA NA 
1760734800.0 521.0 153 202 0 NA NA NA NA NA NA 215 269 0 NA NA NA NA NA NA 4339 96 77 NA NA NA NA NA NA 2302 191 90 NA NA NA NA NA NA 
1760734800.0 522.0 154 204 0 NA NA NA NA NA NA 217 271 0 NA NA NA NA NA NA 840 81 68 NA NA NA NA NA NA 271 90 87 NA NA NA NA NA NA 
1760734800.0 523.0 152 206 0 NA NA NA NA NA NA 216 272 0 NA NA NA NA NA NA 1049 93 67 NA NA NA NA NA NA 416 113 83 NA NA NA NA NA NA 
1760734800.0 524.0 151 206 0 NA NA NA NA NA NA 215 277 0 NA NA NA NA NA NA 508 87 69 NA NA NA NA NA NA 222 100 88 NA NA NA NA NA NA 
1760734800.0 525.0 153 202 0 NA NA NA NA NA NA 216 268 0 NA NA NA NA NA NA 4290 89 77 NA NA NA NA NA NA 3277 138 154 NA NA NA NA NA NA 
1760734800.0 526.0 151 207 0 NA NA NA NA NA NA 216 271 0 NA NA NA NA NA NA 4788 90 76 NA NA NA NA NA NA 5543 136 128 NA NA NA NA NA NA 
1760734800.0 527.0 150 204 0 NA NA NA NA NA NA 215 274 0 NA NA NA NA NA NA 769 122 112 NA NA NA NA NA NA 540 186 179 NA NA NA NA NA NA 
1760734800.0 528.0 153 202 0 NA NA NA NA NA NA 217 271 0 NA NA NA NA NA NA 4233 82 72 NA NA NA NA NA NA 3306 126 130 NA NA NA NA NA NA 
1760734800.0 529.0 151 203 0 NA NA NA NA NA NA 215 269 0 NA NA NA NA NA NA 4171 104 85 NA NA NA NA NA NA 3231 188 177 NA NA NA NA NA NA 
1760734800.0 530.0 152 204 0 NA NA NA NA NA NA 216 273 0 NA NA NA NA NA NA 509 83 67 NA NA NA NA NA NA 183 86 81 NA NA NA NA NA NA 
1760734800.0 531.0 271 0 NA NA NA NA NA NA NA 686 0 NA NA NA NA NA NA NA 122 77 NA NA NA NA NA NA NA 218 129 NA NA NA NA NA NA NA 
1760734800.0 534.0 347 0 NA NA NA NA NA NA NA 442 0 NA NA NA NA NA NA NA 895 111 NA NA NA NA NA NA NA 1001 192 NA NA NA NA NA NA NA 
1760734800.0 535.0 212 0 NA NA NA NA NA NA NA 289 0 NA NA NA NA NA NA NA 750 111 NA NA NA NA NA NA NA 649 187 NA NA NA NA NA NA NA 
1760734800.0 536.0 211 0 NA NA NA NA NA NA NA 288 0 NA NA NA NA NA NA NA 161 85 NA NA NA NA NA NA NA 265 146 NA NA NA NA NA NA NA 
1760734800.0 537.0 211 0 NA NA NA NA NA NA NA 292 0 NA NA NA NA NA NA NA 1679 69 NA NA NA NA NA NA NA 1081 132 NA NA NA NA NA NA NA 
1760734800.0 538.0 214 0 NA NA NA NA NA NA NA 293 0 NA NA NA NA NA NA NA 4368 100 NA NA NA NA NA NA NA 3725 125 NA NA NA NA NA NA NA 
1760734800.0 539.0 213 0 NA NA NA NA NA NA NA 279 0 NA NA NA NA NA NA NA 10692 71 NA NA NA NA NA NA NA 13457 120 NA NA NA NA NA NA NA 
1760734800.0 541.0 205 0 NA NA NA NA NA NA NA 272 0 NA NA NA NA NA NA NA 106 110 NA NA NA NA NA NA NA 165 216 NA NA NA NA NA NA NA 
1760734800.0 545.0 202 0 NA NA NA NA NA NA NA 269 0 NA NA NA NA NA NA NA 117 114 NA NA NA NA NA NA NA 206 194 NA NA NA NA NA NA NA 
1760734800.0 551.0 152 209 0 NA NA NA NA NA NA 218 275 0 NA NA NA NA NA NA 1040 152 69 NA NA NA NA NA NA 419 106 88 NA NA NA NA NA NA 
1760734800.0 552.0 150 209 0 NA NA NA NA NA NA 215 282 0 NA NA NA NA NA NA 750 165 104 NA NA NA NA NA NA 526 192 144 NA NA NA NA NA NA 
1760734800.0 554.0 150 209 0 NA NA NA NA NA NA 216 281 0 NA NA NA NA NA NA 2399 104 69 NA NA NA NA NA NA 666 107 82 NA NA NA NA NA NA 
1760734800.0 555.0 151 209 0 NA NA NA NA NA NA 217 280 0 NA NA NA NA NA NA 1492 96 68 NA NA NA NA NA NA 455 91 87 NA NA NA NA NA NA 
1760734800.0 556.0 151 210 0 NA NA NA NA NA NA 217 281 0 NA NA NA NA NA NA 442 130 68 NA NA NA NA NA NA 177 114 88 NA NA NA NA NA NA 
1760734800.0 560.0 206 0 NA NA NA NA NA NA NA 270 0 NA NA NA NA NA NA NA 121 88 NA NA NA NA NA NA NA 181 169 NA NA NA NA NA NA NA 
1760734800.0 561.0 206 0 NA NA NA NA NA NA NA 275 0 NA NA NA NA NA NA NA 115 82 NA NA NA NA NA NA NA 150 163 NA NA NA NA NA NA NA 
1760734800.0 562.0 151 210 0 NA NA NA NA NA NA 216 275 0 NA NA NA NA NA NA 575 138 99 NA NA NA NA NA NA 431 166 149 NA NA NA NA NA NA 
1760734800.0 570.0 197 0 NA NA NA NA NA NA NA 262 0 NA NA NA NA NA NA NA 166 103 NA NA NA NA NA NA NA 218 204 NA NA NA NA NA NA NA 
1760734800.0 571.0 196 0 NA NA NA NA NA NA NA 260 0 NA NA NA NA NA NA NA 261 98 NA NA NA NA NA NA NA 226 136 NA NA NA NA NA NA NA 
1760734800.0 572.0 193 0 NA NA NA NA NA NA NA 255 0 NA NA NA NA NA NA NA 152 95 NA NA NA NA NA NA NA 211 194 NA NA NA NA NA NA NA 
1760734800.0 573.0 195 0 NA NA NA NA NA NA NA 257 0 NA NA NA NA NA NA NA 456 107 NA NA NA NA NA NA NA 443 178 NA NA NA NA NA NA NA 
1760734800.0 574.0 197 0 NA NA NA NA NA NA NA 253 0 NA NA NA NA NA NA NA 438 67 NA NA NA NA NA NA NA 235 84 NA NA NA NA NA NA NA 
1760734800.0 575.0 194 0 NA NA NA NA NA NA NA 255 0 NA NA NA NA NA NA NA 632 68 NA NA NA NA NA NA NA 275 80 NA NA NA NA NA NA NA 
1760734800.0 576.0 195 0 NA NA NA NA NA NA NA 257 0 NA NA NA NA NA NA NA 181 111 NA NA NA NA NA NA NA 197 196 NA NA NA NA NA NA NA 
1760734800.0 577.0 194 0 NA NA NA NA NA NA NA 256 0 NA NA NA NA NA NA NA 121 109 NA NA NA NA NA NA NA 175 205 NA NA NA NA NA NA NA 
1760734800.0 6.0 NA 340 737 0 NA NA NA NA NA NA 469 984 0 NA NA NA NA NA NA 1332 1150 197 NA NA NA NA NA NA 471 878 237 NA NA NA NA NA 
1760734800.0 7.0 234 312 403 245 0 NA NA NA NA 329 429 568 355 0 NA NA NA NA 643 234 381 170 172 NA NA NA NA 631 300 526 316 274 NA NA NA NA 
1760734800.0 7.1 231 309 404 246 0 NA NA NA NA 327 427 567 355 0 NA NA NA NA 849 174 288 133 110 NA NA NA NA 772 218 387 235 166 NA NA NA NA 
1760734800.0 7.2 234 408 537 262 0 NA NA NA NA 327 548 780 370 0 NA NA NA NA 554 665 440 142 153 NA NA NA NA 740 504 604 237 219 NA NA NA NA 
1760734800.0 7.21 235 412 537 260 0 NA NA NA NA 327 554 789 370 0 NA NA NA NA 588 670 435 142 152 NA NA NA NA 511 548 490 222 222 NA NA NA NA 
1760734800.0 7.22 234 352 495 261 0 NA NA NA NA 326 481 688 372 0 NA NA NA NA 568 183 366 145 115 NA NA NA NA 581 266 474 238 176 NA NA NA NA 
1760734800.0 7.23 248 368 539 259 0 NA NA NA NA 343 502 763 377 0 NA NA NA NA 644 339 601 174 219 NA NA NA NA 774 360 856 247 290 NA NA NA NA 
1760734800.0 7.24 242 366 530 253 0 NA NA NA NA 333 512 753 366 0 NA NA NA NA 629 305 550 155 230 NA NA NA NA 786 297 791 281 330 NA NA NA NA 
1760734800.0 7.25 247 655 418 263 0 NA NA NA NA 332 1609 606 376 0 NA NA NA NA 649 456 333 112 60 NA NA NA NA 792 360 331 117 91 NA NA NA NA 
1760734800.0 7.3 234 392 529 264 0 NA NA NA NA 327 517 797 376 0 NA NA NA NA 812 434 432 144 149 NA NA NA NA 902 619 595 237 251 NA NA NA NA 
1760734800.0 7.4 236 422 549 261 0 NA NA NA NA 330 566 784 375 0 NA NA NA NA 565 893 448 140 154 NA NA NA NA 558 448 586 224 279 NA NA NA NA 
1760734800.0 7.5 259 490 398 NA NA NA NA NA NA 340 726 546 NA NA NA NA NA NA 3218 1969 1554 NA NA NA NA NA NA 2852 834 600 NA NA NA NA NA NA 
1760734800.0 77.0 293 NA NA NA NA NA NA NA NA 849 NA NA NA NA NA NA NA NA 769 NA NA NA NA NA NA NA NA 376 NA NA NA NA NA NA NA NA 
1760734800.0 8.0 NA 328 410 228 0 NA NA NA NA NA 458 576 329 0 NA NA NA NA NA 1321 475 94 108 NA NA NA NA NA 449 353 105 128 NA NA NA NA 
1760734800.0 8.1 234 434 550 227 0 NA NA NA NA 326 589 803 331 0 NA NA NA NA 642 1199 454 96 153 NA NA NA NA 522 433 468 110 181 NA NA NA NA 
1760734800.0 8.2 244 390 544 225 0 NA NA NA NA 326 530 791 329 0 NA NA NA NA 591 341 423 97 159 NA NA NA NA 673 192 408 120 172 NA NA NA NA 
1760734800.0 9.0 NA 370 782 0 NA NA NA NA NA NA 517 1036 0 NA NA NA NA NA NA 1638 5671 229 NA NA NA NA NA NA 522 2114 247 NA NA NA NA NA 
