Timestamp WorkflowId PeakValueRss1 PeakValueRss2 PeakValueRss3 PeakValueRss4 PeakValueRss5 PeakValueRss6 PeakValueRss7 PeakValueRss8 PeakValueRss9 PeakValueVsize1 PeakValueVsize2 PeakValueVsize3 PeakValueVsize4 PeakValueVsize5 PeakValueVsize6 PeakValueVsize7 PeakValueVsize8 PeakValueVsize9 TotalJobCPU1 TotalJobCPU2 TotalJobCPU3 TotalJobCPU4 TotalJobCPU5 TotalJobCPU6 TotalJobCPU7 TotalJobCPU8 TotalJobCPU9 TotalJobTime1 TotalJobTime2 TotalJobTime3 TotalJobTime4 TotalJobTime5 TotalJobTime6 TotalJobTime7 TotalJobTime8 TotalJobTime9 
1742162400.0 1.0 156 170 282 NA NA NA NA NA NA 260 244 410 NA NA NA NA NA NA 807 205 529 NA NA NA NA NA NA 658 204 706 NA NA NA NA NA NA 
1742162400.0 10.0 NA 210 391 0 NA NA NA NA NA NA 291 576 0 NA NA NA NA NA NA 691 1287 223 NA NA NA NA NA NA 326 849 239 NA NA NA NA NA 
1742162400.0 1000.0 NA 339 246 0 107 NA NA NA NA NA 507 321 0 162 NA NA NA NA NA 1145 381 193 153 NA NA NA NA NA 867 428 241 194 NA NA NA NA 
1742162400.0 10001.0 NA 289 452 0 147 164 NA NA NA NA 381 649 0 208 241 NA NA NA NA 553 671 194 145 216 NA NA NA NA 273 670 227 194 250 NA NA NA 
1742162400.0 10002.0 NA 288 465 0 148 165 NA NA NA NA 382 650 0 202 241 NA NA NA NA 571 674 196 142 214 NA NA NA NA 306 703 220 175 233 NA NA NA 
1742162400.0 10003.0 NA 290 466 0 148 164 NA NA NA NA 379 677 0 211 247 NA NA NA NA 551 678 196 142 222 NA NA NA NA 276 663 219 180 263 NA NA NA 
1742162400.0 10004.0 NA 288 442 0 147 164 NA NA NA NA 378 657 0 208 248 NA NA NA NA 575 663 176 144 214 NA NA NA NA 288 686 216 202 251 NA NA NA 
1742162400.0 10005.0 NA 288 454 0 147 161 NA NA NA NA 381 663 0 206 242 NA NA NA NA 555 663 176 141 227 NA NA NA NA 306 653 199 182 295 NA NA NA 
1742162400.0 10006.0 NA 288 456 0 147 161 NA NA NA NA 388 641 0 201 235 NA NA NA NA 553 666 193 142 205 NA NA NA NA 272 655 234 173 230 NA NA NA 
1742162400.0 10007.0 NA 293 458 0 177 162 NA NA NA NA 403 672 0 278 243 NA NA NA NA 567 681 237 146 215 NA NA NA NA 275 658 257 181 262 NA NA NA 
1742162400.0 10008.0 NA 291 436 0 170 164 NA NA NA NA 388 651 0 280 236 NA NA NA NA 565 670 236 152 210 NA NA NA NA 271 633 274 208 228 NA NA NA 
1742162400.0 10009.0 NA 288 465 0 177 162 NA NA NA NA 390 655 0 285 238 NA NA NA NA 595 684 248 144 214 NA NA NA NA 298 633 267 167 236 NA NA NA 
1742162400.0 1001.0 NA 318 184 0 0 0 0 0 0 NA 453 246 0 0 0 0 0 0 NA 908 173 42 32 43 82 52 81 NA 690 188 57 47 56 95 67 94 
1742162400.0 1001.2 NA 534 233 0 0 0 0 NA NA NA 738 350 0 0 0 0 NA NA NA 4376 353 51 60 53 58 NA NA NA 1494 284 67 93 67 81 NA NA 
1742162400.0 1001.3 NA 519 220 0 NA NA NA NA NA NA 714 344 0 NA NA NA NA NA NA 3423 335 111 NA NA NA NA NA NA 1235 260 156 NA NA NA NA NA 
1742162400.0 1002.0 NA 367 133 NA NA NA NA NA NA NA 536 164 NA NA NA NA NA NA NA 1584 137 NA NA NA NA NA NA NA 1600 135 NA NA NA NA NA NA 
1742162400.0 1002.3 NA 501 222 0 NA NA NA NA NA NA 696 338 0 NA NA NA NA NA NA 2686 287 108 NA NA NA NA NA NA 1475 255 139 NA NA NA NA NA 
1742162400.0 1002.4 NA 502 0 NA NA NA NA NA NA NA 765 0 NA NA NA NA NA NA NA 4045 169 NA NA NA NA NA NA NA 1438 185 NA NA NA NA NA NA 
1742162400.0 10023.0 NA 290 460 0 146 160 NA NA NA NA 390 629 0 209 239 NA NA NA NA 571 645 238 146 207 NA NA NA NA 283 691 282 193 253 NA NA NA 
1742162400.0 10024.0 NA 297 475 0 181 167 NA NA NA NA 386 694 0 290 243 NA NA NA NA 571 757 255 147 224 NA NA NA NA 292 693 285 174 236 NA NA NA 
1742162400.0 10024.1 NA 301 285 0 NA NA NA NA NA NA 398 394 0 NA NA NA NA NA NA 643 360 506 NA NA NA NA NA NA 317 341 557 NA NA NA NA NA 
1742162400.0 10024.2 NA 266 480 0 NA NA NA NA NA NA 388 696 0 NA NA NA NA NA NA 712 1037 324 NA NA NA NA NA NA 400 1006 417 NA NA NA NA NA 
1742162400.0 10024.3 NA 295 272 0 NA NA NA NA NA NA 383 377 0 NA NA NA NA NA NA 665 370 412 NA NA NA NA NA NA 358 372 469 NA NA NA NA NA 
1742162400.0 10024.4 NA 295 466 0 NA NA NA NA NA NA 389 686 0 NA NA NA NA NA NA 729 900 296 NA NA NA NA NA NA 404 904 347 NA NA NA NA NA 
1742162400.0 10025.0 NA 292 471 0 148 166 NA NA NA NA 392 658 0 216 240 NA NA NA NA 572 670 244 139 221 NA NA NA NA 294 659 262 169 249 NA NA NA 
1742162400.0 10026.0 NA 302 489 0 152 162 NA NA NA NA 405 691 0 222 246 NA NA NA NA 571 820 245 145 224 NA NA NA NA 299 695 295 185 260 NA NA NA 
1742162400.0 1003.0 NA 383 0 NA NA NA NA NA NA NA 642 0 NA NA NA NA NA NA NA 1449 181 NA NA NA NA NA NA NA 1047 233 NA NA NA NA NA NA 
1742162400.0 1004.0 NA 264 148 0 0 0 0 NA NA NA 390 203 0 0 0 0 NA NA NA 514 149 47 55 93 96 NA NA NA 571 227 77 97 156 115 NA NA 
1742162400.0 10042.0 NA 296 471 0 180 167 NA NA NA NA 398 673 0 283 244 NA NA NA NA 560 686 305 149 214 NA NA NA NA 302 685 325 183 241 NA NA NA 
1742162400.0 1005.0 NA 209 159 0 0 NA NA NA NA NA 364 247 0 0 NA NA NA NA NA 269 116 55 75 NA NA NA NA NA 326 140 78 133 NA NA NA NA 
1742162400.0 10059.0 NA 302 492 0 151 166 NA NA NA NA 381 727 0 207 244 NA NA NA NA 577 1001 250 143 222 NA NA NA NA 286 749 285 171 236 NA NA NA 
1742162400.0 10071.0 NA 290 466 0 150 166 NA NA NA NA 382 673 0 210 239 NA NA NA NA 574 749 253 148 221 NA NA NA NA 287 701 271 202 240 NA NA NA 
1742162400.0 101.0 170 NA NA NA NA NA NA NA NA 290 NA NA NA NA NA NA NA NA 486 NA NA NA NA NA NA NA NA 546 NA NA NA NA NA NA NA NA 
1742162400.0 1010.0 NA 84 100 0 NA NA NA NA NA NA 144 157 0 NA NA NA NA NA NA 73 110 85 NA NA NA NA NA NA 180 182 103 NA NA NA NA NA 
1742162400.0 102.0 171 NA NA NA NA NA NA NA NA 275 NA NA NA NA NA NA NA NA 453 NA NA NA NA NA NA NA NA 452 NA NA NA NA NA NA NA NA 
1742162400.0 1020.0 NA 91 79 0 88 NA NA NA NA NA 158 147 0 156 NA NA NA NA NA 96 68 35 106 NA NA NA NA NA 194 93 54 170 NA NA NA NA 
1742162400.0 10224.0 NA 487 729 0 166 NA NA NA NA NA 650 962 0 247 NA NA NA NA NA 1720 1905 357 330 NA NA NA NA NA 856 1304 422 364 NA NA NA NA 
1742162400.0 10224.15 NA 488 716 0 182 NA NA NA NA NA 649 988 0 267 NA NA NA NA NA 1332 1425 341 365 NA NA NA NA NA 847 1189 395 490 NA NA NA NA 
1742162400.0 10225.0 NA 467 724 0 165 NA NA NA NA NA 605 946 0 244 NA NA NA NA NA 1542 1519 347 287 NA NA NA NA NA 730 1106 427 321 NA NA NA NA 
1742162400.0 103.0 123 0 0 NA NA NA NA NA NA 199 0 0 NA NA NA NA NA NA 311 62 780 NA NA NA NA NA NA 318 89 939 NA NA NA NA NA NA 
1742162400.0 1030.0 NA 257 94 0 0 NA NA NA NA NA 428 154 0 0 NA NA NA NA NA 2602 91 42 38 NA NA NA NA NA 968 117 92 75 NA NA NA NA 
1742162400.0 1040.0 NA 479 81 0 NA NA NA NA NA NA 669 135 0 NA NA NA NA NA NA 4907 75 66 NA NA NA NA NA NA 1736 124 91 NA NA NA NA NA 
1742162400.0 1040.1 NA 123 81 0 NA NA NA NA NA NA 187 136 0 NA NA NA NA NA NA 208 82 78 NA NA NA NA NA NA 362 116 116 NA NA NA NA NA 
1742162400.0 1041.0 NA 120 86 0 NA NA NA NA NA NA 185 145 0 NA NA NA NA NA NA 152 101 47 NA NA NA NA NA NA 256 127 65 NA NA NA NA NA 
1742162400.0 1042.0 NA 121 84 0 NA NA NA NA NA NA 188 141 0 NA NA NA NA NA NA 263 85 38 NA NA NA NA NA NA 568 126 60 NA NA NA NA NA 
1742162400.0 10424.0 NA 253 466 0 NA NA NA NA NA NA 335 697 0 NA NA NA NA NA NA 184 968 362 NA NA NA NA NA NA 180 974 432 NA NA NA NA NA 
1742162400.0 1043.0 NA 103 85 0 NA NA NA NA NA NA 166 146 0 NA NA NA NA NA NA 166 79 38 NA NA NA NA NA NA 199 115 67 NA NA NA NA NA 
1742162400.0 1044.0 NA 103 107 0 NA NA NA NA NA NA 166 173 0 NA NA NA NA NA NA 168 115 43 NA NA NA NA NA NA 271 125 57 NA NA NA NA NA 
1742162400.0 1045.0 NA 103 99 0 NA NA NA NA NA NA 166 163 0 NA NA NA NA NA NA 161 97 43 NA NA NA NA NA NA 190 117 64 NA NA NA NA NA 
1742162400.0 105.0 156 174 82 NA NA NA NA NA NA 260 245 132 NA NA NA NA NA NA 755 173 96 NA NA NA NA NA NA 591 195 148 NA NA NA NA NA NA 
1742162400.0 1052.0 NA 210 158 0 NA NA NA NA NA NA 352 248 0 NA NA NA NA NA NA 268 124 39 NA NA NA NA NA NA 318 174 57 NA NA NA NA NA 
1742162400.0 1052.1 NA 144 0 NA NA NA NA NA NA NA 240 0 NA NA NA NA NA NA NA 129 47 NA NA NA NA NA NA NA 199 72 NA NA NA NA NA NA 
1742162400.0 106.0 122 0 0 NA NA NA NA NA NA 195 0 0 NA NA NA NA NA NA 328 74 690 NA NA NA NA NA NA 349 102 868 NA NA NA NA NA NA 
1742162400.0 1060.1 NA 167 NA NA NA NA NA NA NA NA 249 NA NA NA NA NA NA NA NA 290 NA NA NA NA NA NA NA NA 296 NA NA NA NA NA NA NA 
1742162400.0 1060.2 NA 161 NA NA NA NA NA NA NA NA 249 NA NA NA NA NA NA NA NA 245 NA NA NA NA NA NA NA NA 285 NA NA NA NA NA NA NA 
1742162400.0 107.0 154 177 357 NA NA NA NA NA NA 259 244 507 NA NA NA NA NA NA 896 205 923 NA NA NA NA NA NA 512 188 971 NA NA NA NA NA NA 
1742162400.0 108.0 158 178 360 NA NA NA NA NA NA 262 247 514 NA NA NA NA NA NA 1126 224 911 NA NA NA NA NA NA 591 192 885 NA NA NA NA NA NA 
1742162400.0 10801.0 NA 273 459 0 147 168 NA NA NA NA 374 655 0 206 240 NA NA NA NA 543 650 198 143 219 NA NA NA NA 335 645 237 184 250 NA NA NA 
1742162400.0 10802.0 NA 282 459 0 147 167 NA NA NA NA 366 666 0 203 245 NA NA NA NA 547 653 189 143 219 NA NA NA NA 275 631 209 171 230 NA NA NA 
1742162400.0 10803.0 NA 283 452 0 148 169 NA NA NA NA 365 651 0 204 251 NA NA NA NA 537 692 206 141 228 NA NA NA NA 271 675 244 174 284 NA NA NA 
1742162400.0 10804.0 NA 277 437 0 148 167 NA NA NA NA 365 646 0 203 246 NA NA NA NA 552 664 176 143 222 NA NA NA NA 280 681 196 183 253 NA NA NA 
1742162400.0 10804.31 NA 280 461 0 147 166 NA NA NA NA 366 643 0 201 254 NA NA NA NA 537 670 174 144 218 NA NA NA NA 266 884 211 182 237 NA NA NA 
1742162400.0 10805.0 NA 280 454 0 146 159 NA NA NA NA 355 650 0 213 247 NA NA NA NA 546 672 174 142 227 NA NA NA NA 290 649 222 185 303 NA NA NA 
1742162400.0 10805.31 NA 281 459 0 148 165 NA NA NA NA 369 651 0 209 241 NA NA NA NA 555 696 175 143 216 NA NA NA NA 403 1228 223 191 236 NA NA NA 
1742162400.0 10806.0 NA 280 458 0 148 164 NA NA NA NA 371 630 0 208 245 NA NA NA NA 556 644 193 143 208 NA NA NA NA 312 636 215 181 231 NA NA NA 
1742162400.0 10807.0 NA 271 451 0 176 161 NA NA NA NA 358 630 0 285 242 NA NA NA NA 557 665 231 146 223 NA NA NA NA 305 653 254 180 283 NA NA NA 
1742162400.0 10808.0 NA 285 457 0 176 169 NA NA NA NA 361 665 0 288 249 NA NA NA NA 574 681 252 145 217 NA NA NA NA 282 653 276 170 234 NA NA NA 
1742162400.0 10809.0 NA 283 448 0 178 168 NA NA NA NA 364 662 0 279 246 NA NA NA NA 546 687 243 147 223 NA NA NA NA 267 665 267 183 245 NA NA NA 
1742162400.0 10823.0 NA 282 451 0 146 164 NA NA NA NA 364 662 0 207 243 NA NA NA NA 547 659 239 140 215 NA NA NA NA 264 637 264 179 251 NA NA NA 
1742162400.0 10824.0 NA 291 476 0 178 171 NA NA NA NA 378 695 0 281 249 NA NA NA NA 572 759 246 150 226 NA NA NA NA 277 706 267 187 238 NA NA NA 
1742162400.0 10824.1 NA 293 284 0 NA NA NA NA NA NA 375 395 0 NA NA NA NA NA NA 613 359 510 NA NA NA NA NA NA 304 376 537 NA NA NA NA NA 
1742162400.0 10824.501 NA 288 157 0 NA NA NA NA NA NA 363 299 0 NA NA NA NA NA NA 704 293 224 NA NA NA NA NA NA 361 366 298 NA NA NA NA NA 
1742162400.0 10824.505 NA 291 159 0 NA NA NA NA NA NA 377 308 0 NA NA NA NA NA NA 712 252 228 NA NA NA NA NA NA 374 325 262 NA NA NA NA NA 
1742162400.0 10824.511 NA 291 128 0 NA NA NA NA NA NA 368 203 0 NA NA NA NA NA NA 699 200 112 NA NA NA NA NA NA 390 252 192 NA NA NA NA NA 
1742162400.0 10824.521 NA 285 123 0 NA NA NA NA NA NA 376 183 0 NA NA NA NA NA NA 709 176 95 NA NA NA NA NA NA 411 225 117 NA NA NA NA NA 
1742162400.0 10824.6 NA 293 484 0 170 170 NA NA NA NA 381 684 0 293 251 NA NA NA NA 560 729 241 156 225 NA NA NA NA 271 669 258 210 229 NA NA NA 
1742162400.0 10824.8 NA 287 472 0 179 171 NA NA NA NA 368 673 0 280 256 NA NA NA NA 576 756 243 148 225 NA NA NA NA 278 689 261 169 230 NA NA NA 
1742162400.0 10825.0 NA 285 467 0 148 170 NA NA NA NA 378 672 0 209 247 NA NA NA NA 553 701 249 139 223 NA NA NA NA 274 693 277 163 241 NA NA NA 
1742162400.0 10826.0 NA 294 486 0 151 170 NA NA NA NA 383 687 0 217 251 NA NA NA NA 560 771 242 143 226 NA NA NA NA 272 664 260 172 242 NA NA NA 
1742162400.0 10842.0 NA 289 472 0 179 167 NA NA NA NA 366 660 0 289 247 NA NA NA NA 554 682 298 147 228 NA NA NA NA 298 639 326 173 275 NA NA NA 
1742162400.0 10842.501 NA 287 158 0 NA NA NA NA NA NA 378 302 0 NA NA NA NA NA NA 682 238 216 NA NA NA NA NA NA 345 306 271 NA NA NA NA NA 
1742162400.0 10842.505 NA 289 160 0 NA NA NA NA NA NA 371 293 0 NA NA NA NA NA NA 703 244 294 NA NA NA NA NA NA 347 316 337 NA NA NA NA NA 
1742162400.0 10859.0 NA 300 496 0 152 170 NA NA NA NA 395 705 0 218 255 NA NA NA NA 587 1059 246 143 227 NA NA NA NA 281 791 264 171 240 NA NA NA 
1742162400.0 10871.0 NA 292 485 0 151 169 NA NA NA NA 380 672 0 221 248 NA NA NA NA 561 753 240 144 224 NA NA NA NA 292 718 264 175 233 NA NA NA 
1742162400.0 109.0 162 178 363 NA NA NA NA NA NA 263 243 519 NA NA NA NA NA NA 1238 219 955 NA NA NA NA NA NA 704 214 923 NA NA NA NA NA NA 
1742162400.0 11.0 NA 191 356 0 122 NA NA NA NA NA 267 498 0 181 NA NA NA NA NA 723 895 322 158 NA NA NA NA NA 384 759 374 240 NA NA NA NA 
1742162400.0 110.0 128 171 342 NA NA NA NA NA NA 209 243 491 NA NA NA NA NA NA 367 185 894 NA NA NA NA NA NA 426 224 976 NA NA NA NA NA NA 
1742162400.0 1102.0 NA 209 395 269 219 NA NA NA NA NA 299 575 358 264 NA NA NA NA NA 740 1613 921 144 NA NA NA NA NA 354 892 470 126 NA NA NA NA 
1742162400.0 11024.0 NA 543 814 0 171 NA NA NA NA NA 742 1116 0 252 NA NA NA NA NA 2122 2074 355 305 NA NA NA NA NA 997 1312 411 359 NA NA NA NA 
1742162400.0 11024.15 NA 531 840 0 185 NA NA NA NA NA 747 1113 0 263 NA NA NA NA NA 1968 2220 359 392 NA NA NA NA NA 1037 1464 416 412 NA NA NA NA 
1742162400.0 11024.2 NA 568 816 0 165 NA NA NA NA NA 729 1152 0 238 NA NA NA NA NA 1728 2353 334 228 NA NA NA NA NA 867 1560 363 269 NA NA NA NA 
1742162400.0 11024.6 NA 543 779 0 169 NA NA NA NA NA 711 1165 0 249 NA NA NA NA NA 1781 2282 362 304 NA NA NA NA NA 899 1535 448 348 NA NA NA NA 
1742162400.0 11025.0 NA 564 808 0 168 NA NA NA NA NA 779 1081 0 242 NA NA NA NA NA 1696 2105 335 314 NA NA NA NA NA 957 1312 370 342 NA NA NA NA 
1742162400.0 111.0 151 170 353 NA NA NA NA NA NA 257 250 486 NA NA NA NA NA NA 671 173 782 NA NA NA NA NA NA 432 201 834 NA NA NA NA NA NA 
1742162400.0 112.0 157 175 350 NA NA NA NA NA NA 263 245 487 NA NA NA NA NA NA 884 208 780 NA NA NA NA NA NA 494 223 811 NA NA NA NA NA NA 
1742162400.0 11224.0 NA 253 470 0 NA NA NA NA NA NA 345 689 0 NA NA NA NA NA NA 259 1032 360 NA NA NA NA NA NA 226 936 393 NA NA NA NA NA 
1742162400.0 11224.6 NA 255 475 0 NA NA NA NA NA NA 345 673 0 NA NA NA NA NA NA 187 744 266 NA NA NA NA NA NA 263 687 379 NA NA NA NA NA 
1742162400.0 113.0 169 178 350 NA NA NA NA NA NA 272 253 496 NA NA NA NA NA NA 889 224 859 NA NA NA NA NA NA 527 233 843 NA NA NA NA NA NA 
1742162400.0 114.0 165 178 352 NA NA NA NA NA NA 269 242 503 NA NA NA NA NA NA 955 222 906 NA NA NA NA NA NA 510 194 920 NA NA NA NA NA NA 
1742162400.0 115.0 127 178 358 NA NA NA NA NA NA 272 248 524 NA NA NA NA NA NA 1087 207 860 NA NA NA NA NA NA 592 185 916 NA NA NA NA NA NA 
1742162400.0 116.0 164 178 361 NA NA NA NA NA NA 275 250 523 NA NA NA NA NA NA 964 207 875 NA NA NA NA NA NA 530 197 817 NA NA NA NA NA NA 
1742162400.0 11601.0 NA 256 473 0 151 NA NA NA NA NA 339 679 0 218 NA NA NA NA NA 246 992 259 158 NA NA NA NA NA 198 1015 330 182 NA NA NA NA 
1742162400.0 11602.0 NA 257 480 0 151 NA NA NA NA NA 348 710 0 216 NA NA NA NA NA 173 905 230 157 NA NA NA NA NA 141 1068 256 183 NA NA NA NA 
1742162400.0 11603.0 NA 258 484 0 151 NA NA NA NA NA 348 682 0 224 NA NA NA NA NA 217 865 244 163 NA NA NA NA NA 165 799 272 183 NA NA NA NA 
1742162400.0 11604.0 NA 256 475 0 151 NA NA NA NA NA 339 695 0 215 NA NA NA NA NA 168 689 179 123 NA NA NA NA NA 141 717 214 133 NA NA NA NA 
1742162400.0 11605.0 NA 257 464 0 151 NA NA NA NA NA 335 695 0 223 NA NA NA NA NA 239 892 213 161 NA NA NA NA NA 186 891 242 184 NA NA NA NA 
1742162400.0 11606.0 NA 255 475 0 150 NA NA NA NA NA 345 705 0 219 NA NA NA NA NA 167 684 185 124 NA NA NA NA NA 144 649 212 136 NA NA NA NA 
1742162400.0 11607.0 NA 260 476 0 174 NA NA NA NA NA 350 701 0 262 NA NA NA NA NA 173 696 242 133 NA NA NA NA NA 141 645 265 161 NA NA NA NA 
1742162400.0 11608.0 NA 258 452 0 172 NA NA NA NA NA 335 696 0 259 NA NA NA NA NA 170 715 262 128 NA NA NA NA NA 166 726 286 144 NA NA NA NA 
1742162400.0 11609.0 NA 260 483 0 173 NA NA NA NA NA 343 697 0 256 NA NA NA NA NA 176 723 258 132 NA NA NA NA NA 161 681 277 156 NA NA NA NA 
1742162400.0 11630.0 NA 273 517 0 155 NA NA NA NA NA 354 763 0 228 NA NA NA NA NA 205 996 242 131 NA NA NA NA NA 154 730 266 149 NA NA NA NA 
1742162400.0 11634.0 NA 271 506 0 175 NA NA NA NA NA 344 749 0 257 NA NA NA NA NA 190 789 272 145 NA NA NA NA NA 151 695 331 197 NA NA NA NA 
1742162400.0 11634.1 NA 270 281 0 NA NA NA NA NA NA 356 386 0 NA NA NA NA NA NA 248 403 599 NA NA NA NA NA NA 262 433 732 NA NA NA NA NA 
1742162400.0 11634.15 NA 269 461 0 175 NA NA NA NA NA 350 742 0 265 NA NA NA NA NA 190 871 262 135 NA NA NA NA NA 160 782 279 160 NA NA NA NA 
1742162400.0 11634.24 NA 202 438 0 141 NA NA NA NA NA 279 633 0 212 NA NA NA NA NA 155 892 217 152 NA NA NA NA NA 163 921 243 171 NA NA NA NA 
1742162400.0 11634.601 NA 267 92 493 0 NA NA NA NA NA 354 144 752 0 NA NA NA NA NA 189 46 796 268 NA NA NA NA NA 140 57 799 290 NA NA NA NA 
1742162400.0 11634.7 NA 268 481 0 NA NA NA NA NA NA 358 747 0 NA NA NA NA NA NA 290 1036 411 NA NA NA NA NA NA 199 997 447 NA NA NA NA NA 
1742162400.0 11634.91 NA 269 483 0 175 NA NA NA NA NA 352 740 0 266 NA NA NA NA NA 194 812 266 134 NA NA NA NA NA 178 873 303 153 NA NA NA NA 
1742162400.0 11634.911 154 259 502 0 155 NA NA NA NA 233 342 734 0 218 NA NA NA NA 1299 579 1118 605 260 NA NA NA NA 719 430 831 647 307 NA NA NA NA 
1742162400.0 11634.914 143 260 499 0 153 NA NA NA NA 210 336 723 0 220 NA NA NA NA 989 200 782 241 141 NA NA NA NA 533 152 716 256 169 NA NA NA NA 
1742162400.0 11640.0 NA 258 475 0 153 NA NA NA NA NA 340 691 0 220 NA NA NA NA NA 170 699 243 129 NA NA NA NA NA 153 707 272 150 NA NA NA NA 
1742162400.0 11643.0 NA 267 506 0 155 NA NA NA NA NA 355 746 0 223 NA NA NA NA NA 189 791 243 129 NA NA NA NA NA 144 695 266 153 NA NA NA NA 
1742162400.0 11646.0 NA 262 492 0 153 NA NA NA NA NA 348 717 0 228 NA NA NA NA NA 179 728 237 130 NA NA NA NA NA 141 698 254 154 NA NA NA NA 
1742162400.0 11650.0 NA 266 489 0 177 NA NA NA NA NA 355 721 0 258 NA NA NA NA NA 178 753 293 132 NA NA NA NA NA 143 697 315 153 NA NA NA NA 
1742162400.0 11650.911 149 260 463 0 177 NA NA NA NA 225 334 723 0 269 NA NA NA NA 1065 674 1396 615 417 NA NA NA NA 1311 472 1445 815 326 NA NA NA NA 
1742162400.0 11650.914 140 256 486 0 174 NA NA NA NA 206 329 708 0 256 NA NA NA NA 645 189 746 284 143 NA NA NA NA 415 145 756 302 170 NA NA NA NA 
1742162400.0 117.0 155 174 360 NA NA NA NA NA NA 260 254 506 NA NA NA NA NA NA 1142 206 890 NA NA NA NA NA NA 611 220 824 NA NA NA NA NA NA 
1742162400.0 11723.17 NA 276 521 0 NA NA NA NA NA NA 353 767 0 NA NA NA NA NA NA 203 932 282 NA NA NA NA NA NA 140 738 307 NA NA NA NA NA 
1742162400.0 118.0 164 181 367 NA NA NA NA NA NA 271 247 525 NA NA NA NA NA NA 1379 213 896 NA NA NA NA NA NA 682 234 857 NA NA NA NA NA NA 
1742162400.0 11834.0 NA 603 949 0 NA NA NA NA NA NA 829 1380 0 NA NA NA NA NA NA 1688 3124 357 NA NA NA NA NA NA 810 1645 401 NA NA NA NA NA 
1742162400.0 11834.13 NA 596 975 0 NA NA NA NA NA NA 804 1417 0 NA NA NA NA NA NA 1654 3438 358 NA NA NA NA NA NA 902 1958 450 NA NA NA NA NA 
1742162400.0 11834.19 NA 605 940 0 NA NA NA NA NA NA 821 1360 0 NA NA NA NA NA NA 1614 3243 366 NA NA NA NA NA NA 790 1753 408 NA NA NA NA NA 
1742162400.0 11834.21 NA 528 370 225 163 NA NA NA NA NA 668 495 336 244 NA NA NA NA NA 1452 1236 272 146 NA NA NA NA NA 745 471 231 142 NA NA NA NA 
1742162400.0 11834.24 NA 212 455 0 NA NA NA NA NA NA 284 671 0 NA NA NA NA NA NA 124 807 331 NA NA NA NA NA NA 134 868 373 NA NA NA NA NA 
1742162400.0 11834.99 NA 577 623 699 0 NA NA NA NA NA 847 874 973 0 NA NA NA NA NA 2599 623 2504 326 NA NA NA NA NA 1757 324 1366 359 NA NA NA NA 
1742162400.0 11846.0 NA 629 954 0 NA NA NA NA NA NA 851 1337 0 NA NA NA NA NA NA 1755 2946 322 NA NA NA NA NA NA 830 1705 375 NA NA NA NA NA 
1742162400.0 11846.19 NA 641 927 0 NA NA NA NA NA NA 876 1403 0 NA NA NA NA NA NA 1761 2407 324 NA NA NA NA NA NA 960 1352 449 NA NA NA NA NA 
1742162400.0 119.0 161 176 349 NA NA NA NA NA NA 255 245 496 NA NA NA NA NA NA 743 207 855 NA NA NA NA NA NA 480 196 865 NA NA NA NA NA NA 
1742162400.0 12.0 NA 206 390 0 NA NA NA NA NA NA 285 567 0 NA NA NA NA NA NA 665 1281 300 NA NA NA NA NA NA 292 765 321 NA NA NA NA NA 
1742162400.0 120.0 128 170 339 NA NA NA NA NA NA 219 236 468 NA NA NA NA NA NA 319 197 782 NA NA NA NA NA NA 363 209 824 NA NA NA NA NA NA 
1742162400.0 12034.0 NA 263 501 0 NA NA NA NA NA NA 350 749 0 NA NA NA NA NA NA 254 1006 366 NA NA NA NA NA NA 233 1024 410 NA NA NA NA NA 
1742162400.0 121.0 158 184 366 NA NA NA NA NA NA 268 259 539 NA NA NA NA NA NA 1479 247 932 NA NA NA NA NA NA 696 222 825 NA NA NA NA NA NA 
1742162400.0 122.0 133 157 333 NA NA NA NA NA NA 212 228 463 NA NA NA NA NA NA 379 134 727 NA NA NA NA NA NA 382 204 744 NA NA NA NA NA NA 
1742162400.0 123.1 397 NA NA NA NA NA NA NA NA 527 NA NA NA NA NA NA NA NA 490 NA NA NA NA NA NA NA NA 527 NA NA NA NA NA NA NA NA 
1742162400.0 123.2 400 NA NA NA NA NA NA NA NA 532 NA NA NA NA NA NA NA NA 571 NA NA NA NA NA NA NA NA 579 NA NA NA NA NA NA NA NA 
1742162400.0 123.3 319 NA NA NA NA NA NA NA NA 408 NA NA NA NA NA NA NA NA 425 NA NA NA NA NA NA NA NA 471 NA NA NA NA NA NA NA NA 
1742162400.0 124.1 380 NA NA NA NA NA NA NA NA 498 NA NA NA NA NA NA NA NA 442 NA NA NA NA NA NA NA NA 563 NA NA NA NA NA NA NA NA 
1742162400.0 124.2 393 NA NA NA NA NA NA NA NA 516 NA NA NA NA NA NA NA NA 477 NA NA NA NA NA NA NA NA 485 NA NA NA NA NA NA NA NA 
1742162400.0 124.4 378 NA NA NA NA NA NA NA NA 479 NA NA NA NA NA NA NA NA 409 NA NA NA NA NA NA NA NA 497 NA NA NA NA NA NA NA NA 
1742162400.0 124.5 378 NA NA NA NA NA NA NA NA 494 NA NA NA NA NA NA NA NA 379 NA NA NA NA NA NA NA NA 384 NA NA NA NA NA NA NA NA 
1742162400.0 124.6 317 NA NA NA NA NA NA NA NA 432 NA NA NA NA NA NA NA NA 430 NA NA NA NA NA NA NA NA 492 NA NA NA NA NA NA NA NA 
1742162400.0 12434.0 NA 466 588 0 195 NA NA NA NA NA 611 891 0 299 NA NA NA NA NA 836 1131 346 151 NA NA NA NA NA 472 1076 361 153 NA NA NA NA 
1742162400.0 12434.501 NA 462 186 0 NA NA NA NA NA NA 622 316 0 NA NA NA NA NA NA 1015 333 185 NA NA NA NA NA NA 632 376 263 NA NA NA NA NA 
1742162400.0 12434.505 NA 469 188 0 NA NA NA NA NA NA 626 321 0 NA NA NA NA NA NA 1017 343 211 NA NA NA NA NA NA 519 378 240 NA NA NA NA NA 
1742162400.0 12434.511 NA 470 158 0 NA NA NA NA NA NA 638 237 0 NA NA NA NA NA NA 920 315 90 NA NA NA NA NA NA 526 388 143 NA NA NA NA NA 
1742162400.0 12434.521 NA 466 157 0 NA NA NA NA NA NA 615 221 0 NA NA NA NA NA NA 987 328 93 NA NA NA NA NA NA 578 389 150 NA NA NA NA NA 
1742162400.0 12434.7 NA 467 622 0 NA NA NA NA NA NA 646 867 0 NA NA NA NA NA NA 840 1141 351 NA NA NA NA NA NA 474 995 372 NA NA NA NA NA 
1742162400.0 12450.501 NA 449 187 0 NA NA NA NA NA NA 600 324 0 NA NA NA NA NA NA 986 283 206 NA NA NA NA NA NA 567 336 240 NA NA NA NA NA 
1742162400.0 12450.505 NA 450 182 0 NA NA NA NA NA NA 595 317 0 NA NA NA NA NA NA 988 314 252 NA NA NA NA NA NA 531 347 290 NA NA NA NA NA 
1742162400.0 125.0 166 175 356 NA NA NA NA NA NA 274 244 485 NA NA NA NA NA NA 894 207 814 NA NA NA NA NA NA 477 209 820 NA NA NA NA NA NA 
1742162400.0 126.0 129 171 341 NA NA NA NA NA NA 210 243 471 NA NA NA NA NA NA 462 200 833 NA NA NA NA NA NA 318 206 865 NA NA NA NA NA NA 
1742162400.0 12634.0 NA 763 1055 0 NA NA NA NA NA NA 1118 1469 0 NA NA NA NA NA NA 3101 3532 473 NA NA NA NA NA NA 1821 2341 596 NA NA NA NA NA 
1742162400.0 12634.99 NA 542 855 832 0 NA NA NA NA NA 822 1261 1119 0 NA NA NA NA NA 2252 1883 3007 480 NA NA NA NA NA 2210 832 1731 619 NA NA NA NA 
1742162400.0 127.0 90 171 341 NA NA NA NA NA NA 198 243 475 NA NA NA NA NA NA 405 177 843 NA NA NA NA NA NA 379 232 869 NA NA NA NA NA NA 
1742162400.0 128.0 124 145 342 NA NA NA NA NA NA 196 246 478 NA NA NA NA NA NA 358 199 857 NA NA NA NA NA NA 348 234 893 NA NA NA NA NA NA 
1742162400.0 12834.0 NA 431 625 0 194 NA NA NA NA NA 614 869 0 301 NA NA NA NA NA 640 1576 487 204 NA NA NA NA NA 872 1834 636 252 NA NA NA NA 
1742162400.0 129.0 122 171 341 NA NA NA NA NA NA 195 240 461 NA NA NA NA NA NA 322 198 749 NA NA NA NA NA NA 314 175 786 NA NA NA NA NA NA 
1742162400.0 13.0 NA 185 365 0 NA NA NA NA NA NA 266 518 0 NA NA NA NA NA NA 141 1074 268 NA NA NA NA NA NA 164 1016 300 NA NA NA NA NA 
1742162400.0 130.0 129 171 341 NA NA NA NA NA NA 211 237 488 NA NA NA NA NA NA 286 195 727 NA NA NA NA NA NA 288 177 770 NA NA NA NA NA NA 
1742162400.0 1301.0 151 207 306 NA NA NA NA NA NA 236 279 441 NA NA NA NA NA NA 831 215 564 NA NA NA NA NA NA 650 245 765 NA NA NA NA NA NA 
1742162400.0 1301.17 135 281 330 NA NA NA NA NA NA 208 370 479 NA NA NA NA NA NA 798 706 536 NA NA NA NA NA NA 646 310 563 NA NA NA NA NA NA 
1742162400.0 1302.0 165 219 322 NA NA NA NA NA NA 254 290 466 NA NA NA NA NA NA 1194 245 645 NA NA NA NA NA NA 637 180 604 NA NA NA NA NA NA 
1742162400.0 1302.17 145 290 348 NA NA NA NA NA NA 228 373 523 NA NA NA NA NA NA 1335 739 685 NA NA NA NA NA NA 667 343 637 NA NA NA NA NA NA 
1742162400.0 1302.18 138 280 295 215 164 NA NA NA NA 217 362 408 319 247 NA NA NA NA 1074 584 345 279 177 NA NA NA NA 571 284 307 305 204 NA NA NA NA 
1742162400.0 1302.181 137 280 295 218 165 NA NA NA NA 217 364 420 331 243 NA NA NA NA 1097 580 333 275 181 NA NA NA NA 508 250 333 279 217 NA NA NA NA 
1742162400.0 1303.0 154 221 323 NA NA NA NA NA NA 234 297 493 NA NA NA NA NA NA 2212 210 717 NA NA NA NA NA NA 1053 198 611 NA NA NA NA NA NA 
1742162400.0 1303.17 101 291 348 NA NA NA NA NA NA 227 365 514 NA NA NA NA NA NA 1719 555 572 NA NA NA NA NA NA 827 259 493 NA NA NA NA NA NA 
1742162400.0 13034.0 NA 762 1123 0 NA NA NA NA NA NA 1128 1649 0 NA NA NA NA NA NA 2640 5371 428 NA NA NA NA NA NA 1735 3151 575 NA NA NA NA NA 
1742162400.0 13034.99 NA 617 844 775 0 NA NA NA NA NA 860 1256 1119 0 NA NA NA NA NA 2611 1230 9986 486 NA NA NA NA NA 2271 1157 8283 760 NA NA NA NA 
1742162400.0 1304.18 135 275 285 211 165 NA NA NA NA 210 343 443 299 241 NA NA NA NA 1048 719 398 367 212 NA NA NA NA 531 318 369 417 263 NA NA NA NA 
1742162400.0 1304.181 136 276 288 211 163 NA NA NA NA 210 354 449 304 241 NA NA NA NA 1135 748 377 366 227 NA NA NA NA 633 321 359 462 240 NA NA NA NA 
1742162400.0 1304.182 135 276 288 212 NA NA NA NA NA 208 358 453 305 NA NA NA NA NA 1061 731 398 332 NA NA NA NA NA 536 328 400 378 NA NA NA NA NA 
1742162400.0 1306.0 NA 219 390 0 NA NA NA NA NA NA 313 539 0 NA NA NA NA NA NA 192 795 213 NA NA NA NA NA NA 219 1062 267 NA NA NA NA NA 
1742162400.0 1307.0 NA 206 245 97 0 NA NA NA NA NA 299 358 150 0 NA NA NA NA NA 195 304 84 131 NA NA NA NA NA 235 371 113 181 NA NA NA NA 
1742162400.0 1308.0 NA 205 242 95 0 NA NA NA NA NA 290 362 148 0 NA NA NA NA NA 184 268 86 133 NA NA NA NA NA 230 313 137 160 NA NA NA NA 
1742162400.0 1309.0 NA 229 415 0 NA NA NA NA NA NA 320 592 0 NA NA NA NA NA NA 175 676 215 NA NA NA NA NA NA 237 596 288 NA NA NA NA NA 
1742162400.0 131.0 90 173 337 NA NA NA NA NA NA 199 237 467 NA NA NA NA NA NA 457 209 833 NA NA NA NA NA NA 436 209 882 NA NA NA NA NA NA 
1742162400.0 1310.0 NA 229 406 0 NA NA NA NA NA NA 309 577 0 NA NA NA NA NA NA 225 921 258 NA NA NA NA NA NA 210 865 320 NA NA NA NA NA 
1742162400.0 1311.0 NA 224 414 0 123 NA NA NA NA NA 309 569 0 181 NA NA NA NA NA 169 719 298 142 NA NA NA NA NA 214 747 340 202 NA NA NA NA 
1742162400.0 1312.0 NA 225 409 0 NA NA NA NA NA NA 310 564 0 NA NA NA NA NA NA 258 947 356 NA NA NA NA NA NA 236 970 400 NA NA NA NA NA 
1742162400.0 1313.0 NA 230 417 0 NA NA NA NA NA NA 322 588 0 NA NA NA NA NA NA 152 1058 254 NA NA NA NA NA NA 211 953 306 NA NA NA NA NA 
1742162400.0 1314.0 NA 226 409 0 NA NA NA NA NA NA 308 574 0 NA NA NA NA NA NA 223 871 330 NA NA NA NA NA NA 219 914 389 NA NA NA NA NA 
1742162400.0 1315.0 NA 218 389 0 NA NA NA NA NA NA 305 529 0 NA NA NA NA NA NA 197 866 186 NA NA NA NA NA NA 282 1077 254 NA NA NA NA NA 
1742162400.0 1316.0 NA 220 390 0 NA NA NA NA NA NA 301 544 0 NA NA NA NA NA NA 161 802 219 NA NA NA NA NA NA 173 837 254 NA NA NA NA NA 
1742162400.0 1317.0 NA 219 395 0 160 NA NA NA NA NA 302 553 0 232 NA NA NA NA NA 167 771 197 209 NA NA NA NA NA 239 830 224 265 NA NA NA NA 
1742162400.0 1318.0 NA 218 363 0 157 NA NA NA NA NA 309 539 0 230 NA NA NA NA NA 163 762 194 209 NA NA NA NA NA 217 771 278 244 NA NA NA NA 
1742162400.0 1319.0 NA 218 390 0 NA NA NA NA NA NA 304 550 0 NA NA NA NA NA NA 204 857 173 NA NA NA NA NA NA 250 1104 226 NA NA NA NA NA 
1742162400.0 132.0 154 179 359 NA NA NA NA NA NA 264 246 520 NA NA NA NA NA NA 1185 229 827 NA NA NA NA NA NA 598 184 858 NA NA NA NA NA NA 
1742162400.0 1320.0 NA 222 391 0 156 NA NA NA NA NA 302 531 0 227 NA NA NA NA NA 158 623 223 161 NA NA NA NA NA 167 627 261 173 NA NA NA NA 
1742162400.0 1321.0 NA 221 397 0 156 NA NA NA NA NA 312 567 0 235 NA NA NA NA NA 164 890 279 226 NA NA NA NA NA 199 936 325 258 NA NA NA NA 
1742162400.0 1322.0 NA 222 397 0 159 NA NA NA NA NA 308 543 0 234 NA NA NA NA NA 165 729 248 218 NA NA NA NA NA 202 695 329 272 NA NA NA NA 
1742162400.0 1323.0 NA 219 387 0 NA NA NA NA NA NA 302 541 0 NA NA NA NA NA NA 191 828 173 NA NA NA NA NA NA 233 905 200 NA NA NA NA NA 
1742162400.0 13234.0 NA 595 0 NA NA NA NA NA NA NA 782 0 NA NA NA NA NA NA NA 2044 421 NA NA NA NA NA NA NA 1011 446 NA NA NA NA NA NA 
1742162400.0 1324.0 NA 229 408 0 NA NA NA NA NA NA 315 580 0 NA NA NA NA NA NA 173 907 317 NA NA NA NA NA NA 182 902 362 NA NA NA NA NA 
1742162400.0 1325.0 NA 229 414 0 128 160 NA NA NA NA 319 606 0 186 236 NA NA NA NA 169 707 219 121 169 NA NA NA NA 167 724 235 156 179 NA NA NA 
1742162400.0 1325.1 NA 226 242 0 NA NA NA NA NA NA 314 369 0 NA NA NA NA NA NA 220 387 421 NA NA NA NA NA NA 312 502 664 NA NA NA NA NA 
1742162400.0 1325.2 NA 229 409 0 NA NA NA NA NA NA 312 583 0 NA NA NA NA NA NA 207 1015 272 NA NA NA NA NA NA 186 961 312 NA NA NA NA NA 
1742162400.0 1325.3 NA 230 236 0 NA NA NA NA NA NA 314 356 0 NA NA NA NA NA NA 219 386 428 NA NA NA NA NA NA 257 444 542 NA NA NA NA NA 
1742162400.0 1325.4 NA 231 412 0 NA NA NA NA NA NA 319 585 0 NA NA NA NA NA NA 230 973 287 NA NA NA NA NA NA 198 966 340 NA NA NA NA NA 
1742162400.0 1325.5 NA 213 0 NA NA NA NA NA NA NA 390 0 NA NA NA NA NA NA NA 997 84 NA NA NA NA NA NA NA 977 120 NA NA NA NA NA NA 
1742162400.0 1325.51 NA 239 0 NA NA NA NA NA NA NA 357 0 NA NA NA NA NA NA NA 893 99 NA NA NA NA NA NA NA 948 123 NA NA NA NA NA NA 
1742162400.0 1325.516 NA 232 0 NA NA NA NA NA NA NA 404 0 NA NA NA NA NA NA NA 1027 104 NA NA NA NA NA NA NA 997 135 NA NA NA NA NA NA 
1742162400.0 1325.5161 NA 262 0 NA NA NA NA NA NA NA 407 0 NA NA NA NA NA NA NA 1061 97 NA NA NA NA NA NA NA 881 121 NA NA NA NA NA NA 
1742162400.0 1325.517 NA 250 0 NA NA NA NA NA NA NA 391 0 NA NA NA NA NA NA NA 1008 90 NA NA NA NA NA NA NA 1018 112 NA NA NA NA NA NA 
1742162400.0 1325.518 NA 279 0 NA NA NA NA NA NA NA 441 0 NA NA NA NA NA NA NA 1284 103 NA NA NA NA NA NA NA 966 163 NA NA NA NA NA NA 
1742162400.0 1325.9 NA 251 413 0 127 NA NA NA NA NA 338 606 0 184 NA NA NA NA NA 203 893 296 167 NA NA NA NA NA 235 811 369 235 NA NA NA NA 
1742162400.0 1325.91 NA 253 412 0 126 NA NA NA NA NA 341 581 0 188 NA NA NA NA NA 202 956 302 168 NA NA NA NA NA 230 977 359 225 NA NA NA NA 
1742162400.0 1326.0 NA 226 403 0 NA NA NA NA NA NA 310 547 0 NA NA NA NA NA NA 204 919 259 NA NA NA NA NA NA 191 926 288 NA NA NA NA NA 
1742162400.0 1327.0 NA 227 401 0 NA NA NA NA NA NA 315 566 0 NA NA NA NA NA NA 210 857 315 NA NA NA NA NA NA 199 924 378 NA NA NA NA NA 
1742162400.0 1328.0 NA 232 408 0 NA NA NA NA NA NA 321 551 0 NA NA NA NA NA NA 176 901 266 NA NA NA NA NA NA 164 919 327 NA NA NA NA NA 
1742162400.0 1329.0 NA 223 403 0 160 NA NA NA NA NA 314 550 0 237 NA NA NA NA NA 162 642 208 167 NA NA NA NA NA 165 676 233 182 NA NA NA NA 
1742162400.0 133.0 167 180 368 NA NA NA NA NA NA 275 247 526 NA NA NA NA NA NA 1510 202 1046 NA NA NA NA NA NA 691 158 977 NA NA NA NA NA NA 
1742162400.0 1330.0 NA 229 440 0 158 NA NA NA NA NA 317 581 0 237 NA NA NA NA NA 175 809 349 224 NA NA NA NA NA 215 836 478 254 NA NA NA NA 
1742162400.0 1331.0 NA 224 400 0 158 NA NA NA NA NA 318 560 0 236 NA NA NA NA NA 220 840 284 245 NA NA NA NA NA 236 898 350 300 NA NA NA NA 
1742162400.0 1332.0 NA 218 406 0 NA NA NA NA NA NA 311 584 0 NA NA NA NA NA NA 232 870 286 NA NA NA NA NA NA 275 815 344 NA NA NA NA NA 
1742162400.0 1333.0 NA 223 383 0 NA NA NA NA NA NA 317 554 0 NA NA NA NA NA NA 194 801 258 NA NA NA NA NA NA 248 832 297 NA NA NA NA NA 
1742162400.0 1334.0 NA 227 407 0 NA NA NA NA NA NA 314 574 0 NA NA NA NA NA NA 183 814 300 NA NA NA NA NA NA 219 807 383 NA NA NA NA NA 
1742162400.0 1335.0 NA 223 373 0 NA NA NA NA NA NA 315 552 0 NA NA NA NA NA NA 171 787 284 NA NA NA NA NA NA 167 761 320 NA NA NA NA NA 
1742162400.0 1336.0 NA 228 414 0 NA NA NA NA NA NA 317 601 0 NA NA NA NA NA NA 183 1298 293 NA NA NA NA NA NA 168 1003 347 NA NA NA NA NA 
1742162400.0 1337.0 NA 239 436 0 NA NA NA NA NA NA 327 633 0 NA NA NA NA NA NA 244 1209 358 NA NA NA NA NA NA 272 1010 421 NA NA NA NA NA 
1742162400.0 1338.0 NA 229 412 0 159 NA NA NA NA NA 316 586 0 238 NA NA NA NA NA 174 873 256 253 NA NA NA NA NA 198 787 291 273 NA NA NA NA 
1742162400.0 1339.0 NA 199 416 0 NA NA NA NA NA NA 323 594 0 NA NA NA NA NA NA 178 785 206 NA NA NA NA NA NA 187 649 233 NA NA NA NA NA 
1742162400.0 134.0 NA 370 81 0 NA NA NA NA NA NA 545 136 0 NA NA NA NA NA NA 1518 79 47 NA NA NA NA NA NA 1036 127 72 NA NA NA NA NA 
1742162400.0 134.701 NA 95 402 0 NA NA NA NA NA NA 158 561 0 NA NA NA NA NA NA 65 2267 198 NA NA NA NA NA NA 82 1213 239 NA NA NA NA NA 
1742162400.0 134.702 NA 96 407 0 NA NA NA NA NA NA 154 626 0 NA NA NA NA NA NA 68 2593 164 NA NA NA NA NA NA 109 1240 188 NA NA NA NA NA 
1742162400.0 134.703 NA 99 420 0 NA NA NA NA NA NA 166 616 0 NA NA NA NA NA NA 71 2699 187 NA NA NA NA NA NA 86 1288 229 NA NA NA NA NA 
1742162400.0 134.704 NA 97 408 0 NA NA NA NA NA NA 160 603 0 NA NA NA NA NA NA 71 2687 185 NA NA NA NA NA NA 97 1466 233 NA NA NA NA NA 
1742162400.0 134.705 NA 100 424 0 NA NA NA NA NA NA 165 620 0 NA NA NA NA NA NA 68 2200 143 NA NA NA NA NA NA 92 1030 160 NA NA NA NA NA 
1742162400.0 134.706 NA 96 419 0 NA NA NA NA NA NA 165 607 0 NA NA NA NA NA NA 74 2847 222 NA NA NA NA NA NA 123 1387 254 NA NA NA NA NA 
1742162400.0 134.707 NA 97 410 0 NA NA NA NA NA NA 159 603 0 NA NA NA NA NA NA 73 2602 166 NA NA NA NA NA NA 129 1284 192 NA NA NA NA NA 
1742162400.0 134.708 NA 97 405 0 NA NA NA NA NA NA 167 614 0 NA NA NA NA NA NA 102 2407 163 NA NA NA NA NA NA 109 1254 185 NA NA NA NA NA 
1742162400.0 134.709 NA 98 581 0 NA NA NA NA NA NA 167 851 0 NA NA NA NA NA NA 72 2687 197 NA NA NA NA NA NA 118 1288 269 NA NA NA NA NA 
1742162400.0 134.71 NA 94 390 0 NA NA NA NA NA NA 159 551 0 NA NA NA NA NA NA 85 1841 203 NA NA NA NA NA NA 98 1103 268 NA NA NA NA NA 
1742162400.0 134.801 NA 97 405 0 NA NA NA NA NA NA 158 592 0 NA NA NA NA NA NA 88 1891 175 NA NA NA NA NA NA 99 1040 216 NA NA NA NA NA 
1742162400.0 134.802 NA 68 419 0 NA NA NA NA NA NA 157 630 0 NA NA NA NA NA NA 71 2452 143 NA NA NA NA NA NA 88 1101 178 NA NA NA NA NA 
1742162400.0 134.803 NA 96 417 0 NA NA NA NA NA NA 164 607 0 NA NA NA NA NA NA 75 2887 186 NA NA NA NA NA NA 90 1418 243 NA NA NA NA NA 
1742162400.0 134.804 NA 96 429 0 NA NA NA NA NA NA 163 647 0 NA NA NA NA NA NA 72 2508 136 NA NA NA NA NA NA 90 1181 169 NA NA NA NA NA 
1742162400.0 134.805 NA 98 425 0 NA NA NA NA NA NA 165 652 0 NA NA NA NA NA NA 74 2429 138 NA NA NA NA NA NA 90 1140 162 NA NA NA NA NA 
1742162400.0 134.806 NA 96 426 0 NA NA NA NA NA NA 160 652 0 NA NA NA NA NA NA 74 2654 135 NA NA NA NA NA NA 92 1136 157 NA NA NA NA NA 
1742162400.0 134.807 NA 201 456 0 NA NA NA NA NA NA 281 657 0 NA NA NA NA NA NA 208 2540 168 NA NA NA NA NA NA 195 1149 185 NA NA NA NA NA 
1742162400.0 134.808 NA 207 453 0 NA NA NA NA NA NA 291 656 0 NA NA NA NA NA NA 208 2592 153 NA NA NA NA NA NA 173 1143 171 NA NA NA NA NA 
1742162400.0 134.809 NA 94 416 0 NA NA NA NA NA NA 161 609 0 NA NA NA NA NA NA 77 2785 201 NA NA NA NA NA NA 125 1395 250 NA NA NA NA NA 
1742162400.0 134.81 NA 99 409 0 NA NA NA NA NA NA 166 618 0 NA NA NA NA NA NA 81 3175 189 NA NA NA NA NA NA 107 1525 242 NA NA NA NA NA 
1742162400.0 134.811 NA 97 423 0 NA NA NA NA NA NA 162 647 0 NA NA NA NA NA NA 73 2425 144 NA NA NA NA NA NA 91 1078 198 NA NA NA NA NA 
1742162400.0 134.812 NA 93 403 0 NA NA NA NA NA NA 160 558 0 NA NA NA NA NA NA 87 2090 172 NA NA NA NA NA NA 111 1326 198 NA NA NA NA NA 
1742162400.0 134.813 NA 242 121 0 NA NA NA NA NA NA 374 182 0 NA NA NA NA NA NA 632 124 126 NA NA NA NA NA NA 381 171 166 NA NA NA NA NA 
1742162400.0 134.901 NA 96 403 0 NA NA NA NA NA NA 159 603 0 NA NA NA NA NA NA 93 1884 181 NA NA NA NA NA NA 116 1044 222 NA NA NA NA NA 
1742162400.0 134.902 NA 97 406 0 NA NA NA NA NA NA 165 601 0 NA NA NA NA NA NA 76 2320 183 NA NA NA NA NA NA 124 1170 238 NA NA NA NA NA 
1742162400.0 134.903 NA 97 405 0 NA NA NA NA NA NA 166 582 0 NA NA NA NA NA NA 73 2456 166 NA NA NA NA NA NA 90 1424 192 NA NA NA NA NA 
1742162400.0 134.904 NA 97 414 0 NA NA NA NA NA NA 165 636 0 NA NA NA NA NA NA 79 2786 183 NA NA NA NA NA NA 127 1476 235 NA NA NA NA NA 
1742162400.0 134.905 NA 98 412 0 NA NA NA NA NA NA 168 597 0 NA NA NA NA NA NA 91 2196 196 NA NA NA NA NA NA 101 1118 280 NA NA NA NA NA 
1742162400.0 134.906 NA 97 404 0 NA NA NA NA NA NA 164 607 0 NA NA NA NA NA NA 77 2728 190 NA NA NA NA NA NA 132 1458 243 NA NA NA NA NA 
1742162400.0 134.907 NA 200 444 0 NA NA NA NA NA NA 269 621 0 NA NA NA NA NA NA 197 1975 147 NA NA NA NA NA NA 239 978 171 NA NA NA NA NA 
1742162400.0 134.908 NA 202 447 0 NA NA NA NA NA NA 281 627 0 NA NA NA NA NA NA 196 2389 204 NA NA NA NA NA NA 207 1219 305 NA NA NA NA NA 
1742162400.0 134.909 NA 98 408 0 NA NA NA NA NA NA 163 590 0 NA NA NA NA NA NA 74 2612 193 NA NA NA NA NA NA 130 1394 261 NA NA NA NA NA 
1742162400.0 134.91 NA 98 402 0 NA NA NA NA NA NA 164 599 0 NA NA NA NA NA NA 73 2279 192 NA NA NA NA NA NA 93 1135 304 NA NA NA NA NA 
1742162400.0 134.911 NA 99 409 0 NA NA NA NA NA NA 165 617 0 NA NA NA NA NA NA 75 2469 179 NA NA NA NA NA NA 91 1246 248 NA NA NA NA NA 
1742162400.0 134.912 NA 94 399 0 NA NA NA NA NA NA 153 542 0 NA NA NA NA NA NA 68 1819 171 NA NA NA NA NA NA 94 1158 200 NA NA NA NA NA 
1742162400.0 134.99601 NA 96 428 0 NA NA NA NA NA NA 155 646 0 NA NA NA NA NA NA 73 2790 138 NA NA NA NA NA NA 85 1292 166 NA NA NA NA NA 
1742162400.0 134.99602 NA 97 398 0 NA NA NA NA NA NA 167 552 0 NA NA NA NA NA NA 89 2058 181 NA NA NA NA NA NA 128 1076 234 NA NA NA NA NA 
1742162400.0 134.99603 NA 97 419 0 NA NA NA NA NA NA 163 618 0 NA NA NA NA NA NA 77 2708 177 NA NA NA NA NA NA 98 1228 205 NA NA NA NA NA 
1742162400.0 134.99901 NA 98 400 0 NA NA NA NA NA NA 172 586 0 NA NA NA NA NA NA 73 2064 194 NA NA NA NA NA NA 92 1064 299 NA NA NA NA NA 
1742162400.0 1340.0 NA 222 393 0 NA NA NA NA NA NA 311 537 0 NA NA NA NA NA NA 165 726 273 NA NA NA NA NA NA 199 708 345 NA NA NA NA NA 
1742162400.0 1341.0 NA 227 424 0 NA NA NA NA NA NA 322 600 0 NA NA NA NA NA NA 199 1101 302 NA NA NA NA NA NA 259 897 342 NA NA NA NA NA 
1742162400.0 1343.0 NA 228 408 0 NA NA NA NA NA NA 321 585 0 NA NA NA NA NA NA 226 1002 369 NA NA NA NA NA NA 209 992 460 NA NA NA NA NA 
1742162400.0 13434.0 NA 761 0 NA NA NA NA NA NA NA 1057 0 NA NA NA NA NA NA NA 2166 188 NA NA NA NA NA NA NA 1265 210 NA NA NA NA NA NA 
1742162400.0 1344.0 NA 226 408 0 NA NA NA NA NA NA 312 573 0 NA NA NA NA NA NA 162 667 217 NA NA NA NA NA NA 163 633 246 NA NA NA NA NA 
1742162400.0 1345.0 NA 227 410 0 NA NA NA NA NA NA 311 578 0 NA NA NA NA NA NA 204 878 288 NA NA NA NA NA NA 243 786 339 NA NA NA NA NA 
1742162400.0 1347.0 NA 196 409 0 NA NA NA NA NA NA 313 561 0 NA NA NA NA NA NA 181 845 347 NA NA NA NA NA NA 236 915 428 NA NA NA NA NA 
1742162400.0 1348.0 NA 224 399 0 NA NA NA NA NA NA 307 537 0 NA NA NA NA NA NA 162 617 234 NA NA NA NA NA NA 163 591 254 NA NA NA NA NA 
1742162400.0 1349.0 NA 225 399 0 NA NA NA NA NA NA 306 546 0 NA NA NA NA NA NA 172 803 354 NA NA NA NA NA NA 175 867 423 NA NA NA NA NA 
1742162400.0 135.1 416 0 194 157 NA NA NA NA NA 556 0 299 237 NA NA NA NA NA 553 245 348 201 NA NA NA NA NA 811 346 395 237 NA NA NA NA NA 
1742162400.0 135.11 423 0 201 158 NA NA NA NA NA 552 0 319 232 NA NA NA NA NA 668 242 411 226 NA NA NA NA NA 493 272 370 264 NA NA NA NA NA 
1742162400.0 135.12 416 0 198 156 NA NA NA NA NA 551 0 293 236 NA NA NA NA NA 489 201 327 187 NA NA NA NA NA 537 270 463 224 NA NA NA NA NA 
1742162400.0 135.13 422 0 NA NA NA NA NA NA NA 549 0 NA NA NA NA NA NA NA 506 287 NA NA NA NA NA NA NA 454 327 NA NA NA NA NA NA NA 
1742162400.0 135.14 379 0 202 157 NA NA NA NA NA 567 0 296 231 NA NA NA NA NA 497 230 344 211 NA NA NA NA NA 493 280 348 228 NA NA NA NA NA 
1742162400.0 135.2 345 0 188 150 NA NA NA NA NA 471 0 268 228 NA NA NA NA NA 458 209 342 189 NA NA NA NA NA 622 303 448 269 NA NA NA NA NA 
1742162400.0 135.3 342 0 194 151 NA NA NA NA NA 471 0 278 231 NA NA NA NA NA 445 254 331 196 NA NA NA NA NA 496 415 391 241 NA NA NA NA NA 
1742162400.0 135.4 418 0 196 155 NA NA NA NA NA 558 0 285 230 NA NA NA NA NA 484 194 333 188 NA NA NA NA NA 542 250 413 206 NA NA NA NA NA 
1742162400.0 135.5 409 0 191 155 NA NA NA NA NA 534 0 294 227 NA NA NA NA NA 500 209 315 197 NA NA NA NA NA 560 332 391 241 NA NA NA NA NA 
1742162400.0 135.6 408 0 197 156 NA NA NA NA NA 552 0 300 239 NA NA NA NA NA 530 230 314 203 NA NA NA NA NA 673 344 361 251 NA NA NA NA NA 
1742162400.0 135.7 414 0 194 155 NA NA NA NA NA 559 0 284 237 NA NA NA NA NA 454 195 342 193 NA NA NA NA NA 482 255 360 221 NA NA NA NA NA 
1742162400.0 135.8 183 NA NA NA NA NA NA NA NA 273 NA NA NA NA NA NA NA NA 368 NA NA NA NA NA NA NA NA 280 NA NA NA NA NA NA NA NA 
1742162400.0 135.9 414 0 188 153 NA NA NA NA NA 545 0 277 225 NA NA NA NA NA 466 252 326 203 NA NA NA NA NA 448 280 353 257 NA NA NA NA NA 
1742162400.0 1350.0 NA 225 398 0 NA NA NA NA NA NA 319 546 0 NA NA NA NA NA NA 198 884 358 NA NA NA NA NA NA 269 939 398 NA NA NA NA NA 
1742162400.0 1351.0 NA 213 386 0 NA NA NA NA NA NA 316 530 0 NA NA NA NA NA NA 181 846 303 NA NA NA NA NA NA 243 872 339 NA NA NA NA NA 
1742162400.0 1352.0 NA 224 399 0 NA NA NA NA NA NA 312 561 0 NA NA NA NA NA NA 229 869 263 NA NA NA NA NA NA 207 957 329 NA NA NA NA NA 
1742162400.0 1353.0 NA 227 401 0 NA NA NA NA NA NA 308 581 0 NA NA NA NA NA NA 226 843 283 NA NA NA NA NA NA 202 843 345 NA NA NA NA NA 
1742162400.0 1354.0 NA 225 410 0 NA NA NA NA NA NA 315 567 0 NA NA NA NA NA NA 234 886 266 NA NA NA NA NA NA 220 810 296 NA NA NA NA NA 
1742162400.0 1355.0 NA 232 413 0 NA NA NA NA NA NA 312 578 0 NA NA NA NA NA NA 179 925 267 NA NA NA NA NA NA 189 847 320 NA NA NA NA NA 
1742162400.0 1356.0 164 219 400 0 211 NA NA NA NA 255 295 611 0 302 NA NA NA NA 795 162 686 212 254 NA NA NA NA 435 146 620 238 246 NA NA NA NA 
1742162400.0 136.721 NA 164 437 0 NA NA NA NA NA NA 230 646 0 NA NA NA NA NA NA 166 2277 136 NA NA NA NA NA NA 187 1015 167 NA NA NA NA NA 
1742162400.0 136.722 NA 162 433 0 NA NA NA NA NA NA 229 633 0 NA NA NA NA NA NA 164 2632 102 NA NA NA NA NA NA 154 1197 120 NA NA NA NA NA 
1742162400.0 136.723 NA 164 438 0 NA NA NA NA NA NA 227 641 0 NA NA NA NA NA NA 179 2494 138 NA NA NA NA NA NA 179 1133 162 NA NA NA NA NA 
1742162400.0 136.724 NA 163 436 0 NA NA NA NA NA NA 226 656 0 NA NA NA NA NA NA 170 2960 100 NA NA NA NA NA NA 169 1274 122 NA NA NA NA NA 
1742162400.0 136.72411 NA 260 0 NA NA NA NA NA NA NA 417 0 NA NA NA NA NA NA NA 943 84 NA NA NA NA NA NA NA 822 125 NA NA NA NA NA NA 
1742162400.0 136.72412 NA 280 0 NA NA NA NA NA NA NA 434 0 NA NA NA NA NA NA NA 1057 88 NA NA NA NA NA NA NA 867 111 NA NA NA NA NA NA 
1742162400.0 136.725 NA 164 434 0 NA NA NA NA NA NA 233 665 0 NA NA NA NA NA NA 164 2548 98 NA NA NA NA NA NA 155 1155 114 NA NA NA NA NA 
1742162400.0 136.726 NA 163 389 0 NA NA NA NA NA NA 224 598 0 NA NA NA NA NA NA 178 2734 92 NA NA NA NA NA NA 158 1283 107 NA NA NA NA NA 
1742162400.0 136.727 NA 266 475 0 NA NA NA NA NA NA 353 671 0 NA NA NA NA NA NA 284 2564 139 NA NA NA NA NA NA 218 1140 161 NA NA NA NA NA 
1742162400.0 136.728 NA 269 484 0 NA NA NA NA NA NA 364 723 0 NA NA NA NA NA NA 323 2801 136 NA NA NA NA NA NA 254 1237 155 NA NA NA NA NA 
1742162400.0 136.729 NA 163 449 0 NA NA NA NA NA NA 230 673 0 NA NA NA NA NA NA 157 2631 113 NA NA NA NA NA NA 149 1121 134 NA NA NA NA NA 
1742162400.0 136.73 NA 164 435 0 NA NA NA NA NA NA 241 675 0 NA NA NA NA NA NA 175 2642 107 NA NA NA NA NA NA 170 1246 127 NA NA NA NA NA 
1742162400.0 136.731 NA 163 440 0 NA NA NA NA NA NA 234 665 0 NA NA NA NA NA NA 161 2695 105 NA NA NA NA NA NA 176 1318 130 NA NA NA NA NA 
1742162400.0 136.732 NA 162 467 0 NA NA NA NA NA NA 231 630 0 NA NA NA NA NA NA 171 2549 159 NA NA NA NA NA NA 185 1301 179 NA NA NA NA NA 
1742162400.0 136.733 NA 254 128 0 NA NA NA NA NA NA 397 191 0 NA NA NA NA NA NA 513 154 106 NA NA NA NA NA NA 472 270 158 NA NA NA NA NA 
1742162400.0 136.734 NA 164 387 0 NA NA NA NA NA NA 229 586 0 NA NA NA NA NA NA 195 2588 109 NA NA NA NA NA NA 164 1181 131 NA NA NA NA NA 
1742162400.0 136.735 NA 169 373 0 NA NA NA NA NA NA 238 541 0 NA NA NA NA NA NA 179 990 112 NA NA NA NA NA NA 189 778 138 NA NA NA NA NA 
1742162400.0 136.736 NA 162 453 0 NA NA NA NA NA NA 230 677 0 NA NA NA NA NA NA 185 3774 137 NA NA NA NA NA NA 174 1484 155 NA NA NA NA NA 
1742162400.0 136.737 NA 162 440 0 NA NA NA NA NA NA 224 688 0 NA NA NA NA NA NA 191 4298 102 NA NA NA NA NA NA 176 1717 123 NA NA NA NA NA 
1742162400.0 136.738 NA 163 460 0 NA NA NA NA NA NA 227 680 0 NA NA NA NA NA NA 220 4179 134 NA NA NA NA NA NA 191 1583 151 NA NA NA NA NA 
1742162400.0 136.739 NA 162 448 0 NA NA NA NA NA NA 220 727 0 NA NA NA NA NA NA 205 4813 99 NA NA NA NA NA NA 184 1765 119 NA NA NA NA NA 
1742162400.0 136.74 NA 163 451 0 NA NA NA NA NA NA 232 684 0 NA NA NA NA NA NA 188 4194 100 NA NA NA NA NA NA 157 1584 123 NA NA NA NA NA 
1742162400.0 136.741 NA 164 388 0 NA NA NA NA NA NA 228 651 0 NA NA NA NA NA NA 205 4192 94 NA NA NA NA NA NA 165 1711 148 NA NA NA NA NA 
1742162400.0 136.742 NA 163 454 0 NA NA NA NA NA NA 228 690 0 NA NA NA NA NA NA 181 3942 115 NA NA NA NA NA NA 169 1462 140 NA NA NA NA NA 
1742162400.0 136.743 NA 145 476 0 NA NA NA NA NA NA 228 726 0 NA NA NA NA NA NA 208 3813 113 NA NA NA NA NA NA 195 1508 132 NA NA NA NA NA 
1742162400.0 136.744 NA 162 444 0 NA NA NA NA NA NA 237 707 0 NA NA NA NA NA NA 182 4197 102 NA NA NA NA NA NA 150 1724 123 NA NA NA NA NA 
1742162400.0 136.745 NA 163 478 0 NA NA NA NA NA NA 231 646 0 NA NA NA NA NA NA 174 3018 135 NA NA NA NA NA NA 157 1239 151 NA NA NA NA NA 
1742162400.0 136.746 NA 162 396 0 NA NA NA NA NA NA 224 599 0 NA NA NA NA NA NA 217 3933 108 NA NA NA NA NA NA 189 1560 128 NA NA NA NA NA 
1742162400.0 136.747 NA 159 421 0 NA NA NA NA NA NA 237 685 0 NA NA NA NA NA NA 190 3863 137 NA NA NA NA NA NA 190 1462 156 NA NA NA NA NA 
1742162400.0 136.748 NA 163 397 0 NA NA NA NA NA NA 233 621 0 NA NA NA NA NA NA 189 3831 102 NA NA NA NA NA NA 190 1521 120 NA NA NA NA NA 
1742162400.0 136.749 NA 162 464 0 NA NA NA NA NA NA 230 705 0 NA NA NA NA NA NA 223 4285 137 NA NA NA NA NA NA 203 1588 151 NA NA NA NA NA 
1742162400.0 136.75 NA 162 431 0 NA NA NA NA NA NA 223 745 0 NA NA NA NA NA NA 206 6268 132 NA NA NA NA NA NA 183 2286 161 NA NA NA NA NA 
1742162400.0 136.751 NA 162 447 0 NA NA NA NA NA NA 234 726 0 NA NA NA NA NA NA 209 6203 131 NA NA NA NA NA NA 220 2342 193 NA NA NA NA NA 
1742162400.0 136.752 NA 165 408 0 NA NA NA NA NA NA 229 640 0 NA NA NA NA NA NA 202 4108 92 NA NA NA NA NA NA 165 1587 107 NA NA NA NA NA 
1742162400.0 136.753 NA 160 470 0 NA NA NA NA NA NA 232 716 0 NA NA NA NA NA NA 190 4110 113 NA NA NA NA NA NA 190 1524 131 NA NA NA NA NA 
1742162400.0 136.754 NA 167 495 0 NA NA NA NA NA NA 242 702 0 NA NA NA NA NA NA 188 3483 116 NA NA NA NA NA NA 178 1394 140 NA NA NA NA NA 
1742162400.0 136.755 NA 162 445 0 NA NA NA NA NA NA 225 708 0 NA NA NA NA NA NA 194 4536 105 NA NA NA NA NA NA 181 1925 130 NA NA NA NA NA 
1742162400.0 136.756 NA 162 479 0 NA NA NA NA NA NA 231 656 0 NA NA NA NA NA NA 176 2866 136 NA NA NA NA NA NA 167 1318 152 NA NA NA NA NA 
1742162400.0 136.757 NA 165 403 0 NA NA NA NA NA NA 247 609 0 NA NA NA NA NA NA 214 3763 107 NA NA NA NA NA NA 191 1528 128 NA NA NA NA NA 
1742162400.0 136.758 NA 164 460 0 NA NA NA NA NA NA 235 706 0 NA NA NA NA NA NA 192 4798 139 NA NA NA NA NA NA 179 1904 162 NA NA NA NA NA 
1742162400.0 136.759 NA 160 455 0 NA NA NA NA NA NA 219 689 0 NA NA NA NA NA NA 202 6662 138 NA NA NA NA NA NA 175 2579 195 NA NA NA NA NA 
1742162400.0 136.76 NA 164 453 0 NA NA NA NA NA NA 225 744 0 NA NA NA NA NA NA 229 7234 169 NA NA NA NA NA NA 196 2508 205 NA NA NA NA NA 
1742162400.0 136.761 NA 161 464 0 NA NA NA NA NA NA 228 742 0 NA NA NA NA NA NA 227 6711 127 NA NA NA NA NA NA 328 2286 171 NA NA NA NA NA 
1742162400.0 136.7611 NA 270 0 NA NA NA NA NA NA NA 433 0 NA NA NA NA NA NA NA 1119 97 NA NA NA NA NA NA NA 842 129 NA NA NA NA NA NA 
1742162400.0 136.76111 NA 271 0 NA NA NA NA NA NA NA 442 0 NA NA NA NA NA NA NA 1043 98 NA NA NA NA NA NA NA 845 125 NA NA NA NA NA NA 
1742162400.0 136.762 NA 156 435 0 NA NA NA NA NA NA 237 714 0 NA NA NA NA NA NA 282 8610 113 NA NA NA NA NA NA 397 2986 132 NA NA NA NA NA 
1742162400.0 136.763 NA 164 412 0 NA NA NA NA NA NA 234 662 0 NA NA NA NA NA NA 232 7053 120 NA NA NA NA NA NA 234 2481 177 NA NA NA NA NA 
1742162400.0 136.764 NA 162 470 0 NA NA NA NA NA NA 228 732 0 NA NA NA NA NA NA 203 6894 136 NA NA NA NA NA NA 186 2499 168 NA NA NA NA NA 
1742162400.0 136.765 NA 163 505 0 NA NA NA NA NA NA 225 747 0 NA NA NA NA NA NA 205 4807 117 NA NA NA NA NA NA 201 1747 144 NA NA NA NA NA 
1742162400.0 136.766 NA 163 434 0 NA NA NA NA NA NA 232 716 0 NA NA NA NA NA NA 207 6885 137 NA NA NA NA NA NA 198 2556 182 NA NA NA NA NA 
1742162400.0 136.767 NA 162 491 0 NA NA NA NA NA NA 228 677 0 NA NA NA NA NA NA 184 4039 142 NA NA NA NA NA NA 163 1523 168 NA NA NA NA NA 
1742162400.0 136.768 NA 163 405 0 NA NA NA NA NA NA 236 638 0 NA NA NA NA NA NA 239 6430 138 NA NA NA NA NA NA 237 2492 166 NA NA NA NA NA 
1742162400.0 136.769 NA 164 457 0 NA NA NA NA NA NA 237 690 0 NA NA NA NA NA NA 180 3732 140 NA NA NA NA NA NA 161 1411 162 NA NA NA NA NA 
1742162400.0 136.77 NA 164 450 0 NA NA NA NA NA NA 235 676 0 NA NA NA NA NA NA 177 3936 104 NA NA NA NA NA NA 188 1560 128 NA NA NA NA NA 
1742162400.0 136.771 NA 162 464 0 NA NA NA NA NA NA 235 684 0 NA NA NA NA NA NA 196 3746 136 NA NA NA NA NA NA 156 1474 154 NA NA NA NA NA 
1742162400.0 136.772 NA 163 446 0 NA NA NA NA NA NA 235 701 0 NA NA NA NA NA NA 185 4453 98 NA NA NA NA NA NA 175 1686 119 NA NA NA NA NA 
1742162400.0 136.7721 NA 235 0 NA NA NA NA NA NA NA 422 0 NA NA NA NA NA NA NA 1073 102 NA NA NA NA NA NA NA 852 127 NA NA NA NA NA NA 
1742162400.0 136.77211 NA 263 0 NA NA NA NA NA NA NA 426 0 NA NA NA NA NA NA NA 1060 105 NA NA NA NA NA NA NA 910 130 NA NA NA NA NA NA 
1742162400.0 136.773 NA 162 452 0 NA NA NA NA NA NA 230 685 0 NA NA NA NA NA NA 187 3914 99 NA NA NA NA NA NA 184 1556 121 NA NA NA NA NA 
1742162400.0 136.774 NA 166 406 0 NA NA NA NA NA NA 233 639 0 NA NA NA NA NA NA 194 3963 96 NA NA NA NA NA NA 164 1632 120 NA NA NA NA NA 
1742162400.0 136.775 NA 164 459 0 NA NA NA NA NA NA 229 694 0 NA NA NA NA NA NA 178 3675 116 NA NA NA NA NA NA 171 1431 143 NA NA NA NA NA 
1742162400.0 136.776 NA 158 482 0 NA NA NA NA NA NA 225 723 0 NA NA NA NA NA NA 190 3577 115 NA NA NA NA NA NA 228 1445 137 NA NA NA NA NA 
1742162400.0 136.777 NA 163 453 0 NA NA NA NA NA NA 230 683 0 NA NA NA NA NA NA 178 4111 103 NA NA NA NA NA NA 190 1634 126 NA NA NA NA NA 
1742162400.0 136.778 NA 166 476 0 NA NA NA NA NA NA 236 656 0 NA NA NA NA NA NA 168 2599 142 NA NA NA NA NA NA 183 1139 192 NA NA NA NA NA 
1742162400.0 136.779 NA 165 399 0 NA NA NA NA NA NA 228 614 0 NA NA NA NA NA NA 203 3725 107 NA NA NA NA NA NA 172 1556 129 NA NA NA NA NA 
1742162400.0 136.78 NA 183 519 0 NA NA NA NA NA NA 254 790 0 NA NA NA NA NA NA 180 4738 155 NA NA NA NA NA NA 210 1858 176 NA NA NA NA NA 
1742162400.0 136.7801 NA 189 0 NA NA NA NA NA NA NA 254 0 NA NA NA NA NA NA NA 288 103 NA NA NA NA NA NA NA 352 133 NA NA NA NA NA NA 
1742162400.0 136.7802 NA 123 0 NA NA NA NA NA NA NA 186 0 NA NA NA NA NA NA NA 167 98 NA NA NA NA NA NA NA 254 121 NA NA NA NA NA NA 
1742162400.0 136.7803 NA 194 0 NA NA NA NA NA NA NA 260 0 NA NA NA NA NA NA NA 375 113 NA NA NA NA NA NA NA 660 153 NA NA NA NA NA NA 
1742162400.0 136.781 NA 182 479 0 NA NA NA NA NA NA 246 760 0 NA NA NA NA NA NA 181 5937 145 NA NA NA NA NA NA 195 2209 182 NA NA NA NA NA 
1742162400.0 136.782 NA 180 554 0 NA NA NA NA NA NA 249 818 0 NA NA NA NA NA NA 226 6245 192 NA NA NA NA NA NA 248 2349 231 NA NA NA NA NA 
1742162400.0 136.783 NA 182 485 0 NA NA NA NA NA NA 246 803 0 NA NA NA NA NA NA 189 7588 151 NA NA NA NA NA NA 211 2765 177 NA NA NA NA NA 
1742162400.0 136.784 NA 184 439 0 NA NA NA NA NA NA 252 675 0 NA NA NA NA NA NA 174 4635 120 NA NA NA NA NA NA 174 1809 143 NA NA NA NA NA 
1742162400.0 136.785 NA 182 465 0 NA NA NA NA NA NA 250 726 0 NA NA NA NA NA NA 210 6437 143 NA NA NA NA NA NA 202 2468 210 NA NA NA NA NA 
1742162400.0 136.786 NA 182 541 0 NA NA NA NA NA NA 248 825 0 NA NA NA NA NA NA 184 6280 175 NA NA NA NA NA NA 182 2258 226 NA NA NA NA NA 
1742162400.0 136.787 NA 184 609 0 NA NA NA NA NA NA 244 899 0 NA NA NA NA NA NA 198 6289 220 NA NA NA NA NA NA 210 2519 280 NA NA NA NA NA 
1742162400.0 136.788 NA 183 448 0 NA NA NA NA NA NA 260 825 0 NA NA NA NA NA NA 184 7038 143 NA NA NA NA NA NA 272 2485 167 NA NA NA NA NA 
1742162400.0 136.789 NA 181 580 0 NA NA NA NA NA NA 252 803 0 NA NA NA NA NA NA 171 4462 156 NA NA NA NA NA NA 247 1707 175 NA NA NA NA NA 
1742162400.0 136.79 NA 172 441 0 NA NA NA NA NA NA 264 664 0 NA NA NA NA NA NA 199 2962 124 NA NA NA NA NA NA 196 1426 140 NA NA NA NA NA 
1742162400.0 136.791 NA 186 451 0 NA NA NA NA NA NA 260 639 0 NA NA NA NA NA NA 177 1087 130 NA NA NA NA NA NA 169 848 158 NA NA NA NA NA 
1742162400.0 136.792 NA 186 540 0 NA NA NA NA NA NA 259 807 0 NA NA NA NA NA NA 176 4040 149 NA NA NA NA NA NA 160 1609 164 NA NA NA NA NA 
1742162400.0 136.793 NA 182 486 0 NA NA NA NA NA NA 260 731 0 NA NA NA NA NA NA 170 3857 121 NA NA NA NA NA NA 191 1609 143 NA NA NA NA NA 
1742162400.0 136.794 NA 184 541 0 NA NA NA NA NA NA 256 815 0 NA NA NA NA NA NA 197 4152 153 NA NA NA NA NA NA 181 1620 175 NA NA NA NA NA 
1742162400.0 136.795 NA 184 487 0 NA NA NA NA NA NA 253 776 0 NA NA NA NA NA NA 174 4285 121 NA NA NA NA NA NA 166 1657 147 NA NA NA NA NA 
1742162400.0 136.796 NA 184 445 0 NA NA NA NA NA NA 251 676 0 NA NA NA NA NA NA 170 3832 125 NA NA NA NA NA NA 182 1558 154 NA NA NA NA NA 
1742162400.0 136.797 NA 185 449 0 NA NA NA NA NA NA 256 684 0 NA NA NA NA NA NA 190 4253 112 NA NA NA NA NA NA 168 1730 134 NA NA NA NA NA 
1742162400.0 136.798 NA 184 540 0 NA NA NA NA NA NA 251 788 0 NA NA NA NA NA NA 171 4110 140 NA NA NA NA NA NA 186 1607 182 NA NA NA NA NA 
1742162400.0 136.799 NA 185 626 0 NA NA NA NA NA NA 250 890 0 NA NA NA NA NA NA 187 4119 133 NA NA NA NA NA NA 165 1668 149 NA NA NA NA NA 
1742162400.0 136.8 NA 183 495 0 NA NA NA NA NA NA 254 762 0 NA NA NA NA NA NA 171 4293 122 NA NA NA NA NA NA 212 1703 143 NA NA NA NA NA 
1742162400.0 136.801 NA 184 569 0 NA NA NA NA NA NA 248 778 0 NA NA NA NA NA NA 153 2838 151 NA NA NA NA NA NA 157 1240 170 NA NA NA NA NA 
1742162400.0 136.802 NA 185 427 0 NA NA NA NA NA NA 251 686 0 NA NA NA NA NA NA 201 3670 125 NA NA NA NA NA NA 178 1738 147 NA NA NA NA NA 
1742162400.0 136.803 NA 186 454 0 NA NA NA NA NA NA 269 636 0 NA NA NA NA NA NA 170 1084 128 NA NA NA NA NA NA 173 849 156 NA NA NA NA NA 
1742162400.0 136.804 NA 185 533 0 NA NA NA NA NA NA 253 819 0 NA NA NA NA NA NA 174 3908 151 NA NA NA NA NA NA 180 1523 169 NA NA NA NA NA 
1742162400.0 136.805 NA 184 488 0 NA NA NA NA NA NA 258 773 0 NA NA NA NA NA NA 171 4141 122 NA NA NA NA NA NA 176 1651 144 NA NA NA NA NA 
1742162400.0 136.806 NA 184 540 0 NA NA NA NA NA NA 246 798 0 NA NA NA NA NA NA 191 3924 150 NA NA NA NA NA NA 152 1529 166 NA NA NA NA NA 
1742162400.0 136.807 NA 186 478 0 NA NA NA NA NA NA 260 776 0 NA NA NA NA NA NA 167 4332 121 NA NA NA NA NA NA 162 1703 145 NA NA NA NA NA 
1742162400.0 136.808 NA 186 490 0 NA NA NA NA NA NA 252 749 0 NA NA NA NA NA NA 166 4033 120 NA NA NA NA NA NA 152 1604 141 NA NA NA NA NA 
1742162400.0 136.809 NA 185 435 0 NA NA NA NA NA NA 259 691 0 NA NA NA NA NA NA 194 3959 113 NA NA NA NA NA NA 187 1564 137 NA NA NA NA NA 
1742162400.0 136.81 NA 183 529 0 NA NA NA NA NA NA 258 769 0 NA NA NA NA NA NA 168 3948 136 NA NA NA NA NA NA 194 1582 162 NA NA NA NA NA 
1742162400.0 136.811 NA 185 609 0 NA NA NA NA NA NA 252 875 0 NA NA NA NA NA NA 176 4013 140 NA NA NA NA NA NA 160 1667 170 NA NA NA NA NA 
1742162400.0 136.812 NA 185 484 0 NA NA NA NA NA NA 247 798 0 NA NA NA NA NA NA 172 4436 122 NA NA NA NA NA NA 172 1880 147 NA NA NA NA NA 
1742162400.0 136.813 NA 185 560 0 NA NA NA NA NA NA 257 785 0 NA NA NA NA NA NA 154 2895 153 NA NA NA NA NA NA 184 1244 175 NA NA NA NA NA 
1742162400.0 136.814 NA 184 440 0 NA NA NA NA NA NA 257 673 0 NA NA NA NA NA NA 205 3849 127 NA NA NA NA NA NA 223 1638 149 NA NA NA NA NA 
1742162400.0 136.815 NA 189 451 0 NA NA NA NA NA NA 262 628 0 NA NA NA NA NA NA 164 1141 136 NA NA NA NA NA NA 170 923 177 NA NA NA NA NA 
1742162400.0 136.816 NA 187 564 0 NA NA NA NA NA NA 258 839 0 NA NA NA NA NA NA 200 6511 200 NA NA NA NA NA NA 212 2227 258 NA NA NA NA NA 
1742162400.0 136.817 NA 184 451 0 NA NA NA NA NA NA 254 778 0 NA NA NA NA NA NA 188 6245 155 NA NA NA NA NA NA 243 2437 181 NA NA NA NA NA 
1742162400.0 136.818 NA 184 557 0 NA NA NA NA NA NA 248 845 0 NA NA NA NA NA NA 217 6936 212 NA NA NA NA NA NA 227 2424 272 NA NA NA NA NA 
1742162400.0 136.819 NA 183 491 0 NA NA NA NA NA NA 244 813 0 NA NA NA NA NA NA 226 7349 151 NA NA NA NA NA NA 334 2840 174 NA NA NA NA NA 
1742162400.0 136.82 NA 184 463 0 NA NA NA NA NA NA 250 760 0 NA NA NA NA NA NA 197 7332 156 NA NA NA NA NA NA 246 2608 179 NA NA NA NA NA 
1742162400.0 136.821 NA 184 444 0 NA NA NA NA NA NA 252 734 0 NA NA NA NA NA NA 202 6576 135 NA NA NA NA NA NA 177 2343 171 NA NA NA NA NA 
1742162400.0 136.822 NA 183 533 0 NA NA NA NA NA NA 246 870 0 NA NA NA NA NA NA 181 6583 192 NA NA NA NA NA NA 169 2489 224 NA NA NA NA NA 
1742162400.0 136.823 NA 183 612 0 NA NA NA NA NA NA 250 919 0 NA NA NA NA NA NA 195 6378 202 NA NA NA NA NA NA 221 2435 233 NA NA NA NA NA 
1742162400.0 136.824 NA 179 497 0 NA NA NA NA NA NA 260 811 0 NA NA NA NA NA NA 227 7797 149 NA NA NA NA NA NA 328 3001 187 NA NA NA NA NA 
1742162400.0 136.825 NA 183 591 0 NA NA NA NA NA NA 253 817 0 NA NA NA NA NA NA 163 3619 154 NA NA NA NA NA NA 176 1440 175 NA NA NA NA NA 
1742162400.0 136.826 NA 183 449 0 NA NA NA NA NA NA 255 714 0 NA NA NA NA NA NA 209 6396 146 NA NA NA NA NA NA 181 2351 172 NA NA NA NA NA 
1742162400.0 136.827 NA 188 452 0 NA NA NA NA NA NA 258 623 0 NA NA NA NA NA NA 159 1156 130 NA NA NA NA NA NA 158 895 160 NA NA NA NA NA 
1742162400.0 136.828 NA 182 553 0 NA NA NA NA NA NA 250 874 0 NA NA NA NA NA NA 213 6510 212 NA NA NA NA NA NA 321 2398 245 NA NA NA NA NA 
1742162400.0 136.829 NA 183 494 0 NA NA NA NA NA NA 253 829 0 NA NA NA NA NA NA 254 7571 150 NA NA NA NA NA NA 278 2877 178 NA NA NA NA NA 
1742162400.0 136.83 NA 183 555 0 NA NA NA NA NA NA 254 848 0 NA NA NA NA NA NA 232 6647 177 NA NA NA NA NA NA 341 2551 198 NA NA NA NA NA 
1742162400.0 136.831 NA 185 495 0 NA NA NA NA NA NA 253 819 0 NA NA NA NA NA NA 235 7997 140 NA NA NA NA NA NA 324 2936 171 NA NA NA NA NA 
1742162400.0 136.8311 NA 265 0 NA NA NA NA NA NA NA 418 0 NA NA NA NA NA NA NA 1134 82 NA NA NA NA NA NA NA 849 123 NA NA NA NA NA NA 
1742162400.0 136.83111 NA 275 0 NA NA NA NA NA NA NA 444 0 NA NA NA NA NA NA NA 1148 95 NA NA NA NA NA NA NA 905 124 NA NA NA NA NA NA 
1742162400.0 136.832 NA 177 518 0 NA NA NA NA NA NA 247 821 0 NA NA NA NA NA NA 220 8949 176 NA NA NA NA NA NA 405 3274 207 NA NA NA NA NA 
1742162400.0 136.833 NA 181 455 0 NA NA NA NA NA NA 258 747 0 NA NA NA NA NA NA 237 7763 140 NA NA NA NA NA NA 357 2925 162 NA NA NA NA NA 
1742162400.0 136.834 NA 183 517 0 NA NA NA NA NA NA 250 847 0 NA NA NA NA NA NA 187 7678 187 NA NA NA NA NA NA 258 2717 238 NA NA NA NA NA 
1742162400.0 136.835 NA 185 623 0 NA NA NA NA NA NA 247 956 0 NA NA NA NA NA NA 205 7477 170 NA NA NA NA NA NA 209 2749 208 NA NA NA NA NA 
1742162400.0 136.836 NA 183 503 0 NA NA NA NA NA NA 252 836 0 NA NA NA NA NA NA 211 7972 165 NA NA NA NA NA NA 323 2834 207 NA NA NA NA NA 
1742162400.0 136.837 NA 185 597 0 NA NA NA NA NA NA 259 872 0 NA NA NA NA NA NA 172 4772 155 NA NA NA NA NA NA 229 1847 175 NA NA NA NA NA 
1742162400.0 136.838 NA 184 457 0 NA NA NA NA NA NA 251 746 0 NA NA NA NA NA NA 225 7330 151 NA NA NA NA NA NA 253 2879 179 NA NA NA NA NA 
1742162400.0 136.839 NA 191 454 0 NA NA NA NA NA NA 256 630 0 NA NA NA NA NA NA 163 1170 129 NA NA NA NA NA NA 158 871 153 NA NA NA NA NA 
1742162400.0 136.8391 NA 221 549 0 NA NA NA NA NA NA 310 836 0 NA NA NA NA NA NA 463 6754 182 NA NA NA NA NA NA 584 2411 214 NA NA NA NA NA 
1742162400.0 136.84 NA 185 427 0 NA NA NA NA NA NA 252 710 0 NA NA NA NA NA NA 180 4567 113 NA NA NA NA NA NA 169 1728 136 NA NA NA NA NA 
1742162400.0 136.841 NA 186 450 0 NA NA NA NA NA NA 250 714 0 NA NA NA NA NA NA 172 4748 113 NA NA NA NA NA NA 193 1834 137 NA NA NA NA NA 
1742162400.0 136.842 NA 183 457 0 NA NA NA NA NA NA 262 756 0 NA NA NA NA NA NA 207 6507 143 NA NA NA NA NA NA 332 2400 169 NA NA NA NA NA 
1742162400.0 136.843 NA 184 478 0 NA NA NA NA NA NA 256 799 0 NA NA NA NA NA NA 219 9316 121 NA NA NA NA NA NA 336 3134 164 NA NA NA NA NA 
1742162400.0 136.844 NA 182 437 0 NA NA NA NA NA NA 253 666 0 NA NA NA NA NA NA 211 4360 112 NA NA NA NA NA NA 185 1678 136 NA NA NA NA NA 
1742162400.0 136.845 NA 187 431 0 NA NA NA NA NA NA 254 641 0 NA NA NA NA NA NA 189 3689 111 NA NA NA NA NA NA 161 1509 132 NA NA NA NA NA 
1742162400.0 136.846 NA 186 424 0 NA NA NA NA NA NA 249 628 0 NA NA NA NA NA NA 188 3528 110 NA NA NA NA NA NA 159 1435 133 NA NA NA NA NA 
1742162400.0 136.847 NA 186 435 0 NA NA NA NA NA NA 256 684 0 NA NA NA NA NA NA 231 6657 134 NA NA NA NA NA NA 206 2451 168 NA NA NA NA NA 
1742162400.0 136.848 NA 183 409 0 NA NA NA NA NA NA 260 739 0 NA NA NA NA NA NA 226 8280 132 NA NA NA NA NA NA 261 2997 172 NA NA NA NA NA 
1742162400.0 136.849 NA 184 531 0 NA NA NA NA NA NA 254 781 0 NA NA NA NA NA NA 155 3954 153 NA NA NA NA NA NA 176 1581 170 NA NA NA NA NA 
1742162400.0 136.85 NA 185 541 0 NA NA NA NA NA NA 252 825 0 NA NA NA NA NA NA 156 4169 125 NA NA NA NA NA NA 192 1659 156 NA NA NA NA NA 
1742162400.0 136.8501 NA 182 430 0 NA NA NA NA NA NA 249 699 0 NA NA NA NA NA NA 153 4485 112 NA NA NA NA NA NA 224 1799 135 NA NA NA NA NA 
1742162400.0 136.851 NA 184 527 0 NA NA NA NA NA NA 260 776 0 NA NA NA NA NA NA 186 4205 155 NA NA NA NA NA NA 197 1589 173 NA NA NA NA NA 
1742162400.0 136.852 NA 185 472 0 NA NA NA NA NA NA 256 777 0 NA NA NA NA NA NA 172 5945 144 NA NA NA NA NA NA 206 2384 173 NA NA NA NA NA 
1742162400.0 136.853 NA 185 490 0 NA NA NA NA NA NA 261 763 0 NA NA NA NA NA NA 157 4007 120 NA NA NA NA NA NA 158 1627 151 NA NA NA NA NA 
1742162400.0 136.854 NA 183 442 0 NA NA NA NA NA NA 255 723 0 NA NA NA NA NA NA 178 4403 112 NA NA NA NA NA NA 174 1741 131 NA NA NA NA NA 
1742162400.0 136.855 NA 185 598 0 NA NA NA NA NA NA 251 882 0 NA NA NA NA NA NA 175 4133 134 NA NA NA NA NA NA 232 1797 151 NA NA NA NA NA 
1742162400.0 136.856 NA 183 609 0 NA NA NA NA NA NA 249 806 0 NA NA NA NA NA NA 139 3108 162 NA NA NA NA NA NA 155 1412 236 NA NA NA NA NA 
1742162400.0 136.8561 NA 174 439 0 NA NA NA NA NA NA 254 638 0 NA NA NA NA NA NA 169 1093 186 NA NA NA NA NA NA 210 887 233 NA NA NA NA NA 
1742162400.0 136.8562 NA 172 426 0 NA NA NA NA NA NA 243 620 0 NA NA NA NA NA NA 118 1062 163 NA NA NA NA NA NA 168 912 187 NA NA NA NA NA 
1742162400.0 136.857 NA 185 448 0 NA NA NA NA NA NA 257 688 0 NA NA NA NA NA NA 184 3955 126 NA NA NA NA NA NA 195 1596 152 NA NA NA NA NA 
1742162400.0 136.858 NA 186 448 0 NA NA NA NA NA NA 254 639 0 NA NA NA NA NA NA 161 1144 130 NA NA NA NA NA NA 176 872 154 NA NA NA NA NA 
1742162400.0 136.859 NA 185 456 0 NA NA NA NA NA NA 253 741 0 NA NA NA NA NA NA 167 6574 129 NA NA NA NA NA NA 184 2465 156 NA NA NA NA NA 
1742162400.0 136.86 NA 185 443 0 NA NA NA NA NA NA 251 665 0 NA NA NA NA NA NA 179 3997 113 NA NA NA NA NA NA 163 1617 136 NA NA NA NA NA 
1742162400.0 136.861 NA 183 542 0 NA NA NA NA NA NA 253 819 0 NA NA NA NA NA NA 187 6941 214 NA NA NA NA NA NA 218 2510 251 NA NA NA NA NA 
1742162400.0 136.862 NA 182 507 0 NA NA NA NA NA NA 248 831 0 NA NA NA NA NA NA 173 7166 163 NA NA NA NA NA NA 227 2664 189 NA NA NA NA NA 
1742162400.0 136.863 NA 182 552 0 NA NA NA NA NA NA 252 854 0 NA NA NA NA NA NA 202 7259 229 NA NA NA NA NA NA 212 2678 255 NA NA NA NA NA 
1742162400.0 136.864 NA 183 504 0 NA NA NA NA NA NA 250 867 0 NA NA NA NA NA NA 184 8207 144 NA NA NA NA NA NA 218 2876 170 NA NA NA NA NA 
1742162400.0 136.8642 NA 184 469 0 NA NA NA NA NA NA 249 826 0 NA NA NA NA NA NA 183 7843 158 NA NA NA NA NA NA 230 2910 199 NA NA NA NA NA 
1742162400.0 136.865 NA 183 470 0 NA NA NA NA NA NA 258 824 0 NA NA NA NA NA NA 176 7958 155 NA NA NA NA NA NA 224 2948 180 NA NA NA NA NA 
1742162400.0 136.866 NA 183 459 0 NA NA NA NA NA NA 254 767 0 NA NA NA NA NA NA 188 7125 137 NA NA NA NA NA NA 182 2559 174 NA NA NA NA NA 
1742162400.0 136.867 NA 183 603 0 NA NA NA NA NA NA 252 929 0 NA NA NA NA NA NA 189 7330 214 NA NA NA NA NA NA 244 2842 250 NA NA NA NA NA 
1742162400.0 136.868 NA 184 617 0 NA NA NA NA NA NA 250 885 0 NA NA NA NA NA NA 162 5978 241 NA NA NA NA NA NA 208 2312 268 NA NA NA NA NA 
1742162400.0 136.869 NA 183 455 0 NA NA NA NA NA NA 252 760 0 NA NA NA NA NA NA 222 7567 165 NA NA NA NA NA NA 239 2783 191 NA NA NA NA NA 
1742162400.0 136.87 NA 188 454 0 NA NA NA NA NA NA 257 638 0 NA NA NA NA NA NA 168 1216 133 NA NA NA NA NA NA 170 938 161 NA NA NA NA NA 
1742162400.0 136.871 NA 183 472 0 NA NA NA NA NA NA 253 793 0 NA NA NA NA NA NA 204 8607 153 NA NA NA NA NA NA 306 3159 174 NA NA NA NA NA 
1742162400.0 136.872 NA 184 471 0 NA NA NA NA NA NA 253 705 0 NA NA NA NA NA NA 208 6320 147 NA NA NA NA NA NA 218 2266 177 NA NA NA NA NA 
1742162400.0 136.873 NA 183 535 0 NA NA NA NA NA NA 256 821 0 NA NA NA NA NA NA 178 6130 191 NA NA NA NA NA NA 179 2279 238 NA NA NA NA NA 
1742162400.0 136.874 NA 186 511 0 NA NA NA NA NA NA 260 862 0 NA NA NA NA NA NA 164 6276 154 NA NA NA NA NA NA 160 2394 180 NA NA NA NA NA 
1742162400.0 136.875 NA 184 546 0 NA NA NA NA NA NA 257 842 0 NA NA NA NA NA NA 209 6339 207 NA NA NA NA NA NA 213 2350 252 NA NA NA NA NA 
1742162400.0 136.876 NA 185 510 0 NA NA NA NA NA NA 256 831 0 NA NA NA NA NA NA 177 7351 153 NA NA NA NA NA NA 214 2654 179 NA NA NA NA NA 
1742162400.0 136.877 NA 185 493 0 NA NA NA NA NA NA 259 788 0 NA NA NA NA NA NA 170 6348 156 NA NA NA NA NA NA 190 2323 224 NA NA NA NA NA 
1742162400.0 136.878 NA 184 461 0 NA NA NA NA NA NA 259 738 0 NA NA NA NA NA NA 197 6583 153 NA NA NA NA NA NA 213 2588 179 NA NA NA NA NA 
1742162400.0 136.879 NA 185 611 0 NA NA NA NA NA NA 249 901 0 NA NA NA NA NA NA 183 6255 206 NA NA NA NA NA NA 186 2433 239 NA NA NA NA NA 
1742162400.0 136.88 NA 183 613 0 NA NA NA NA NA NA 257 859 0 NA NA NA NA NA NA 152 4034 157 NA NA NA NA NA NA 198 1750 179 NA NA NA NA NA 
1742162400.0 136.881 NA 183 415 0 NA NA NA NA NA NA 253 707 0 NA NA NA NA NA NA 202 4562 127 NA NA NA NA NA NA 240 1841 153 NA NA NA NA NA 
1742162400.0 136.882 NA 188 497 0 NA NA NA NA NA NA 264 690 0 NA NA NA NA NA NA 176 1471 134 NA NA NA NA NA NA 196 976 153 NA NA NA NA NA 
1742162400.0 136.883 NA 183 450 0 NA NA NA NA NA NA 255 774 0 NA NA NA NA NA NA 175 7742 137 NA NA NA NA NA NA 197 2685 174 NA NA NA NA NA 
1742162400.0 136.884 NA 183 459 0 NA NA NA NA NA NA 255 679 0 NA NA NA NA NA NA 204 6013 146 NA NA NA NA NA NA 180 2284 220 NA NA NA NA NA 
1742162400.0 136.885 NA 183 542 0 NA NA NA NA NA NA 253 812 0 NA NA NA NA NA NA 174 6509 201 NA NA NA NA NA NA 216 2372 246 NA NA NA NA NA 
1742162400.0 136.8855 NA 183 148 0 NA NA NA NA NA NA 250 279 0 NA NA NA NA NA NA 212 283 88 NA NA NA NA NA NA 218 321 108 NA NA NA NA NA 
1742162400.0 136.886 NA 183 480 0 NA NA NA NA NA NA 252 816 0 NA NA NA NA NA NA 165 6217 147 NA NA NA NA NA NA 197 2445 177 NA NA NA NA NA 
1742162400.0 136.8861 NA 191 490 0 NA NA NA NA NA NA 268 790 0 NA NA NA NA NA NA 190 5730 198 NA NA NA NA NA NA 281 2317 238 NA NA NA NA NA 
1742162400.0 136.8862 NA 184 510 0 NA NA NA NA NA NA 255 831 0 NA NA NA NA NA NA 173 6579 143 NA NA NA NA NA NA 242 2418 167 NA NA NA NA NA 
1742162400.0 136.887 NA 184 541 0 NA NA NA NA NA NA 256 807 0 NA NA NA NA NA NA 205 5920 225 NA NA NA NA NA NA 231 2269 269 NA NA NA NA NA 
1742162400.0 136.888 NA 183 477 0 NA NA NA NA NA NA 253 822 0 NA NA NA NA NA NA 179 7241 147 NA NA NA NA NA NA 253 2621 172 NA NA NA NA NA 
1742162400.0 136.88811 NA 275 0 NA NA NA NA NA NA NA 427 0 NA NA NA NA NA NA NA 1172 99 NA NA NA NA NA NA NA 897 159 NA NA NA NA NA NA 
1742162400.0 136.8885 NA 185 147 0 NA NA NA NA NA NA 254 283 0 NA NA NA NA NA NA 236 347 107 NA NA NA NA NA NA 208 443 149 NA NA NA NA NA 
1742162400.0 136.889 NA 184 497 0 NA NA NA NA NA NA 259 797 0 NA NA NA NA NA NA 178 6714 158 NA NA NA NA NA NA 235 2477 183 NA NA NA NA NA 
1742162400.0 136.89 NA 184 468 0 NA NA NA NA NA NA 254 737 0 NA NA NA NA NA NA 192 6585 139 NA NA NA NA NA NA 216 2425 199 NA NA NA NA NA 
1742162400.0 136.891 NA 184 610 0 NA NA NA NA NA NA 252 914 0 NA NA NA NA NA NA 186 6071 162 NA NA NA NA NA NA 202 2288 198 NA NA NA NA NA 
1742162400.0 136.892 NA 183 620 0 NA NA NA NA NA NA 252 855 0 NA NA NA NA NA NA 161 5736 225 NA NA NA NA NA NA 200 2433 266 NA NA NA NA NA 
1742162400.0 136.893 NA 181 457 0 NA NA NA NA NA NA 252 713 0 NA NA NA NA NA NA 212 6039 168 NA NA NA NA NA NA 212 2441 222 NA NA NA NA NA 
1742162400.0 136.894 NA 189 514 0 NA NA NA NA NA NA 252 739 0 NA NA NA NA NA NA 178 2512 145 NA NA NA NA NA NA 164 1331 193 NA NA NA NA NA 
1742162400.0 136.895 NA 184 465 0 NA NA NA NA NA NA 253 753 0 NA NA NA NA NA NA 181 7224 142 NA NA NA NA NA NA 220 2552 178 NA NA NA NA NA 
1742162400.0 136.896 NA 182 457 0 NA NA NA NA NA NA 258 689 0 NA NA NA NA NA NA 210 6154 144 NA NA NA NA NA NA 231 2251 169 NA NA NA NA NA 
1742162400.0 136.897 NA 297 122 0 NA NA NA NA NA NA 462 186 0 NA NA NA NA NA NA 488 131 197 NA NA NA NA NA NA 424 171 235 NA NA NA NA NA 
1742162400.0 136.898 NA 182 483 0 NA NA NA NA NA NA 253 771 0 NA NA NA NA NA NA 192 6034 141 NA NA NA NA NA NA 233 2394 172 NA NA NA NA NA 
1742162400.0 136.899 NA 311 162 0 NA NA NA NA NA NA 490 265 0 NA NA NA NA NA NA 663 141 146 NA NA NA NA NA NA 471 172 210 NA NA NA NA NA 
1742162400.0 136.9 NA 253 221 297 210 NA NA NA NA NA 393 341 472 302 NA NA NA NA NA 4309 648 801 527 NA NA NA NA NA 8776 1351 1183 617 NA NA NA NA 
1742162400.0 1360.0 154 219 401 0 NA NA NA NA NA 243 297 564 0 NA NA NA NA NA 1275 130 651 204 NA NA NA NA NA 517 119 714 219 NA NA NA NA NA 
1742162400.0 1361.0 158 220 411 0 NA NA NA NA NA 250 303 563 0 NA NA NA NA NA 2937 166 660 245 NA NA NA NA NA 1015 150 646 271 NA NA NA NA NA 
1742162400.0 1361.17 103 291 473 0 160 NA NA NA NA 227 376 683 0 246 NA NA NA NA 3230 721 914 399 247 NA NA NA NA 1121 354 947 470 272 NA NA NA NA 
1742162400.0 1361.18 142 278 476 0 163 NA NA NA NA 230 353 682 0 245 NA NA NA NA 3206 685 966 353 227 NA NA NA NA 1230 357 997 383 279 NA NA NA NA 
1742162400.0 1361.181 104 283 473 0 165 NA NA NA NA 228 371 658 0 246 NA NA NA NA 3095 716 963 381 249 NA NA NA NA 1283 333 985 405 293 NA NA NA NA 
1742162400.0 1362.0 127 223 410 0 NA NA NA NA NA 262 301 586 0 NA NA NA NA NA 4969 235 852 318 NA NA NA NA NA 1819 186 915 441 NA NA NA NA NA 
1742162400.0 1362.17 142 290 480 0 162 NA NA NA NA 229 375 680 0 245 NA NA NA NA 5261 661 898 325 224 NA NA NA NA 1905 293 887 381 280 NA NA NA NA 
1742162400.0 1362.18 142 286 476 0 163 NA NA NA NA 231 368 666 0 249 NA NA NA NA 4190 703 1003 339 234 NA NA NA NA 1543 320 979 365 267 NA NA NA NA 
1742162400.0 1363.0 167 225 406 0 NA NA NA NA NA 263 299 570 0 NA NA NA NA NA 4111 207 930 344 NA NA NA NA NA 1385 166 956 417 NA NA NA NA NA 
1742162400.0 1363.17 140 288 478 0 161 NA NA NA NA 230 377 705 0 246 NA NA NA NA 4978 694 909 333 226 NA NA NA NA 1972 340 1003 387 283 NA NA NA NA 
1742162400.0 1363.18 143 287 478 0 164 NA NA NA NA 230 371 689 0 243 NA NA NA NA 4720 632 931 332 225 NA NA NA NA 1569 342 997 365 276 NA NA NA NA 
1742162400.0 1364.0 NA 224 399 0 NA NA NA NA NA NA 315 528 0 NA NA NA NA NA NA 227 899 385 NA NA NA NA NA NA 256 946 447 NA NA NA NA NA 
1742162400.0 1365.0 NA 228 401 0 NA NA NA NA NA NA 321 555 0 NA NA NA NA NA NA 202 897 295 NA NA NA NA NA NA 199 912 344 NA NA NA NA NA 
1742162400.0 1366.0 NA 226 403 0 NA NA NA NA NA NA 314 552 0 NA NA NA NA NA NA 170 831 353 NA NA NA NA NA NA 187 814 421 NA NA NA NA NA 
1742162400.0 137.8 NA 184 557 NA 183 494 0 NA NA NA 251 883 NA 259 789 0 NA NA NA 209 6382 NA 219 5970 172 NA NA NA 301 2748 NA 278 2301 223 NA NA 
1742162400.0 1370.0 64 119 221 409 0 159 NA NA NA 92 251 298 555 0 243 NA NA NA 24 805 162 657 205 171 NA NA NA 66 441 134 613 225 197 NA NA NA 
1742162400.0 1370.17 64 141 277 476 0 160 NA NA NA 92 222 378 675 0 244 NA NA NA 24 1051 589 696 234 173 NA NA NA 66 494 275 644 254 193 NA NA NA 
1742162400.0 1370.18 65 139 283 473 0 163 NA NA NA 92 216 363 675 0 252 NA NA NA 25 939 559 694 234 184 NA NA NA 76 506 244 660 255 221 NA NA NA 
1742162400.0 138.1 NA 305 150 0 NA NA NA NA NA NA 483 230 0 NA NA NA NA NA NA 562 135 170 NA NA NA NA NA NA 442 177 235 NA NA NA NA NA 
1742162400.0 138.2 NA 303 149 0 NA NA NA NA NA NA 467 231 0 NA NA NA NA NA NA 558 144 144 NA NA NA NA NA NA 415 175 209 NA NA NA NA NA 
1742162400.0 138.3 NA 72 434 0 NA NA NA NA NA NA 115 673 0 NA NA NA NA NA NA 42 32335 166 NA NA NA NA NA NA 263 21633 230 NA NA NA NA NA 
1742162400.0 138.4 NA 399 0 NA NA NA NA NA NA NA 577 0 NA NA NA NA NA NA NA 817 177 NA NA NA NA NA NA NA 740 253 NA NA NA NA NA NA 
1742162400.0 138.5 NA 435 205 0 NA NA NA NA NA NA 646 310 0 NA NA NA NA NA NA 890 203 178 NA NA NA NA NA NA 832 296 258 NA NA NA NA NA 
1742162400.0 139.001 NA 193 441 0 NA NA NA NA NA NA 269 665 0 NA NA NA NA NA NA 139 1241 146 NA NA NA NA NA NA 183 1058 192 NA NA NA NA NA 
1742162400.0 139.002 NA 187 526 0 NA NA NA NA NA NA 270 726 0 NA NA NA NA NA NA 129 1261 210 NA NA NA NA NA NA 167 1039 258 NA NA NA NA NA 
1742162400.0 139.003 NA 185 359 0 NA NA NA NA NA NA 263 518 0 NA NA NA NA NA NA 136 965 99 NA NA NA NA NA NA 179 860 127 NA NA NA NA NA 
1742162400.0 139.004 NA 186 440 0 NA NA NA NA NA NA 273 623 0 NA NA NA NA NA NA 189 1118 137 NA NA NA NA NA NA 160 840 153 NA NA NA NA NA 
1742162400.0 139.005 NA 159 129 NA NA NA NA NA NA NA 261 256 NA NA NA NA NA NA NA 8492 6321 NA NA NA NA NA NA NA 3300 1959 NA NA NA NA NA NA 
1742162400.0 139901.0 NA 212 399 0 NA NA NA NA NA NA 306 559 0 NA NA NA NA NA NA 181 876 395 NA NA NA NA NA NA 236 873 452 NA NA NA NA NA 
1742162400.0 139902.0 NA 231 418 0 NA NA NA NA NA NA 321 599 0 NA NA NA NA NA NA 206 920 276 NA NA NA NA NA NA 255 902 323 NA NA NA NA NA 
1742162400.0 13992501.0 NA 422 639 0 NA NA NA NA NA NA 548 825 0 NA NA NA NA NA NA 769 1220 288 NA NA NA NA NA NA 552 1015 308 NA NA NA NA NA 
1742162400.0 13992502.0 NA 418 647 0 NA NA NA NA NA NA 561 880 0 NA NA NA NA NA NA 788 1289 240 NA NA NA NA NA NA 507 1077 268 NA NA NA NA NA 
1742162400.0 14.0 NA 205 390 0 NA NA NA NA NA NA 297 591 0 NA NA NA NA NA NA 711 1769 303 NA NA NA NA NA NA 332 990 329 NA NA NA NA NA 
1742162400.0 140.0 146 173 255 0 NA NA NA NA NA 228 244 365 0 NA NA NA NA NA 860 111 315 102 NA NA NA NA NA 880 122 371 121 NA NA NA NA NA 
1742162400.0 140.001 NA 188 428 0 NA NA NA NA NA NA 263 614 0 NA NA NA NA NA NA 133 917 133 NA NA NA NA NA NA 123 732 163 NA NA NA NA NA 
1742162400.0 140.002 NA 190 421 0 NA NA NA NA NA NA 265 643 0 NA NA NA NA NA NA 284 1516 195 NA NA NA NA NA NA 241 1702 252 NA NA NA NA NA 
1742162400.0 140.003 NA 188 493 0 NA NA NA NA NA NA 258 696 0 NA NA NA NA NA NA 145 1141 162 NA NA NA NA NA NA 183 917 194 NA NA NA NA NA 
1742162400.0 140.004 NA 0 0 0 NA NA NA NA NA NA 0 0 0 NA NA NA NA NA NA 64 868 217 NA NA NA NA NA NA 116 949 300 NA NA NA NA NA 
1742162400.0 140.005 NA 191 450 0 NA NA NA NA NA NA 269 646 0 NA NA NA NA NA NA 170 1347 188 NA NA NA NA NA NA 148 1147 234 NA NA NA NA NA 
1742162400.0 140.006 NA 0 0 0 NA NA NA NA NA NA 0 0 0 NA NA NA NA NA NA 65 1199 268 NA NA NA NA NA NA 109 1148 299 NA NA NA NA NA 
1742162400.0 140.007 NA 172 412 0 NA NA NA NA NA NA 250 611 0 NA NA NA NA NA NA 92 1039 215 NA NA NA NA NA NA 106 900 249 NA NA NA NA NA 
1742162400.0 140.008 NA 159 434 0 NA NA NA NA NA NA 234 618 0 NA NA NA NA NA NA 68 968 214 NA NA NA NA NA NA 97 944 237 NA NA NA NA NA 
1742162400.0 140.009 NA 0 0 0 NA NA NA NA NA NA 0 0 0 NA NA NA NA NA NA 62 870 207 NA NA NA NA NA NA 103 852 226 NA NA NA NA NA 
1742162400.0 140.01 NA 191 472 0 NA NA NA NA NA NA 264 656 0 NA NA NA NA NA NA 376 1976 211 NA NA NA NA NA NA 290 1216 244 NA NA NA NA NA 
1742162400.0 140.011 NA 0 0 0 NA NA NA NA NA NA 0 0 0 NA NA NA NA NA NA 68 947 268 NA NA NA NA NA NA 107 1220 361 NA NA NA NA NA 
1742162400.0 140.021 NA 0 0 0 NA NA NA NA NA NA 0 0 0 NA NA NA NA NA NA 62 890 216 NA NA NA NA NA NA 93 915 241 NA NA NA NA NA 
1742162400.0 140.022 NA 188 533 0 NA NA NA NA NA NA 261 820 0 NA NA NA NA NA NA 212 3880 140 NA NA NA NA NA NA 157 1508 156 NA NA NA NA NA 
1742162400.0 140.023 NA 186 562 0 NA NA NA NA NA NA 261 764 0 NA NA NA NA NA NA 173 2696 151 NA NA NA NA NA NA 157 1243 198 NA NA NA NA NA 
1742162400.0 140.024 NA 187 538 0 NA NA NA NA NA NA 269 823 0 NA NA NA NA NA NA 221 4614 147 NA NA NA NA NA NA 189 1681 182 NA NA NA NA NA 
1742162400.0 140.025 NA 185 541 0 NA NA NA NA NA NA 262 826 0 NA NA NA NA NA NA 207 4623 148 NA NA NA NA NA NA 170 1714 180 NA NA NA NA NA 
1742162400.0 140.026 NA 186 544 0 NA NA NA NA NA NA 256 831 0 NA NA NA NA NA NA 237 6566 184 NA NA NA NA NA NA 204 2371 232 NA NA NA NA NA 
1742162400.0 140.027 NA 186 538 0 NA NA NA NA NA NA 266 818 0 NA NA NA NA NA NA 203 4350 148 NA NA NA NA NA NA 169 1641 181 NA NA NA NA NA 
1742162400.0 140.028 NA 186 530 0 NA NA NA NA NA NA 266 798 0 NA NA NA NA NA NA 200 4239 139 NA NA NA NA NA NA 183 1630 158 NA NA NA NA NA 
1742162400.0 140.029 NA 187 536 0 NA NA NA NA NA NA 263 792 0 NA NA NA NA NA NA 206 4270 147 NA NA NA NA NA NA 157 1604 176 NA NA NA NA NA 
1742162400.0 140.03 NA 185 528 0 NA NA NA NA NA NA 262 820 0 NA NA NA NA NA NA 224 3950 147 NA NA NA NA NA NA 189 1487 205 NA NA NA NA NA 
1742162400.0 140.031 NA 186 503 0 NA NA NA NA NA NA 260 858 0 NA NA NA NA NA NA 274 5761 166 NA NA NA NA NA NA 392 4396 248 NA NA NA NA NA 
1742162400.0 140.042 NA 187 543 0 NA NA NA NA NA NA 268 829 0 NA NA NA NA NA NA 231 4976 142 NA NA NA NA NA NA 259 1791 164 NA NA NA NA NA 
1742162400.0 140.043 NA 189 573 0 NA NA NA NA NA NA 257 800 0 NA NA NA NA NA NA 177 3156 152 NA NA NA NA NA NA 144 1273 214 NA NA NA NA NA 
1742162400.0 140.044 NA 187 530 0 NA NA NA NA NA NA 262 846 0 NA NA NA NA NA NA 261 6774 186 NA NA NA NA NA NA 219 2492 217 NA NA NA NA NA 
1742162400.0 140.045 NA 185 552 0 NA NA NA NA NA NA 260 877 0 NA NA NA NA NA NA 258 7285 188 NA NA NA NA NA NA 197 2553 214 NA NA NA NA NA 
1742162400.0 140.046 NA 183 552 0 NA NA NA NA NA NA 261 887 0 NA NA NA NA NA NA 290 6834 187 NA NA NA NA NA NA 351 2599 223 NA NA NA NA NA 
1742162400.0 140.047 NA 185 538 0 NA NA NA NA NA NA 256 865 0 NA NA NA NA NA NA 264 6711 226 NA NA NA NA NA NA 200 2424 257 NA NA NA NA NA 
1742162400.0 140.048 NA 185 533 0 NA NA NA NA NA NA 258 834 0 NA NA NA NA NA NA 228 6451 193 NA NA NA NA NA NA 224 2323 236 NA NA NA NA NA 
1742162400.0 140.049 NA 186 551 0 NA NA NA NA NA NA 265 838 0 NA NA NA NA NA NA 253 6609 169 NA NA NA NA NA NA 268 2257 205 NA NA NA NA NA 
1742162400.0 140.05 NA 188 516 0 NA NA NA NA NA NA 270 808 0 NA NA NA NA NA NA 258 5017 141 NA NA NA NA NA NA 264 1822 160 NA NA NA NA NA 
1742162400.0 140.051 NA 186 520 0 NA NA NA NA NA NA 260 814 0 NA NA NA NA NA NA 266 5757 176 NA NA NA NA NA NA 250 2043 211 NA NA NA NA NA 
1742162400.0 140.062 NA 186 521 0 NA NA NA NA NA NA 260 846 0 NA NA NA NA NA NA 287 7563 185 NA NA NA NA NA NA 263 2659 212 NA NA NA NA NA 
1742162400.0 140.063 NA 186 548 0 NA NA NA NA NA NA 255 822 0 NA NA NA NA NA NA 194 4029 141 NA NA NA NA NA NA 148 1535 161 NA NA NA NA NA 
1742162400.0 140.064 NA 186 561 0 NA NA NA NA NA NA 261 878 0 NA NA NA NA NA NA 287 7759 180 NA NA NA NA NA NA 274 2697 217 NA NA NA NA NA 
1742162400.0 140.065 NA 184 526 0 NA NA NA NA NA NA 254 852 0 NA NA NA NA NA NA 279 8253 184 NA NA NA NA NA NA 336 2868 220 NA NA NA NA NA 
1742162400.0 140.066 NA 184 577 0 NA NA NA NA NA NA 267 921 0 NA NA NA NA NA NA 340 9405 181 NA NA NA NA NA NA 412 3216 205 NA NA NA NA NA 
1742162400.0 140.067 NA 184 552 0 NA NA NA NA NA NA 255 868 0 NA NA NA NA NA NA 283 6701 178 NA NA NA NA NA NA 368 2576 208 NA NA NA NA NA 
1742162400.0 140.068 NA 186 561 0 NA NA NA NA NA NA 259 853 0 NA NA NA NA NA NA 273 7664 180 NA NA NA NA NA NA 229 2775 213 NA NA NA NA NA 
1742162400.0 140.069 NA 185 547 0 NA NA NA NA NA NA 267 861 0 NA NA NA NA NA NA 282 6581 192 NA NA NA NA NA NA 235 2271 219 NA NA NA NA NA 
1742162400.0 140.071 NA 188 525 0 NA NA NA NA NA NA 271 806 0 NA NA NA NA NA NA 213 3614 138 NA NA NA NA NA NA 163 1440 158 NA NA NA NA NA 
1742162400.0 140.072 NA 191 561 0 NA NA NA NA NA NA 269 767 0 NA NA NA NA NA NA 175 2708 138 NA NA NA NA NA NA 142 1307 157 NA NA NA NA NA 
1742162400.0 140.073 NA 188 533 0 NA NA NA NA NA NA 262 816 0 NA NA NA NA NA NA 217 3975 137 NA NA NA NA NA NA 182 1560 152 NA NA NA NA NA 
1742162400.0 140.074 NA 188 531 0 NA NA NA NA NA NA 262 819 0 NA NA NA NA NA NA 202 4166 142 NA NA NA NA NA NA 182 1534 175 NA NA NA NA NA 
1742162400.0 140.075 NA 186 533 0 NA NA NA NA NA NA 264 808 0 NA NA NA NA NA NA 216 4274 147 NA NA NA NA NA NA 187 1599 179 NA NA NA NA NA 
1742162400.0 140.076 NA 188 529 0 NA NA NA NA NA NA 255 798 0 NA NA NA NA NA NA 200 3780 139 NA NA NA NA NA NA 186 1434 157 NA NA NA NA NA 
1742162400.0 140.077 NA 188 525 0 NA NA NA NA NA NA 260 794 0 NA NA NA NA NA NA 192 3570 144 NA NA NA NA NA NA 157 1420 175 NA NA NA NA NA 
1742162400.0 140.078 NA 187 515 0 NA NA NA NA NA NA 261 781 0 NA NA NA NA NA NA 217 3879 139 NA NA NA NA NA NA 191 1508 158 NA NA NA NA NA 
1742162400.0 140.101 NA 186 608 0 NA NA NA NA NA NA 264 873 0 NA NA NA NA NA NA 194 4173 146 NA NA NA NA NA NA 146 1669 176 NA NA NA NA NA 
1742162400.0 140.102 NA 185 583 0 NA NA NA NA NA NA 264 924 0 NA NA NA NA NA NA 374 7686 182 NA NA NA NA NA NA 328 2974 200 NA NA NA NA NA 
1742162400.0 140.103 NA 161 636 0 NA NA NA NA NA NA 257 1016 0 NA NA NA NA NA NA 306 8197 170 NA NA NA NA NA NA 480 3078 191 NA NA NA NA NA 
1742162400.0 140.104 NA 183 623 0 NA NA NA NA NA NA 258 994 0 NA NA NA NA NA NA 325 9726 185 NA NA NA NA NA NA 428 3379 247 NA NA NA NA NA 
1742162400.0 140.105 NA 183 580 0 NA NA NA NA NA NA 252 948 0 NA NA NA NA NA NA 316 7805 177 NA NA NA NA NA NA 430 2689 227 NA NA NA NA NA 
1742162400.0 140.106 NA 185 520 0 NA NA NA NA NA NA 258 926 0 NA NA NA NA NA NA 271 7689 187 NA NA NA NA NA NA 234 2857 219 NA NA NA NA NA 
1742162400.0 140.107 NA 184 577 0 NA NA NA NA NA NA 249 902 0 NA NA NA NA NA NA 287 7737 217 NA NA NA NA NA NA 288 2903 250 NA NA NA NA NA 
1742162400.0 140.108 NA 184 553 0 NA NA NA NA NA NA 257 902 0 NA NA NA NA NA NA 289 7507 185 NA NA NA NA NA NA 206 2828 222 NA NA NA NA NA 
1742162400.0 140.109 NA 189 568 0 NA NA NA NA NA NA 266 829 0 NA NA NA NA NA NA 204 2747 136 NA NA NA NA NA NA 153 1304 154 NA NA NA NA NA 
1742162400.0 140.11 NA 186 565 0 NA NA NA NA NA NA 260 877 0 NA NA NA NA NA NA 275 6547 168 NA NA NA NA NA NA 227 2603 214 NA NA NA NA NA 
1742162400.0 140.111 NA 185 569 0 NA NA NA NA NA NA 256 904 0 NA NA NA NA NA NA 274 7753 189 NA NA NA NA NA NA 222 2857 220 NA NA NA NA NA 
1742162400.0 140.112 NA 178 584 0 NA NA NA NA NA NA 256 916 0 NA NA NA NA NA NA 357 7403 172 NA NA NA NA NA NA 485 2621 206 NA NA NA NA NA 
1742162400.0 140.113 NA 0 0 0 NA NA NA NA NA NA 0 0 0 NA NA NA NA NA NA 72 876 540 NA NA NA NA NA NA 124 988 612 NA NA NA NA NA 
1742162400.0 140.201 NA 257 NA NA NA NA NA NA NA NA 423 NA NA NA NA NA NA NA NA 750 NA NA NA NA NA NA NA NA 466 NA NA NA NA NA NA NA 
1742162400.0 140.202 NA 285 NA NA NA NA NA NA NA NA 448 NA NA NA NA NA NA NA NA 1175 NA NA NA NA NA NA NA NA 953 NA NA NA NA NA NA NA 
1742162400.0 140.51 NA 96 269 0 NA NA NA NA NA NA 144 396 0 NA NA NA NA NA NA 225 714 114 NA NA NA NA NA NA 293 566 155 NA NA NA NA NA 
1742162400.0 140.52 NA 269 269 0 NA NA NA NA NA NA 437 389 0 NA NA NA NA NA NA 921 716 132 NA NA NA NA NA NA 780 574 173 NA NA NA NA NA 
1742162400.0 140.53 NA 369 0 NA NA NA NA NA NA NA 504 0 NA NA NA NA NA NA NA 1337 132 NA NA NA NA NA NA NA 710 197 NA NA NA NA NA NA 
1742162400.0 140.54 NA 404 0 NA NA NA NA NA NA NA 610 0 NA NA NA NA NA NA NA 1179 169 NA NA NA NA NA NA NA 1032 235 NA NA NA NA NA NA 
1742162400.0 140.55 NA 134 112 496 0 NA NA NA NA NA 230 197 708 0 NA NA NA NA NA 2806 4239 5589 125 NA NA NA NA NA 4029 4984 1772 148 NA NA NA NA 
1742162400.0 140.56 NA 839 0 NA NA NA NA NA NA NA 1308 0 NA NA NA NA NA NA NA 5458 138 NA NA NA NA NA NA NA 2045 156 NA NA NA NA NA NA 
1742162400.0 140.5611 NA 247 0 NA NA NA NA NA NA NA 343 0 NA NA NA NA NA NA NA 1171 100 NA NA NA NA NA NA NA 673 125 NA NA NA NA NA NA 
1742162400.0 140.57 NA 536 0 NA NA NA NA NA NA NA 751 0 NA NA NA NA NA NA NA 1318 203 NA NA NA NA NA NA NA 1030 266 NA NA NA NA NA NA 
1742162400.0 140.58 NA 109 832 0 NA NA NA NA NA NA 162 1220 0 NA NA NA NA NA NA 86 5237 143 NA NA NA NA NA NA 203 1806 168 NA NA NA NA NA 
1742162400.0 140.6 NA 98 408 0 NA NA NA NA NA NA 142 586 0 NA NA NA NA NA NA 70 512 184 NA NA NA NA NA NA 157 588 265 NA NA NA NA NA 
1742162400.0 140.61 NA 422 0 NA NA NA NA NA NA NA 596 0 NA NA NA NA NA NA NA 981 160 NA NA NA NA NA NA NA 649 228 NA NA NA NA NA NA 
1742162400.0 14034.0 NA 615 0 NA NA NA NA NA NA NA 837 0 NA NA NA NA NA NA NA 2667 306 NA NA NA NA NA NA NA 1338 349 NA NA NA NA NA NA 
1742162400.0 141.001 NA 411 615 0 NA NA NA NA NA NA 605 929 0 NA NA NA NA NA NA 1686 8183 217 NA NA NA NA NA NA 817 2882 306 NA NA NA NA NA 
1742162400.0 141.002 NA 393 651 0 NA NA NA NA NA NA 594 880 0 NA NA NA NA NA NA 871 4782 229 NA NA NA NA NA NA 466 2192 287 NA NA NA NA NA 
1742162400.0 141.003 NA 414 636 0 NA NA NA NA NA NA 650 951 0 NA NA NA NA NA NA 1634 7457 211 NA NA NA NA NA NA 870 2842 235 NA NA NA NA NA 
1742162400.0 141.004 NA 363 600 0 NA NA NA NA NA NA 552 819 0 NA NA NA NA NA NA 557 1876 164 NA NA NA NA NA NA 424 1235 186 NA NA NA NA NA 
1742162400.0 141.005 NA 361 611 0 NA NA NA NA NA NA 610 893 0 NA NA NA NA NA NA 1233 5039 219 NA NA NA NA NA NA 754 2250 267 NA NA NA NA NA 
1742162400.0 141.006 NA 380 617 0 NA NA NA NA NA NA 532 847 0 NA NA NA NA NA NA 1037 5015 212 NA NA NA NA NA NA 510 2160 258 NA NA NA NA NA 
1742162400.0 141.007 NA 409 635 0 NA NA NA NA NA NA 598 929 0 NA NA NA NA NA NA 1048 5889 249 NA NA NA NA NA NA 568 2535 311 NA NA NA NA NA 
1742162400.0 141.008 NA 427 652 0 NA NA NA NA NA NA 630 1006 0 NA NA NA NA NA NA 1661 9535 219 NA NA NA NA NA NA 773 3320 272 NA NA NA NA NA 
1742162400.0 141.008505 NA 430 201 0 NA NA NA NA NA NA 661 315 0 NA NA NA NA NA NA 1481 490 88 NA NA NA NA NA NA 675 355 126 NA NA NA NA NA 
1742162400.0 141.008511 NA 422 163 0 NA NA NA NA NA NA 639 237 0 NA NA NA NA NA NA 1495 346 90 NA NA NA NA NA NA 636 328 130 NA NA NA NA NA 
1742162400.0 141.008521 NA 422 162 0 NA NA NA NA NA NA 614 223 0 NA NA NA NA NA NA 1509 365 86 NA NA NA NA NA NA 685 309 121 NA NA NA NA NA 
1742162400.0 141.009 NA 0 0 0 NA NA NA NA NA NA 0 0 0 NA NA NA NA NA NA 491 2597 588 NA NA NA NA NA NA 563 4856 631 NA NA NA NA NA 
1742162400.0 141.01 NA 420 653 0 NA NA NA NA NA NA 643 998 0 NA NA NA NA NA NA 1679 8842 240 NA NA NA NA NA NA 679 3295 263 NA NA NA NA NA 
1742162400.0 141.011 NA 413 643 0 NA NA NA NA NA NA 637 952 0 NA NA NA NA NA NA 1553 7761 208 NA NA NA NA NA NA 947 3109 237 NA NA NA NA NA 
1742162400.0 141.012 NA 410 625 0 NA NA NA NA NA NA 581 923 0 NA NA NA NA NA NA 1016 5587 230 NA NA NA NA NA NA 492 2302 265 NA NA NA NA NA 
1742162400.0 141.013 NA 418 652 0 NA NA NA NA NA NA 650 940 0 NA NA NA NA NA NA 1725 7873 220 NA NA NA NA NA NA 706 2938 274 NA NA NA NA NA 
1742162400.0 141.031 NA 416 659 0 NA NA NA NA NA NA 625 1002 0 NA NA NA NA NA NA 1700 9006 202 NA NA NA NA NA NA 692 3373 239 NA NA NA NA NA 
1742162400.0 141.032 NA 396 659 0 NA NA NA NA NA NA 589 904 0 NA NA NA NA NA NA 937 5263 208 NA NA NA NA NA NA 740 2201 252 NA NA NA NA NA 
1742162400.0 141.033 NA 415 653 0 NA NA NA NA NA NA 649 1010 0 NA NA NA NA NA NA 1902 9703 251 NA NA NA NA NA NA 905 3643 278 NA NA NA NA NA 
1742162400.0 141.034 NA 420 659 0 NA NA NA NA NA NA 656 1019 0 NA NA NA NA NA NA 1768 10055 195 NA NA NA NA NA NA 949 3730 215 NA NA NA NA NA 
1742162400.0 141.035 NA 419 670 0 NA NA NA NA NA NA 649 1028 0 NA NA NA NA NA NA 1713 10354 221 NA NA NA NA NA NA 870 3806 293 NA NA NA NA NA 
1742162400.0 141.036 NA 367 581 0 NA NA NA NA NA NA 579 821 0 NA NA NA NA NA NA 705 2567 164 NA NA NA NA NA NA 403 1368 185 NA NA NA NA NA 
1742162400.0 141.037 NA 424 657 0 NA NA NA NA NA NA 637 984 0 NA NA NA NA NA NA 1510 7826 194 NA NA NA NA NA NA 691 2841 245 NA NA NA NA NA 
1742162400.0 141.038 NA 419 633 0 NA NA NA NA NA NA 648 965 0 NA NA NA NA NA NA 1988 9057 221 NA NA NA NA NA NA 863 3168 254 NA NA NA NA NA 
1742162400.0 141.039 NA 407 657 0 NA NA NA NA NA NA 611 957 0 NA NA NA NA NA NA 1796 9079 230 NA NA NA NA NA NA 724 3430 259 NA NA NA NA NA 
1742162400.0 141.041 NA 419 670 0 NA NA NA NA NA NA 655 1026 0 NA NA NA NA NA NA 2185 11978 258 NA NA NA NA NA NA 1234 4197 392 NA NA NA NA NA 
1742162400.0 141.042 NA 364 681 0 NA NA NA NA NA NA 615 935 0 NA NA NA NA NA NA 1168 6938 219 NA NA NA NA NA NA 1354 2695 292 NA NA NA NA NA 
1742162400.0 141.043 NA 427 684 0 NA NA NA NA NA NA 682 1067 0 NA NA NA NA NA NA 2089 13095 272 NA NA NA NA NA NA 1777 4729 330 NA NA NA NA NA 
1742162400.0 141.044 NA 424 668 0 NA NA NA NA NA NA 663 996 0 NA NA NA NA NA NA 1841 12221 257 NA NA NA NA NA NA 1080 4303 333 NA NA NA NA NA 
1742162400.0 141.045 NA 466 701 0 NA NA NA NA NA NA 710 1027 0 NA NA NA NA NA NA 2488 15948 201 NA NA NA NA NA NA 1489 6171 272 NA NA NA NA NA 
1742162400.0 141.046 NA 432 660 0 NA NA NA NA NA NA 637 992 0 NA NA NA NA NA NA 1718 11591 224 NA NA NA NA NA NA 878 4027 276 NA NA NA NA NA 
1742162400.0 141.047 NA 421 684 0 NA NA NA NA NA NA 682 1019 0 NA NA NA NA NA NA 1767 12838 263 NA NA NA NA NA NA 1520 4294 290 NA NA NA NA NA 
1742162400.0 141.048 NA 419 674 0 NA NA NA NA NA NA 664 1026 0 NA NA NA NA NA NA 2229 12180 226 NA NA NA NA NA NA 1756 4496 254 NA NA NA NA NA 
1742162400.0 141.049 NA 406 651 0 NA NA NA NA NA NA 615 945 0 NA NA NA NA NA NA 1745 9290 228 NA NA NA NA NA NA 691 3558 261 NA NA NA NA NA 
1742162400.0 141.101 NA 394 692 0 NA NA NA NA NA NA 572 969 0 NA NA NA NA NA NA 1167 5806 229 NA NA NA NA NA NA 713 2459 283 NA NA NA NA NA 
1742162400.0 141.102 NA 418 687 0 NA NA NA NA NA NA 644 1025 0 NA NA NA NA NA NA 1921 9444 216 NA NA NA NA NA NA 834 3408 237 NA NA NA NA NA 
1742162400.0 141.103 NA 414 753 0 NA NA NA NA NA NA 638 1166 0 NA NA NA NA NA NA 1751 9664 263 NA NA NA NA NA NA 1027 3532 290 NA NA NA NA NA 
1742162400.0 141.104 NA 385 853 0 NA NA NA NA NA NA 653 1275 0 NA NA NA NA NA NA 1828 10695 252 NA NA NA NA NA NA 1056 3846 274 NA NA NA NA NA 
1742162400.0 141.105 NA 395 658 0 NA NA NA NA NA NA 586 992 0 NA NA NA NA NA NA 960 3622 206 NA NA NA NA NA NA 568 2229 238 NA NA NA NA NA 
1742162400.0 141.106 NA 418 688 0 NA NA NA NA NA NA 651 1057 0 NA NA NA NA NA NA 1510 8267 242 NA NA NA NA NA NA 771 3349 262 NA NA NA NA NA 
1742162400.0 141.107 NA 416 782 0 NA NA NA NA NA NA 602 1200 0 NA NA NA NA NA NA 1738 9299 207 NA NA NA NA NA NA 762 3735 231 NA NA NA NA NA 
1742162400.0 141.108 NA 416 696 0 NA NA NA NA NA NA 647 1048 0 NA NA NA NA NA NA 1825 9157 203 NA NA NA NA NA NA 846 3463 247 NA NA NA NA NA 
1742162400.0 141.109 NA 406 696 0 NA NA NA NA NA NA 599 940 0 NA NA NA NA NA NA 977 5333 216 NA NA NA NA NA NA 590 2383 296 NA NA NA NA NA 
1742162400.0 141.11 NA 420 696 0 NA NA NA NA NA NA 653 1048 0 NA NA NA NA NA NA 1841 10276 228 NA NA NA NA NA NA 873 3613 276 NA NA NA NA NA 
1742162400.0 141.111 NA 404 704 0 NA NA NA NA NA NA 566 1017 0 NA NA NA NA NA NA 1499 9555 238 NA NA NA NA NA NA 683 3434 258 NA NA NA NA NA 
1742162400.0 141.112 NA 427 669 0 NA NA NA NA NA NA 674 1045 0 NA NA NA NA NA NA 1522 10060 220 NA NA NA NA NA NA 722 3623 249 NA NA NA NA NA 
1742162400.0 141.113 NA 0 0 0 NA NA NA NA NA NA 0 0 0 NA NA NA NA NA NA 316 551 242 NA NA NA NA NA NA 439 587 263 NA NA NA NA NA 
1742162400.0 141.114 NA 403 664 0 NA NA NA NA NA NA 600 1035 0 NA NA NA NA NA NA 1940 8900 232 NA NA NA NA NA NA 1031 3272 266 NA NA NA NA NA 
1742162400.0 141.901 NA 471 0 NA NA NA NA NA NA NA 685 0 NA NA NA NA NA NA NA 3320 171 NA NA NA NA NA NA NA 1288 208 NA NA NA NA NA NA 
1742162400.0 141.902 NA 406 0 NA NA NA NA NA NA NA 582 0 NA NA NA NA NA NA NA 2658 165 NA NA NA NA NA NA NA 1039 225 NA NA NA NA NA NA 
1742162400.0 142.0 NA 509 871 0 NA NA NA NA NA NA 927 1393 0 NA NA NA NA NA NA 3183 13296 188 NA NA NA NA NA NA 1416 4307 212 NA NA NA NA NA 
1742162400.0 14234.0 NA 782 0 NA NA NA NA NA NA NA 1076 0 NA NA NA NA NA NA NA 2175 192 NA NA NA NA NA NA NA 1253 213 NA NA NA NA NA NA 
1742162400.0 144.6 NA 367 NA NA NA NA NA NA NA NA 512 NA NA NA NA NA NA NA NA 1510 NA NA NA NA NA NA NA NA 1667 NA NA NA NA NA NA NA 
1742162400.0 145.0 144 176 259 0 NA NA NA NA NA 220 238 374 0 NA NA NA NA NA 848 148 424 138 NA NA NA NA NA 912 164 552 198 NA NA NA NA NA 
1742162400.0 148.0 166 364 568 0 NA NA NA NA NA 337 498 799 0 NA NA NA NA NA 8840 937 7382 255 NA NA NA NA NA 17841 1262 2752 300 NA NA NA NA NA 
1742162400.0 149.0 134 257 454 0 NA NA NA NA NA 210 340 655 0 NA NA NA NA NA 456 324 650 237 NA NA NA NA NA 388 259 694 256 NA NA NA NA NA 
1742162400.0 15.0 NA 181 343 0 NA NA NA NA NA NA 255 476 0 NA NA NA NA NA NA 679 957 234 NA NA NA NA NA NA 335 774 271 NA NA NA NA NA 
1742162400.0 150.0 135 218 354 0 NA NA NA NA NA 211 295 527 0 NA NA NA NA NA 781 134 341 121 NA NA NA NA NA 845 172 339 144 NA NA NA NA NA 
1742162400.0 158.0 139 223 466 112 0 NA NA NA NA 213 299 663 172 0 NA NA NA NA 865 134 655 90 240 NA NA NA NA 981 145 593 117 256 NA NA NA NA 
1742162400.0 158.01 NA 214 0 NA NA NA NA NA NA NA 294 0 NA NA NA NA NA NA NA 961 97 NA NA NA NA NA NA NA 782 118 NA NA NA NA NA NA 
1742162400.0 158.1 NA 265 476 0 NA NA NA NA NA NA 355 665 0 NA NA NA NA NA NA 229 894 344 NA NA NA NA NA NA 209 756 404 NA NA NA NA NA 
1742162400.0 158.2 NA 261 483 0 NA NA NA NA NA NA 346 690 0 NA NA NA NA NA NA 189 888 322 NA NA NA NA NA NA 176 766 489 NA NA NA NA NA 
1742162400.0 158.3 NA 265 482 0 NA NA NA NA NA NA 350 673 0 NA NA NA NA NA NA 199 987 380 NA NA NA NA NA NA 246 867 411 NA NA NA NA NA 
1742162400.0 158.5 165 258 465 112 0 NA NA NA NA 252 352 701 166 0 NA NA NA NA 2905 269 1366 132 263 NA NA NA NA 5709 548 1970 226 297 NA NA NA NA 
1742162400.0 159.0 150 221 447 112 0 NA NA NA NA 229 287 631 165 0 NA NA NA NA 932 124 528 86 226 NA NA NA NA 1043 115 485 102 266 NA NA NA NA 
1742162400.0 159.01 NA 166 0 NA NA NA NA NA NA NA 294 0 NA NA NA NA NA NA NA 912 106 NA NA NA NA NA NA NA 736 144 NA NA NA NA NA NA 
1742162400.0 159.02 101 218 116 444 112 0 NA NA NA 226 296 156 626 172 0 NA NA NA 1105 171 97 701 134 298 NA NA NA 2202 283 209 859 206 399 NA NA NA 
1742162400.0 159.03 207 374 235 361 214 NA NA NA NA 398 545 338 597 278 NA NA NA NA 12195 1451 136 1056 445 NA NA NA NA 21618 1928 155 880 508 NA NA NA NA 
1742162400.0 159.1 117 262 455 0 NA NA NA NA NA 240 335 675 0 NA NA NA NA NA 1138 185 600 235 NA NA NA NA NA 608 111 567 252 NA NA NA NA NA 
1742162400.0 159.2 114 253 463 0 NA NA NA NA NA 237 330 643 0 NA NA NA NA NA 820 176 526 243 NA NA NA NA NA 565 142 480 306 NA NA NA NA NA 
1742162400.0 159.3 150 257 465 0 NA NA NA NA NA 223 333 661 0 NA NA NA NA NA 837 178 557 303 NA NA NA NA NA 544 109 490 321 NA NA NA NA NA 
1742162400.0 159.4 148 254 453 0 NA NA NA NA NA 225 338 673 0 NA NA NA NA NA 939 176 568 240 NA NA NA NA NA 587 108 569 261 NA NA NA NA NA 
1742162400.0 16.0 NA 191 363 0 NA NA NA NA NA NA 276 520 0 NA NA NA NA NA NA 726 1287 251 NA NA NA NA NA NA 372 1105 285 NA NA NA NA NA 
1742162400.0 160.0 105 230 450 112 0 NA NA NA NA 219 307 634 171 0 NA NA NA NA 678 129 504 90 229 NA NA NA NA 661 151 501 119 264 NA NA NA NA 
1742162400.0 160.02 141 230 112 441 110 0 NA NA NA 229 313 150 632 174 0 NA NA NA 679 129 69 510 88 233 NA NA NA 688 133 95 530 118 306 NA NA NA 
1742162400.0 160.03 172 339 192 337 203 NA NA NA NA 331 464 270 511 273 NA NA NA NA 6701 818 138 535 255 NA NA NA NA 12987 1415 180 554 246 NA NA NA NA 
1742162400.0 160.1 149 289 463 0 NA NA NA NA NA 224 373 649 0 NA NA NA NA NA 921 255 590 239 NA NA NA NA NA 608 134 562 259 NA NA NA NA NA 
1742162400.0 160.2 110 290 468 0 NA NA NA NA NA 237 385 666 0 NA NA NA NA NA 766 251 569 254 NA NA NA NA NA 633 147 579 288 NA NA NA NA NA 
1742162400.0 160.3 148 285 472 0 NA NA NA NA NA 230 362 656 0 NA NA NA NA NA 644 241 579 307 NA NA NA NA NA 469 154 560 335 NA NA NA NA NA 
1742162400.0 160.4 147 286 466 0 NA NA NA NA NA 224 372 656 0 NA NA NA NA NA 719 247 551 259 NA NA NA NA NA 518 134 534 347 NA NA NA NA NA 
1742162400.0 160.501 171 281 180 596 194 NA NA NA NA 338 447 272 874 264 NA NA NA NA 6703 727 146 4680 250 NA NA NA NA 13228 1519 245 2208 259 NA NA NA NA 
1742162400.0 17.0 NA 191 352 0 NA NA NA NA NA NA 261 512 0 NA NA NA NA NA NA 650 1119 243 NA NA NA NA NA NA 318 836 272 NA NA NA NA NA 
1742162400.0 18.0 NA 177 342 0 NA NA NA NA NA NA 258 479 0 NA NA NA NA NA NA 616 1030 230 NA NA NA NA NA NA 282 968 292 NA NA NA NA NA 
1742162400.0 19.0 NA 177 343 0 NA NA NA NA NA NA 255 475 0 NA NA NA NA NA NA 677 1108 236 NA NA NA NA NA NA 336 1016 290 NA NA NA NA NA 
1742162400.0 2.0 162 178 297 NA NA NA NA NA NA 271 247 430 NA NA NA NA NA NA 1440 216 636 NA NA NA NA NA NA 697 172 554 NA NA NA NA NA NA 
1742162400.0 20.0 NA 179 345 0 NA NA NA NA NA NA 255 479 0 NA NA NA NA NA NA 662 1203 256 NA NA NA NA NA NA 296 945 281 NA NA NA NA NA 
1742162400.0 200.0 NA 250 420 0 NA NA NA NA NA NA 357 589 0 NA NA NA NA NA NA 280 866 226 NA NA NA NA NA NA 324 923 243 NA NA NA NA NA 
1742162400.0 20034.0 169 521 534 0 206 NA NA NA NA 249 661 746 0 297 NA NA NA NA 2210 928 1418 352 348 NA NA NA NA 1571 550 1130 375 376 NA NA NA NA 
1742162400.0 2017.1 484 0 197 157 NA NA NA NA NA 629 0 307 232 NA NA NA NA NA 446 236 344 226 NA NA NA NA NA 490 307 364 273 NA NA NA NA NA 
1742162400.0 2017.11 491 0 203 157 NA NA NA NA NA 636 0 326 237 NA NA NA NA NA 489 241 402 209 NA NA NA NA NA 361 315 377 238 NA NA NA NA NA 
1742162400.0 2017.12 486 0 163 154 NA NA NA NA NA 630 0 297 232 NA NA NA NA NA 527 233 346 201 NA NA NA NA NA 568 315 403 255 NA NA NA NA NA 
1742162400.0 2017.13 499 0 NA NA NA NA NA NA NA 642 0 NA NA NA NA NA NA NA 534 500 NA NA NA NA NA NA NA 496 734 NA NA NA NA NA NA NA 
1742162400.0 2017.2 412 0 188 153 NA NA NA NA NA 544 0 272 230 NA NA NA NA NA 455 264 341 246 NA NA NA NA NA 525 321 428 314 NA NA NA NA NA 
1742162400.0 2017.3 409 0 190 154 NA NA NA NA NA 532 0 273 227 NA NA NA NA NA 457 234 308 213 NA NA NA NA NA 503 302 390 284 NA NA NA NA NA 
1742162400.0 2017.4 479 0 192 156 NA NA NA NA NA 623 0 282 234 NA NA NA NA NA 528 235 322 184 NA NA NA NA NA 598 321 346 231 NA NA NA NA NA 
1742162400.0 2017.5 480 0 197 155 NA NA NA NA NA 615 0 279 229 NA NA NA NA NA 392 208 294 216 NA NA NA NA NA 373 300 312 265 NA NA NA NA NA 
1742162400.0 2017.6 442 0 199 157 NA NA NA NA NA 611 0 293 236 NA NA NA NA NA 548 269 348 211 NA NA NA NA NA 570 320 474 242 NA NA NA NA NA 
1742162400.0 2017.7 433 0 194 156 NA NA NA NA NA 603 0 277 237 NA NA NA NA NA 558 205 326 211 NA NA NA NA NA 551 255 345 266 NA NA NA NA NA 
1742162400.0 2017.8 217 NA NA NA NA NA NA NA NA 307 NA NA NA NA NA NA NA NA 344 NA NA NA NA NA NA NA NA 250 NA NA NA NA NA NA NA NA 
1742162400.0 2017.9 479 0 197 153 NA NA NA NA NA 623 0 284 224 NA NA NA NA NA 487 293 322 186 NA NA NA NA NA 524 461 388 248 NA NA NA NA NA 
1742162400.0 2018.1 490 0 197 161 NA NA NA NA NA 613 0 301 238 NA NA NA NA NA 580 275 341 232 NA NA NA NA NA 649 352 416 291 NA NA NA NA NA 
1742162400.0 2018.11 490 0 206 161 NA NA NA NA NA 628 0 319 240 NA NA NA NA NA 655 274 432 229 NA NA NA NA NA 467 407 413 248 NA NA NA NA NA 
1742162400.0 2018.12 482 0 198 160 NA NA NA NA NA 632 0 306 235 NA NA NA NA NA 504 201 371 189 NA NA NA NA NA 491 292 412 242 NA NA NA NA NA 
1742162400.0 2018.13 499 0 NA NA NA NA NA NA NA 627 0 NA NA NA NA NA NA NA 576 467 NA NA NA NA NA NA NA 469 720 NA NA NA NA NA NA NA 
1742162400.0 2018.2 369 0 185 156 NA NA NA NA NA 515 0 266 227 NA NA NA NA NA 492 261 337 183 NA NA NA NA NA 587 384 390 217 NA NA NA NA NA 
1742162400.0 2018.3 406 0 190 156 NA NA NA NA NA 515 0 277 233 NA NA NA NA NA 480 245 311 188 NA NA NA NA NA 562 412 373 233 NA NA NA NA NA 
1742162400.0 2018.4 480 0 195 159 NA NA NA NA NA 623 0 295 237 NA NA NA NA NA 519 238 345 187 NA NA NA NA NA 553 319 390 246 NA NA NA NA NA 
1742162400.0 2018.5 475 0 192 158 NA NA NA NA NA 621 0 280 236 NA NA NA NA NA 516 228 340 202 NA NA NA NA NA 581 285 384 255 NA NA NA NA NA 
1742162400.0 2018.6 486 0 158 159 NA NA NA NA NA 617 0 304 233 NA NA NA NA NA 566 210 339 201 NA NA NA NA NA 657 251 403 269 NA NA NA NA NA 
1742162400.0 2018.7 476 0 192 157 NA NA NA NA NA 607 0 280 232 NA NA NA NA NA 505 220 379 197 NA NA NA NA NA 539 341 462 256 NA NA NA NA NA 
1742162400.0 2018.8 215 NA NA NA NA NA NA NA NA 307 NA NA NA NA NA NA NA NA 389 NA NA NA NA NA NA NA NA 234 NA NA NA NA NA NA NA NA 
1742162400.0 2018.9 479 0 194 157 NA NA NA NA NA 618 0 276 233 NA NA NA NA NA 531 263 334 204 NA NA NA NA NA 458 317 394 235 NA NA NA NA NA 
1742162400.0 202.0 NA 247 421 0 NA NA NA NA NA NA 355 642 0 NA NA NA NA NA NA 298 909 247 NA NA NA NA NA NA 388 855 265 NA NA NA NA NA 
1742162400.0 203.0 NA 262 452 0 NA NA NA NA NA NA 361 615 0 NA NA NA NA NA NA 311 909 236 NA NA NA NA NA NA 370 878 320 NA NA NA NA NA 
1742162400.0 204.0 159 239 410 0 NA NA NA NA NA 260 332 592 0 NA NA NA NA NA 798 271 832 236 NA NA NA NA NA 472 323 800 318 NA NA NA NA NA 
1742162400.0 205.0 NA 261 446 0 NA NA NA NA NA NA 347 593 0 NA NA NA NA NA NA 319 876 212 NA NA NA NA NA NA 302 844 248 NA NA NA NA NA 
1742162400.0 20834.0 NA 612 534 0 216 NA NA NA NA NA 797 770 0 297 NA NA NA NA NA 765 1098 328 317 NA NA NA NA NA 452 883 351 304 NA NA NA NA 
1742162400.0 20834.501 NA 612 288 0 NA NA NA NA NA NA 791 744 0 NA NA NA NA NA NA 974 432 238 NA NA NA NA NA NA 568 396 278 NA NA NA NA NA 
1742162400.0 20834.502 NA 606 317 0 NA NA NA NA NA NA 799 746 0 NA NA NA NA NA NA 1057 501 205 NA NA NA NA NA NA 828 557 233 NA NA NA NA NA 
1742162400.0 21.0 NA 180 348 0 NA NA NA NA NA NA 254 499 0 NA NA NA NA NA NA 698 1179 289 NA NA NA NA NA NA 311 887 335 NA NA NA NA NA 
1742162400.0 22.0 NA 195 341 0 NA NA NA NA NA NA 264 500 0 NA NA NA NA NA NA 806 1259 297 NA NA NA NA NA NA 418 942 366 NA NA NA NA NA 
1742162400.0 22034.0 170 530 567 0 207 NA NA NA NA 246 670 755 0 297 NA NA NA NA 2268 937 1129 386 362 NA NA NA NA 1568 485 879 418 368 NA NA NA NA 
1742162400.0 22434.0 180 493 570 0 206 NA NA NA NA 255 660 756 0 296 NA NA NA NA 2211 859 1246 358 387 NA NA NA NA 1192 471 1110 410 445 NA NA NA NA 
1742162400.0 22834.0 176 529 578 0 205 NA NA NA NA 253 686 744 0 290 NA NA NA NA 1961 788 1199 344 324 NA NA NA NA 980 431 957 387 470 NA NA NA NA 
1742162400.0 23.0 NA 207 388 0 NA NA NA NA NA NA 292 543 0 NA NA NA NA NA NA 668 1125 276 NA NA NA NA NA NA 287 762 298 NA NA NA NA NA 
1742162400.0 23234.0 180 555 568 0 207 NA NA NA NA 257 686 764 0 316 NA NA NA NA 3455 924 1461 455 392 NA NA NA NA 1797 569 1152 522 391 NA NA NA NA 
1742162400.0 23634.0 NA 616 570 0 217 NA NA NA NA NA 810 743 0 297 NA NA NA NA NA 767 1023 321 312 NA NA NA NA NA 428 744 343 323 NA NA NA NA 
1742162400.0 24.0 NA 208 396 0 NA NA NA NA NA NA 292 590 0 NA NA NA NA NA NA 711 1442 298 NA NA NA NA NA NA 309 806 312 NA NA NA NA NA 
1742162400.0 24034.0 NA 543 511 0 215 NA NA NA NA NA 666 747 0 304 NA NA NA NA NA 672 1005 306 306 NA NA NA NA NA 369 971 338 275 NA NA NA NA 
1742162400.0 24434.0 172 536 564 0 206 NA NA NA NA 250 663 764 0 284 NA NA NA NA 2213 938 1355 389 336 NA NA NA NA 1161 521 1047 445 357 NA NA NA NA 
1742162400.0 24834.0 NA 621 546 0 221 NA NA NA NA NA 787 762 0 310 NA NA NA NA NA 787 1065 320 317 NA NA NA NA NA 477 918 348 295 NA NA NA NA 
1742162400.0 24834.103 NA 624 593 0 217 NA NA NA NA NA 808 810 0 310 NA NA NA NA NA 1058 1112 319 313 NA NA NA NA NA 557 838 339 292 NA NA NA NA 
1742162400.0 24834.21 NA 419 314 245 NA NA NA NA NA NA 623 452 353 NA NA NA NA NA NA 869 553 467 NA NA NA NA NA NA 446 412 460 NA NA NA NA NA 
1742162400.0 24834.5 NA 606 220 0 NA NA NA NA NA NA 818 305 0 NA NA NA NA NA NA 1027 421 157 NA NA NA NA NA NA 806 423 190 NA NA NA NA NA 
1742162400.0 24834.9 NA 620 539 0 217 NA NA NA NA NA 798 769 0 305 NA NA NA NA NA 787 1049 315 321 NA NA NA NA NA 501 821 335 376 NA NA NA NA 
1742162400.0 24834.911 182 605 596 0 208 NA NA NA NA 272 767 779 0 290 NA NA NA NA 5270 2925 3045 945 362 NA NA NA NA 4764 3562 2498 1341 494 NA NA NA NA 
1742162400.0 24896.0 NA 577 514 0 203 NA NA NA NA NA 708 639 0 296 NA NA NA NA NA 708 826 206 275 NA NA NA NA NA 475 709 237 281 NA NA NA NA 
1742162400.0 24900.0 NA 521 511 0 203 NA NA NA NA NA 707 628 0 293 NA NA NA NA NA 724 813 203 274 NA NA NA NA NA 493 685 223 320 NA NA NA NA 
1742162400.0 25.0 NA 208 422 0 129 NA NA NA NA NA 302 613 0 186 NA NA NA NA NA 736 1654 310 126 NA NA NA NA NA 345 927 332 154 NA NA NA NA 
1742162400.0 2500.0 NA 227 0 NA NA NA NA NA NA NA 324 0 NA NA NA NA NA NA NA 11799 83 NA NA NA NA NA NA NA 6863 104 NA NA NA NA NA NA 
1742162400.0 2500.001 NA 278 0 NA NA NA NA NA NA NA 495 0 NA NA NA NA NA NA NA 13692 107 NA NA NA NA NA NA NA 7766 135 NA NA NA NA NA NA 
1742162400.0 2500.002 NA 276 0 NA NA NA NA NA NA NA 481 0 NA NA NA NA NA NA NA 13072 74 NA NA NA NA NA NA NA 5275 113 NA NA NA NA NA NA 
1742162400.0 2500.01 NA 239 0 NA NA NA NA NA NA NA 345 0 NA NA NA NA NA NA NA 5242 61 NA NA NA NA NA NA NA 1785 79 NA NA NA NA NA NA 
1742162400.0 2500.011 NA 258 0 NA NA NA NA NA NA NA 368 0 NA NA NA NA NA NA NA 11595 80 NA NA NA NA NA NA NA 3748 100 NA NA NA NA NA NA 
1742162400.0 2500.012 NA 226 0 NA NA NA NA NA NA NA 353 0 NA NA NA NA NA NA NA 8440 89 NA NA NA NA NA NA NA 3410 113 NA NA NA NA NA NA 
1742162400.0 2500.1 NA 210 0 NA NA NA NA NA NA NA 328 0 NA NA NA NA NA NA NA 12087 94 NA NA NA NA NA NA NA 7207 133 NA NA NA NA NA NA 
1742162400.0 2500.2 NA 202 0 NA NA NA NA NA NA NA 313 0 NA NA NA NA NA NA NA 10717 89 NA NA NA NA NA NA NA 4139 129 NA NA NA NA NA NA 
1742162400.0 2500.21 NA 236 0 NA NA NA NA NA NA NA 393 0 NA NA NA NA NA NA NA 14108 92 NA NA NA NA NA NA NA 7846 153 NA NA NA NA NA NA 
1742162400.0 2500.211 NA 238 0 NA NA NA NA NA NA NA 320 0 NA NA NA NA NA NA NA 1646 85 NA NA NA NA NA NA NA 721 127 NA NA NA NA NA NA 
1742162400.0 2500.3 NA 197 0 NA NA NA NA NA NA NA 304 0 NA NA NA NA NA NA NA 4448 61 NA NA NA NA NA NA NA 2496 77 NA NA NA NA NA NA 
1742162400.0 2500.31 NA 249 0 NA NA NA NA NA NA NA 401 0 NA NA NA NA NA NA NA 2844 61 NA NA NA NA NA NA NA 1989 83 NA NA NA NA NA NA 
1742162400.0 2500.311 NA 247 0 NA NA NA NA NA NA NA 331 0 NA NA NA NA NA NA NA 727 86 NA NA NA NA NA NA NA 681 120 NA NA NA NA NA NA 
1742162400.0 2500.4 NA 196 0 NA NA NA NA NA NA NA 303 0 NA NA NA NA NA NA NA 4437 68 NA NA NA NA NA NA NA 2462 93 NA NA NA NA NA NA 
1742162400.0 2500.5 NA 134 NA NA NA NA NA NA NA NA 214 NA NA NA NA NA NA NA NA 137 NA NA NA NA NA NA NA NA 194 NA NA NA NA NA NA NA 
1742162400.0 2500.51 139 NA NA NA NA NA NA NA NA 200 NA NA NA NA NA NA NA NA 182 NA NA NA NA NA NA NA NA 248 NA NA NA NA NA NA NA NA 
1742162400.0 250199.0 339 NA NA NA NA NA NA NA NA 557 NA NA NA NA NA NA NA NA 1163 NA NA NA NA NA NA NA NA 947 NA NA NA NA NA NA NA NA 
1742162400.0 250199.17 388 NA NA NA NA NA NA NA NA 560 NA NA NA NA NA NA NA NA 1234 NA NA NA NA NA NA NA NA 828 NA NA NA NA NA NA NA NA 
1742162400.0 250199.18 433 NA NA NA NA NA NA NA NA 649 NA NA NA NA NA NA NA NA 1875 NA NA NA NA NA NA NA NA 1160 NA NA NA NA NA NA NA NA 
1742162400.0 250200.0 NA 437 493 0 NA NA NA NA NA NA 593 656 0 NA NA NA NA NA NA 1887 989 215 NA NA NA NA NA NA 821 731 238 NA NA NA NA NA 
1742162400.0 250200.1 162 412 357 NA NA NA NA NA NA 256 558 531 NA NA NA NA NA NA 947 390 992 NA NA NA NA NA NA 527 439 821 NA NA NA NA NA NA 
1742162400.0 250200.117 140 498 377 NA NA NA NA NA NA 214 624 550 NA NA NA NA NA NA 1152 1411 900 NA NA NA NA NA NA 633 658 747 NA NA NA NA NA NA 
1742162400.0 250200.118 134 535 404 164 NA NA NA NA NA 209 725 569 243 NA NA NA NA NA 857 1109 847 170 NA NA NA NA NA 456 569 568 191 NA NA NA NA NA 
1742162400.0 250200.17 NA 512 530 0 NA NA NA NA NA NA 705 806 0 NA NA NA NA NA NA 3171 1209 310 NA NA NA NA NA NA 1195 863 419 NA NA NA NA NA 
1742162400.0 250200.18 NA 559 592 0 NA NA NA NA NA NA 802 832 0 NA NA NA NA NA NA 3708 1242 383 NA NA NA NA NA NA 1776 1009 447 NA NA NA NA NA 
1742162400.0 250200.182 139 559 601 0 NA NA NA NA NA 216 792 844 0 NA NA NA NA NA 895 1112 1304 253 NA NA NA NA NA 488 607 818 270 NA NA NA NA NA 
1742162400.0 250202.0 NA 436 502 0 NA NA NA NA NA NA 611 702 0 NA NA NA NA NA NA 2005 1058 233 NA NA NA NA NA NA 854 711 250 NA NA NA NA NA 
1742162400.0 250202.1 NA 389 425 488 0 NA NA NA NA NA 547 608 689 0 NA NA NA NA NA 963 2524 1423 326 NA NA NA NA NA 724 877 1065 387 NA NA NA NA 
1742162400.0 250202.118 138 542 413 164 NA NA NA NA NA 217 746 594 237 NA NA NA NA NA 1066 1126 843 182 NA NA NA NA NA 511 607 522 227 NA NA NA NA NA 
1742162400.0 250202.17 NA 532 572 0 NA NA NA NA NA NA 718 792 0 NA NA NA NA NA NA 4128 1439 328 NA NA NA NA NA NA 1462 1038 358 NA NA NA NA NA 
1742162400.0 250202.171 NA 391 507 576 0 NA NA NA NA NA 569 686 811 0 NA NA NA NA NA 1353 3474 1395 338 NA NA NA NA NA 1424 1086 1026 379 NA NA NA NA 
1742162400.0 250202.172 NA 526 559 0 NA NA NA NA NA NA 738 826 0 NA NA NA NA NA NA 3179 1590 338 NA NA NA NA NA NA 1443 1231 380 NA NA NA NA NA 
1742162400.0 250202.18 NA 582 610 0 NA NA NA NA NA NA 805 867 0 NA NA NA NA NA NA 3667 1861 394 NA NA NA NA NA NA 1401 1171 432 NA NA NA NA NA 
1742162400.0 250202.181 NA 459 578 605 0 NA NA NA NA NA 681 805 859 0 NA NA NA NA NA 1856 4214 1582 331 NA NA NA NA NA 1157 1399 1054 378 NA NA NA NA 
1742162400.0 250202.182 139 554 633 0 NA NA NA NA NA 218 779 880 0 NA NA NA NA NA 1130 1471 1936 380 NA NA NA NA NA 625 722 1253 423 NA NA NA NA NA 
1742162400.0 250202.183 142 565 627 0 NA NA NA NA NA 221 776 906 0 NA NA NA NA NA 1201 1231 2024 606 NA NA NA NA NA 699 700 1260 713 NA NA NA NA NA 
1742162400.0 250202.184 NA 421 573 625 0 NA NA NA NA NA 622 813 870 0 NA NA NA NA NA 1906 4717 1766 331 NA NA NA NA NA 1247 1413 1072 414 NA NA NA NA 
1742162400.0 250202.2 NA 436 476 0 NA NA NA NA NA NA 611 648 0 NA NA NA NA NA NA 4836 1197 285 NA NA NA NA NA NA 1810 1000 313 NA NA NA NA NA 
1742162400.0 250202.3 NA 387 431 486 0 NA NA NA NA NA 559 584 670 0 NA NA NA NA NA 958 4635 1222 357 NA NA NA NA NA 878 1435 876 411 NA NA NA NA 
1742162400.0 250202.4 NA 450 487 0 NA NA NA NA NA NA 591 701 0 NA NA NA NA NA NA 3978 1378 287 NA NA NA NA NA NA 1387 1074 314 NA NA NA NA NA 
1742162400.0 250202.5 NA 384 426 486 0 NA NA NA NA NA 565 578 692 0 NA NA NA NA NA 971 4586 1259 321 NA NA NA NA NA 829 1381 944 419 NA NA NA NA 
1742162400.0 250203.0 NA 427 486 0 NA NA NA NA NA NA 601 676 0 NA NA NA NA NA NA 1934 952 215 NA NA NA NA NA NA 881 683 242 NA NA NA NA NA 
1742162400.0 250203.17 NA 523 565 0 NA NA NA NA NA NA 715 742 0 NA NA NA NA NA NA 2862 1028 252 NA NA NA NA NA NA 1213 754 274 NA NA NA NA NA 
1742162400.0 250203.18 NA 562 552 0 NA NA NA NA NA NA 797 798 0 NA NA NA NA NA NA 4211 1537 348 NA NA NA NA NA NA 1549 989 390 NA NA NA NA NA 
1742162400.0 250204.0 NA 415 507 0 NA NA NA NA NA NA 622 692 0 NA NA NA NA NA NA 1966 1033 241 NA NA NA NA NA NA 895 737 259 NA NA NA NA NA 
1742162400.0 250204.17 NA 526 584 0 NA NA NA NA NA NA 713 808 0 NA NA NA NA NA NA 2859 1099 269 NA NA NA NA NA NA 1215 758 349 NA NA NA NA NA 
1742162400.0 250204.18 NA 563 607 0 NA NA NA NA NA NA 776 849 0 NA NA NA NA NA NA 3657 1776 367 NA NA NA NA NA NA 1496 1269 517 NA NA NA NA NA 
1742162400.0 250205.0 NA 430 497 0 NA NA NA NA NA NA 612 654 0 NA NA NA NA NA NA 1957 976 209 NA NA NA NA NA NA 988 731 227 NA NA NA NA NA 
1742162400.0 250205.17 NA 505 565 0 NA NA NA NA NA NA 685 770 0 NA NA NA NA NA NA 3402 1294 356 NA NA NA NA NA NA 1248 993 503 NA NA NA NA NA 
1742162400.0 250205.18 NA 560 597 0 NA NA NA NA NA NA 775 854 0 NA NA NA NA NA NA 3610 1646 337 NA NA NA NA NA NA 1496 1027 400 NA NA NA NA NA 
1742162400.0 250206.0 NA 434 487 0 NA NA NA NA NA NA 623 674 0 NA NA NA NA NA NA 1951 971 265 NA NA NA NA NA NA 844 741 280 NA NA NA NA NA 
1742162400.0 250206.118 133 513 403 164 NA NA NA NA NA 209 659 574 245 NA NA NA NA NA 522 1027 648 161 NA NA NA NA NA 363 559 470 170 NA NA NA NA NA 
1742162400.0 250206.17 NA 516 539 0 NA NA NA NA NA NA 708 786 0 NA NA NA NA NA NA 2955 1299 387 NA NA NA NA NA NA 1304 1049 417 NA NA NA NA NA 
1742162400.0 250206.18 NA 565 660 0 NA NA NA NA NA NA 796 900 0 NA NA NA NA NA NA 3726 1487 370 NA NA NA NA NA NA 1694 1206 401 NA NA NA NA NA 
1742162400.0 250206.181 NA 470 570 648 0 NA NA NA NA NA 652 795 894 0 NA NA NA NA NA 1889 4087 1479 348 NA NA NA NA NA 932 1290 1030 384 NA NA NA NA 
1742162400.0 250206.182 138 535 642 0 NA NA NA NA NA 215 691 872 0 NA NA NA NA NA 520 991 940 296 NA NA NA NA NA 393 549 777 390 NA NA NA NA NA 
1742162400.0 250207.0 NA 428 479 0 NA NA NA NA NA NA 600 644 0 NA NA NA NA NA NA 1809 923 177 NA NA NA NA NA NA 805 751 194 NA NA NA NA NA 
1742162400.0 250207.17 NA 507 553 0 NA NA NA NA NA NA 685 753 0 NA NA NA NA NA NA 2677 925 204 NA NA NA NA NA NA 1056 695 221 NA NA NA NA NA 
1742162400.0 250207.18 NA 562 588 0 NA NA NA NA NA NA 796 790 0 NA NA NA NA NA NA 3339 1413 281 NA NA NA NA NA NA 1288 1075 359 NA NA NA NA NA 
1742162400.0 250208.17 NA 524 578 0 NA NA NA NA NA NA 745 834 0 NA NA NA NA NA NA 3120 1363 297 NA NA NA NA NA NA 1600 829 321 NA NA NA NA NA 
1742162400.0 250208.18 NA 570 626 0 NA NA NA NA NA NA 844 935 0 NA NA NA NA NA NA 3987 2158 402 NA NA NA NA NA NA 1763 1257 435 NA NA NA NA NA 
1742162400.0 25034.114 NA 1427 1960 0 NA NA NA NA NA NA 1899 3029 0 NA NA NA NA NA NA 6269 18391 445 NA NA NA NA NA NA 4038 11586 556 NA NA NA NA NA 
1742162400.0 25034.21 NA 874 769 301 NA NA NA NA NA NA 1281 1157 443 NA NA NA NA NA NA 5945 4126 809 NA NA NA NA NA NA 3021 1385 515 NA NA NA NA NA 
1742162400.0 25034.99 NA 1089 1312 1194 0 NA NA NA NA NA 1488 1807 1759 0 NA NA NA NA NA 4112 2824 12306 389 NA NA NA NA NA 3271 2190 4697 433 NA NA NA NA 
1742162400.0 25034.9921 NA 909 925 647 301 NA NA NA NA NA 1366 1241 1029 433 NA NA NA NA NA 3538 1917 3867 738 NA NA NA NA NA 3161 761 1341 455 NA NA NA NA 
1742162400.0 25034.999 NA 488 917 752 0 NA NA NA NA NA 775 1186 974 0 NA NA NA NA NA 1581 1416 3124 437 NA NA NA NA NA 2039 685 1473 528 NA NA NA NA 
1742162400.0 250399.0 297 NA NA NA NA NA NA NA NA 403 NA NA NA NA NA NA NA NA 384 NA NA NA NA NA NA NA NA 532 NA NA NA NA NA NA NA NA 
1742162400.0 250399.17 357 NA NA NA NA NA NA NA NA 461 NA NA NA NA NA NA NA NA 544 NA NA NA NA NA NA NA NA 605 NA NA NA NA NA NA NA NA 
1742162400.0 250399.18 356 NA NA NA NA NA NA NA NA 474 NA NA NA NA NA NA NA NA 521 NA NA NA NA NA NA NA NA 540 NA NA NA NA NA NA NA NA 
1742162400.0 250400.0 453 0 197 NA NA NA NA NA NA 606 0 293 NA NA NA NA NA NA 543 203 330 NA NA NA NA NA NA 789 238 428 NA NA NA NA NA NA 
1742162400.0 250400.17 485 0 203 NA NA NA NA NA NA 676 0 295 NA NA NA NA NA NA 621 244 308 NA NA NA NA NA NA 797 284 330 NA NA NA NA NA NA 
1742162400.0 250400.18 487 0 199 NA NA NA NA NA NA 677 0 289 NA NA NA NA NA NA 645 271 369 NA NA NA NA NA NA 868 299 430 NA NA NA NA NA NA 
1742162400.0 250402.0 456 0 201 NA NA NA NA NA NA 599 0 312 NA NA NA NA NA NA 544 235 356 NA NA NA NA NA NA 684 274 389 NA NA NA NA NA NA 
1742162400.0 250402.1 301 442 0 NA NA NA NA NA NA 403 590 0 NA NA NA NA NA NA 428 579 206 NA NA NA NA NA NA 561 487 282 NA NA NA NA NA NA 
1742162400.0 250402.17 525 0 208 NA NA NA NA NA NA 685 0 307 NA NA NA NA NA NA 682 245 405 NA NA NA NA NA NA 864 279 500 NA NA NA NA NA NA 
1742162400.0 250402.171 355 498 0 NA NA NA NA NA NA 458 644 0 NA NA NA NA NA NA 517 684 225 NA NA NA NA NA NA 567 608 246 NA NA NA NA NA NA 
1742162400.0 250402.18 536 0 208 NA NA NA NA NA NA 699 0 318 NA NA NA NA NA NA 645 282 323 NA NA NA NA NA NA 691 399 326 NA NA NA NA NA NA 
1742162400.0 250402.181 322 530 0 NA NA NA NA NA NA 474 662 0 NA NA NA NA NA NA 534 714 211 NA NA NA NA NA NA 592 649 286 NA NA NA NA NA NA 
1742162400.0 250403.0 455 0 201 NA NA NA NA NA NA 602 0 295 NA NA NA NA NA NA 446 190 334 NA NA NA NA NA NA 593 223 379 NA NA NA NA NA NA 
1742162400.0 250403.17 521 0 202 NA NA NA NA NA NA 663 0 301 NA NA NA NA NA NA 636 228 311 NA NA NA NA NA NA 813 343 345 NA NA NA NA NA NA 
1742162400.0 250403.18 531 0 200 NA NA NA NA NA NA 666 0 295 NA NA NA NA NA NA 691 217 335 NA NA NA NA NA NA 843 273 391 NA NA NA NA NA NA 
1742162400.0 250405.0 460 0 196 NA NA NA NA NA NA 629 0 290 NA NA NA NA NA NA 430 190 336 NA NA NA NA NA NA 554 256 373 NA NA NA NA NA NA 
1742162400.0 250405.17 524 0 205 NA NA NA NA NA NA 658 0 297 NA NA NA NA NA NA 625 244 366 NA NA NA NA NA NA 780 336 437 NA NA NA NA NA NA 
1742162400.0 250405.18 530 0 202 NA NA NA NA NA NA 680 0 297 NA NA NA NA NA NA 596 201 315 NA NA NA NA NA NA 702 331 341 NA NA NA NA NA NA 
1742162400.0 250406.0 451 0 202 NA NA NA NA NA NA 591 0 303 NA NA NA NA NA NA 482 266 294 NA NA NA NA NA NA 730 301 328 NA NA NA NA NA NA 
1742162400.0 250406.17 526 0 203 NA NA NA NA NA NA 668 0 310 NA NA NA NA NA NA 546 300 296 NA NA NA NA NA NA 819 343 331 NA NA NA NA NA NA 
1742162400.0 250406.18 530 0 202 NA NA NA NA NA NA 685 0 299 NA NA NA NA NA NA 614 260 296 NA NA NA NA NA NA 827 288 336 NA NA NA NA NA NA 
1742162400.0 250407.0 381 0 191 NA NA NA NA NA NA 514 0 266 NA NA NA NA NA NA 474 135 297 NA NA NA NA NA NA 658 229 314 NA NA NA NA NA NA 
1742162400.0 250407.17 452 0 205 NA NA NA NA NA NA 608 0 287 NA NA NA NA NA NA 554 136 300 NA NA NA NA NA NA 759 196 324 NA NA NA NA NA NA 
1742162400.0 250407.18 459 0 192 NA NA NA NA NA NA 596 0 273 NA NA NA NA NA NA 558 142 310 NA NA NA NA NA NA 805 184 367 NA NA NA NA NA NA 
1742162400.0 250408.0 452 0 200 NA NA NA NA NA NA 573 0 309 NA NA NA NA NA NA 586 185 312 NA NA NA NA NA NA 693 233 330 NA NA NA NA NA NA 
1742162400.0 250408.17 530 0 207 NA NA NA NA NA NA 662 0 326 NA NA NA NA NA NA 661 226 376 NA NA NA NA NA NA 846 263 410 NA NA NA NA NA NA 
1742162400.0 250408.18 534 0 206 NA NA NA NA NA NA 698 0 314 NA NA NA NA NA NA 676 217 321 NA NA NA NA NA NA 856 274 319 NA NA NA NA NA NA 
1742162400.0 250409.0 468 0 211 NA NA NA NA NA NA 607 0 353 NA NA NA NA NA NA 681 253 388 NA NA NA NA NA NA 773 353 356 NA NA NA NA NA NA 
1742162400.0 250409.17 496 0 217 NA NA NA NA NA NA 682 0 355 NA NA NA NA NA NA 769 252 440 NA NA NA NA NA NA 874 312 474 NA NA NA NA NA NA 
1742162400.0 250409.18 539 0 212 NA NA NA NA NA NA 702 0 345 NA NA NA NA NA NA 774 297 431 NA NA NA NA NA NA 815 335 429 NA NA NA NA NA NA 
1742162400.0 25061.97 1087 NA NA NA NA NA NA NA NA 1528 NA NA NA NA NA NA NA NA 3944 NA NA NA NA NA NA NA NA 1945 NA NA NA NA NA NA NA NA 
1742162400.0 25200.0 NA 421 661 0 162 NA NA NA NA NA 572 844 0 235 NA NA NA NA NA 761 1195 203 166 NA NA NA NA NA 521 1023 218 173 NA NA NA NA 
1742162400.0 25202.0 NA 424 615 0 161 NA NA NA NA NA 559 965 0 236 NA NA NA NA NA 754 1252 244 171 NA NA NA NA NA 546 1068 275 181 NA NA NA NA 
1742162400.0 25202.1 NA 418 634 0 NA NA NA NA NA NA 624 904 0 NA NA NA NA NA NA 1011 1162 245 NA NA NA NA NA NA 670 1016 322 NA NA NA NA NA 
1742162400.0 25202.15 NA 418 651 0 176 NA NA NA NA NA 571 862 0 258 NA NA NA NA NA 751 1260 235 200 NA NA NA NA NA 562 962 272 203 NA NA NA NA 
1742162400.0 25202.2 NA 437 652 0 NA NA NA NA NA NA 634 903 0 NA NA NA NA NA NA 1005 1178 237 NA NA NA NA NA NA 653 899 258 NA NA NA NA NA 
1742162400.0 25203.0 NA 425 612 0 161 NA NA NA NA NA 573 825 0 237 NA NA NA NA NA 795 1262 214 166 NA NA NA NA NA 649 1089 230 175 NA NA NA NA 
1742162400.0 25204.0 NA 424 648 0 NA NA NA NA NA NA 581 865 0 NA NA NA NA NA NA 769 1186 237 NA NA NA NA NA NA 566 979 284 NA NA NA NA NA 
1742162400.0 25205.0 NA 435 649 0 162 NA NA NA NA NA 593 823 0 236 NA NA NA NA NA 786 1163 219 167 NA NA NA NA NA 576 964 278 173 NA NA NA NA 
1742162400.0 25206.0 NA 442 691 0 162 NA NA NA NA NA 594 927 0 237 NA NA NA NA NA 779 1217 264 170 NA NA NA NA NA 509 984 284 182 NA NA NA NA 
1742162400.0 25207.0 NA 408 626 0 NA NA NA NA NA NA 572 870 0 NA NA NA NA NA NA 737 1138 174 NA NA NA NA NA NA 517 1025 192 NA NA NA NA NA 
1742162400.0 25208.0 NA 396 682 0 NA NA NA NA NA NA 593 919 0 NA NA NA NA NA NA 824 1484 256 NA NA NA NA NA NA 606 1095 346 NA NA NA NA NA 
1742162400.0 25209.0 NA 421 651 0 160 NA NA NA NA NA 586 893 0 234 NA NA NA NA NA 750 1215 214 172 NA NA NA NA NA 502 940 240 187 NA NA NA NA 
1742162400.0 25210.0 154 417 628 0 NA NA NA NA NA 246 561 844 0 NA NA NA NA NA 1369 364 896 218 NA NA NA NA NA 722 368 802 239 NA NA NA NA NA 
1742162400.0 25211.0 161 416 637 0 NA NA NA NA NA 264 581 920 0 NA NA NA NA NA 3936 924 1565 359 NA NA NA NA NA 1924 742 1386 447 NA NA NA NA NA 
1742162400.0 25211.17 139 476 709 0 NA NA NA NA NA 225 628 977 0 NA NA NA NA NA 3916 1570 1527 347 NA NA NA NA NA 1928 719 1255 409 NA NA NA NA NA 
1742162400.0 25211.18 134 566 824 0 NA NA NA NA NA 228 745 1136 0 NA NA NA NA NA 4034 1958 2011 341 NA NA NA NA NA 1484 875 1353 390 NA NA NA NA NA 
1742162400.0 25212.0 166 425 658 0 NA NA NA NA NA 263 573 900 0 NA NA NA NA NA 4238 1024 1661 418 NA NA NA NA NA 1924 664 1288 473 NA NA NA NA NA 
1742162400.0 25212.17 142 491 717 0 NA NA NA NA NA 229 626 1007 0 NA NA NA NA NA 5038 1632 1616 353 NA NA NA NA NA 1723 819 1242 393 NA NA NA NA NA 
1742162400.0 25212.18 142 540 803 0 NA NA NA NA NA 230 724 1089 0 NA NA NA NA NA 4680 1939 1890 396 NA NA NA NA NA 1670 876 1406 446 NA NA NA NA NA 
1742162400.0 25213.0 164 416 650 0 NA NA NA NA NA 262 573 915 0 NA NA NA NA NA 4658 994 1556 315 NA NA NA NA NA 1573 588 1261 408 NA NA NA NA NA 
1742162400.0 25213.17 138 483 719 0 NA NA NA NA NA 226 610 1028 0 NA NA NA NA NA 4720 1514 1626 337 NA NA NA NA NA 1744 734 1319 390 NA NA NA NA NA 
1742162400.0 25213.18 141 535 786 0 NA NA NA NA NA 229 726 1055 0 NA NA NA NA NA 5273 1907 2035 358 NA NA NA NA NA 2207 823 1405 394 NA NA NA NA NA 
1742162400.0 25214.0 NA 420 647 0 NA NA NA NA NA NA 557 947 0 NA NA NA NA NA NA 762 1225 263 NA NA NA NA NA NA 589 917 282 NA NA NA NA NA 
1742162400.0 25215.0 64 160 432 643 0 NA NA NA NA 92 249 585 875 0 NA NA NA NA 23 901 764 1217 217 NA NA NA NA 55 548 487 957 243 NA NA NA NA 
1742162400.0 25215.17 64 142 474 716 0 NA NA NA NA 92 220 632 976 0 NA NA NA NA 28 1204 1680 1739 334 NA NA NA NA 81 599 797 1398 419 NA NA NA NA 
1742162400.0 25215.18 43 142 536 796 0 NA NA NA NA 92 218 732 1100 0 NA NA NA NA 29 1202 2103 2075 298 NA NA NA NA 108 781 882 1437 369 NA NA NA NA 
1742162400.0 25234.0 182 599 568 0 209 NA NA NA NA 257 780 764 0 298 NA NA NA NA 2784 1031 1341 372 357 NA NA NA NA 1400 603 996 398 359 NA NA NA NA 
1742162400.0 25234.911 187 593 531 0 209 NA NA NA NA 276 774 771 0 293 NA NA NA NA 5282 3121 2789 1006 400 NA NA NA NA 4754 3796 3469 1827 601 NA NA NA NA 
1742162400.0 25400.0 549 0 201 NA NA NA NA NA NA 708 0 305 NA NA NA NA NA NA 1074 223 400 NA NA NA NA NA NA 978 296 484 NA NA NA NA NA NA 
1742162400.0 25400.17 596 0 208 NA NA NA NA NA NA 835 0 298 NA NA NA NA NA NA 1718 248 345 NA NA NA NA NA NA 1065 312 410 NA NA NA NA NA NA 
1742162400.0 25400.18 653 0 201 NA NA NA NA NA NA 852 0 305 NA NA NA NA NA NA 1673 248 380 NA NA NA NA NA NA 921 322 431 NA NA NA NA NA NA 
1742162400.0 25402.0 540 0 203 NA NA NA NA NA NA 734 0 305 NA NA NA NA NA NA 1189 252 386 NA NA NA NA NA NA 805 319 401 NA NA NA NA NA NA 
1742162400.0 25402.17 657 0 209 NA NA NA NA NA NA 818 0 326 NA NA NA NA NA NA 1925 282 366 NA NA NA NA NA NA 954 310 389 NA NA NA NA NA NA 
1742162400.0 25402.18 651 0 204 NA NA NA NA NA NA 863 0 309 NA NA NA NA NA NA 1835 284 391 NA NA NA NA NA NA 988 309 429 NA NA NA NA NA NA 
1742162400.0 25403.0 563 0 195 NA NA NA NA NA NA 710 0 286 NA NA NA NA NA NA 802 220 318 NA NA NA NA NA NA 597 245 363 NA NA NA NA NA NA 
1742162400.0 25403.17 653 0 202 NA NA NA NA NA NA 823 0 290 NA NA NA NA NA NA 1513 214 398 NA NA NA NA NA NA 861 295 443 NA NA NA NA NA NA 
1742162400.0 25403.18 648 0 201 NA NA NA NA NA NA 835 0 302 NA NA NA NA NA NA 1744 192 363 NA NA NA NA NA NA 1025 214 401 NA NA NA NA NA NA 
1742162400.0 25405.0 558 0 198 NA NA NA NA NA NA 740 0 307 NA NA NA NA NA NA 1049 214 352 NA NA NA NA NA NA 875 266 431 NA NA NA NA NA NA 
1742162400.0 25405.17 650 0 204 NA NA NA NA NA NA 818 0 295 NA NA NA NA NA NA 1691 239 383 NA NA NA NA NA NA 943 337 425 NA NA NA NA NA NA 
1742162400.0 25405.18 655 0 206 NA NA NA NA NA NA 816 0 307 NA NA NA NA NA NA 1674 250 360 NA NA NA NA NA NA 1025 273 427 NA NA NA NA NA NA 
1742162400.0 25406.0 544 0 197 NA NA NA NA NA NA 719 0 290 NA NA NA NA NA NA 804 242 282 NA NA NA NA NA NA 884 309 317 NA NA NA NA NA NA 
1742162400.0 25406.17 643 0 199 NA NA NA NA NA NA 800 0 312 NA NA NA NA NA NA 1130 277 372 NA NA NA NA NA NA 944 383 472 NA NA NA NA NA NA 
1742162400.0 25406.18 657 0 201 NA NA NA NA NA NA 824 0 302 NA NA NA NA NA NA 1063 268 348 NA NA NA NA NA NA 736 408 409 NA NA NA NA NA NA 
1742162400.0 25407.0 479 0 203 NA NA NA NA NA NA 620 0 281 NA NA NA NA NA NA 920 152 299 NA NA NA NA NA NA 923 221 308 NA NA NA NA NA NA 
1742162400.0 25407.17 523 0 196 NA NA NA NA NA NA 792 0 278 NA NA NA NA NA NA 1787 172 369 NA NA NA NA NA NA 1045 236 456 NA NA NA NA NA NA 
1742162400.0 25407.18 574 0 195 NA NA NA NA NA NA 749 0 290 NA NA NA NA NA NA 1625 217 343 NA NA NA NA NA NA 970 307 415 NA NA NA NA NA NA 
1742162400.0 25408.0 555 0 208 NA NA NA NA NA NA 746 0 345 NA NA NA NA NA NA 1216 217 410 NA NA NA NA NA NA 830 245 418 NA NA NA NA NA NA 
1742162400.0 25408.17 653 0 218 NA NA NA NA NA NA 868 0 342 NA NA NA NA NA NA 1774 280 445 NA NA NA NA NA NA 951 308 421 NA NA NA NA NA NA 
1742162400.0 25408.18 655 0 213 NA NA NA NA NA NA 916 0 344 NA NA NA NA NA NA 2056 276 410 NA NA NA NA NA NA 1076 314 389 NA NA NA NA NA NA 
1742162400.0 25409.0 551 0 202 NA NA NA NA NA NA 725 0 316 NA NA NA NA NA NA 1156 205 407 NA NA NA NA NA NA 984 282 512 NA NA NA NA NA NA 
1742162400.0 25409.17 633 0 207 NA NA NA NA NA NA 860 0 300 NA NA NA NA NA NA 1794 246 366 NA NA NA NA NA NA 1050 374 408 NA NA NA NA NA NA 
1742162400.0 25409.18 670 0 202 NA NA NA NA NA NA 853 0 311 NA NA NA NA NA NA 1915 261 364 NA NA NA NA NA NA 1038 287 377 NA NA NA NA NA NA 
1742162400.0 25634.0 172 613 591 0 207 NA NA NA NA 248 787 771 0 289 NA NA NA NA 2781 1078 1476 395 362 NA NA NA NA 1513 756 1134 418 371 NA NA NA NA 
1742162400.0 26.0 NA 207 379 0 NA NA NA NA NA NA 283 549 0 NA NA NA NA NA NA 639 1073 211 NA NA NA NA NA NA 286 836 226 NA NA NA NA NA 
1742162400.0 26034.0 183 610 607 0 209 NA NA NA NA 257 796 807 0 298 NA NA NA NA 2684 1024 1302 363 344 NA NA NA NA 1275 570 993 388 394 NA NA NA NA 
1742162400.0 26434.0 172 540 568 0 207 NA NA NA NA 250 671 765 0 286 NA NA NA NA 2265 881 1298 382 407 NA NA NA NA 1293 466 1016 435 448 NA NA NA NA 
1742162400.0 26834.0 177 612 539 0 207 NA NA NA NA 259 772 763 0 294 NA NA NA NA 2021 943 1256 352 304 NA NA NA NA 1005 549 1194 387 384 NA NA NA NA 
1742162400.0 27.0 NA 210 376 0 NA NA NA NA NA NA 288 553 0 NA NA NA NA NA NA 644 1010 264 NA NA NA NA NA NA 304 771 300 NA NA NA NA NA 
1742162400.0 28.0 NA 209 379 0 NA NA NA NA NA NA 296 569 0 NA NA NA NA NA NA 693 1309 220 NA NA NA NA NA NA 304 840 239 NA NA NA NA NA 
1742162400.0 280.0 180 175 347 0 NA NA NA NA NA 331 238 479 0 NA NA NA NA NA 722 156 617 221 NA NA NA NA NA 440 150 597 301 NA NA NA NA NA 
1742162400.0 281.0 184 244 466 0 NA NA NA NA NA 357 323 615 0 NA NA NA NA NA 741 226 711 262 NA NA NA NA NA 586 207 775 297 NA NA NA NA NA 
1742162400.0 29.0 NA 208 382 0 NA NA NA NA NA NA 286 581 0 NA NA NA NA NA NA 645 1106 209 NA NA NA NA NA NA 337 852 231 NA NA NA NA NA 
1742162400.0 3.0 149 176 294 NA NA NA NA NA NA 254 238 433 NA NA NA NA NA NA 1899 178 701 NA NA NA NA NA NA 1043 173 663 NA NA NA NA NA NA 
1742162400.0 30.0 NA 210 387 0 NA NA NA NA NA NA 286 551 0 NA NA NA NA NA NA 661 1152 252 NA NA NA NA NA NA 289 733 268 NA NA NA NA NA 
1742162400.0 300.0 144 253 485 0 NA NA NA NA NA 242 347 662 0 NA NA NA NA NA 563 153 560 231 NA NA NA NA NA 529 257 597 311 NA NA NA NA NA 
1742162400.0 301.0 144 252 476 0 NA NA NA NA NA 246 337 676 0 NA NA NA NA NA 781 152 576 241 NA NA NA NA NA 549 270 655 326 NA NA NA NA NA 
1742162400.0 302.0 146 255 485 0 NA NA NA NA NA 243 339 696 0 NA NA NA NA NA 538 151 547 218 NA NA NA NA NA 510 239 599 242 NA NA NA NA NA 
1742162400.0 31.0 NA 208 387 0 NA NA NA NA NA NA 285 553 0 NA NA NA NA NA NA 785 1441 295 NA NA NA NA NA NA 421 1118 334 NA NA NA NA NA 
1742162400.0 310.0 160 251 472 0 NA NA NA NA NA 251 345 666 0 NA NA NA NA NA 716 137 546 222 NA NA NA NA NA 658 231 633 255 NA NA NA NA NA 
1742162400.0 311.0 162 243 478 0 NA NA NA NA NA 252 325 674 0 NA NA NA NA NA 958 145 543 248 NA NA NA NA NA 695 274 595 348 NA NA NA NA NA 
1742162400.0 312.0 164 254 477 0 NA NA NA NA NA 250 337 669 0 NA NA NA NA NA 693 140 526 242 NA NA NA NA NA 634 208 585 360 NA NA NA NA NA 
1742162400.0 32.0 NA 203 386 0 NA NA NA NA NA NA 295 550 0 NA NA NA NA NA NA 671 1153 235 NA NA NA NA NA NA 342 846 274 NA NA NA NA NA 
1742162400.0 320.0 172 244 469 0 NA NA NA NA NA 262 342 679 0 NA NA NA NA NA 793 157 498 249 NA NA NA NA NA 714 276 579 350 NA NA NA NA NA 
1742162400.0 321.0 172 312 547 0 NA NA NA NA NA 266 418 738 0 NA NA NA NA NA 1067 228 713 248 NA NA NA NA NA 1061 319 630 290 NA NA NA NA NA 
1742162400.0 322.0 172 269 487 0 NA NA NA NA NA 262 364 682 0 NA NA NA NA NA 786 170 547 248 NA NA NA NA NA 738 270 587 274 NA NA NA NA NA 
1742162400.0 33.0 NA 207 366 0 NA NA NA NA NA NA 272 535 0 NA NA NA NA NA NA 781 1193 275 NA NA NA NA NA NA 400 1013 315 NA NA NA NA NA 
1742162400.0 34.0 165 176 345 0 NA NA NA NA NA 258 246 515 0 NA NA NA NA NA 789 160 647 232 NA NA NA NA NA 444 138 624 251 NA NA NA NA NA 
1742162400.0 35.0 NA 207 394 0 NA NA NA NA NA NA 294 557 0 NA NA NA NA NA NA 676 1169 293 NA NA NA NA NA NA 305 824 390 NA NA NA NA NA 
1742162400.0 36.0 NA 202 401 0 NA NA NA NA NA NA 279 606 0 NA NA NA NA NA NA 702 3438 289 NA NA NA NA NA NA 330 1339 336 NA NA NA NA NA 
1742162400.0 37.0 NA 206 383 0 NA NA NA NA NA NA 301 596 0 NA NA NA NA NA NA 707 1584 309 NA NA NA NA NA NA 316 846 324 NA NA NA NA NA 
1742162400.0 38.0 NA 206 397 0 NA NA NA NA NA NA 283 580 0 NA NA NA NA NA NA 884 1849 286 NA NA NA NA NA NA 440 1032 306 NA NA NA NA NA 
1742162400.0 39.0 NA 207 406 0 NA NA NA NA NA NA 294 623 0 NA NA NA NA NA NA 789 2315 263 NA NA NA NA NA NA 353 1044 306 NA NA NA NA NA 
1742162400.0 4.17 NA 90 371 0 251 NA NA NA NA NA 150 546 0 327 NA NA NA NA NA 67 1151 132 424 NA NA NA NA NA 109 868 160 431 NA NA NA NA 
1742162400.0 4.22 NA 199 123 129 0 NA NA NA NA NA 322 190 193 0 NA NA NA NA NA 479 162 134 116 NA NA NA NA NA 512 216 191 158 NA NA NA NA 
1742162400.0 4.23 NA 126 377 0 NA NA NA NA NA NA 186 547 0 NA NA NA NA NA NA 97 1130 172 NA NA NA NA NA NA 193 803 200 NA NA NA NA NA 
1742162400.0 4.24 NA 120 372 0 NA NA NA NA NA NA 182 538 0 NA NA NA NA NA NA 117 1633 201 NA NA NA NA NA NA 140 1152 268 NA NA NA NA NA 
1742162400.0 4.25 NA 121 361 0 NA NA NA NA NA NA 176 550 0 NA NA NA NA NA NA 101 1582 215 NA NA NA NA NA NA 214 1341 263 NA NA NA NA NA 
1742162400.0 4.26 NA 118 383 0 NA NA NA NA NA NA 171 545 0 NA NA NA NA NA NA 129 1914 203 NA NA NA NA NA NA 190 1254 232 NA NA NA NA NA 
1742162400.0 4.27 NA 122 384 0 NA NA NA NA NA NA 181 551 0 NA NA NA NA NA NA 93 1421 180 NA NA NA NA NA NA 140 854 201 NA NA NA NA NA 
1742162400.0 4.28 NA 126 362 0 NA NA NA NA NA NA 191 525 0 NA NA NA NA NA NA 101 1419 840 NA NA NA NA NA NA 296 1445 898 NA NA NA NA NA 
1742162400.0 4.29 NA 97 380 0 252 NA NA NA NA NA 153 564 0 341 NA NA NA NA NA 69 1232 134 433 NA NA NA NA NA 112 811 171 443 NA NA NA NA 
1742162400.0 4.34 NA 126 388 0 NA NA NA NA NA NA 185 560 0 NA NA NA NA NA NA 95 1279 165 NA NA NA NA NA NA 179 871 182 NA NA NA NA NA 
1742162400.0 4.36 NA 121 380 0 NA NA NA NA NA NA 180 547 0 NA NA NA NA NA NA 130 1874 184 NA NA NA NA NA NA 162 1251 248 NA NA NA NA NA 
1742162400.0 4.37 NA 120 391 0 NA NA NA NA NA NA 177 555 0 NA NA NA NA NA NA 101 1984 196 NA NA NA NA NA NA 209 1118 233 NA NA NA NA NA 
1742162400.0 4.4 NA 96 448 0 NA NA NA NA NA NA 160 728 0 NA NA NA NA NA NA 66 1766 196 NA NA NA NA NA NA 141 1074 248 NA NA NA NA NA 
1742162400.0 4.41 NA 95 456 0 NA NA NA NA NA NA 158 741 0 NA NA NA NA NA NA 72 2503 190 NA NA NA NA NA NA 152 1243 251 NA NA NA NA NA 
1742162400.0 4.42 NA 95 470 0 NA NA NA NA NA NA 160 760 0 NA NA NA NA NA NA 68 2169 138 NA NA NA NA NA NA 154 1074 165 NA NA NA NA NA 
1742162400.0 4.43 NA 97 416 0 NA NA NA NA NA NA 166 732 0 NA NA NA NA NA NA 67 1768 160 NA NA NA NA NA NA 155 1254 190 NA NA NA NA NA 
1742162400.0 4.44 NA 95 453 0 NA NA NA NA NA NA 154 727 0 NA NA NA NA NA NA 70 2290 180 NA NA NA NA NA NA 171 1168 241 NA NA NA NA NA 
1742162400.0 4.45 NA 94 469 0 NA NA NA NA NA NA 157 789 0 NA NA NA NA NA NA 68 2334 137 NA NA NA NA NA NA 104 1101 165 NA NA NA NA NA 
1742162400.0 4.51 NA 94 467 0 NA NA NA NA NA NA 154 743 0 NA NA NA NA NA NA 70 2326 170 NA NA NA NA NA NA 145 1209 196 NA NA NA NA NA 
1742162400.0 4.52 NA 93 466 0 NA NA NA NA NA NA 159 776 0 NA NA NA NA NA NA 73 3160 166 NA NA NA NA NA NA 128 1584 194 NA NA NA NA NA 
1742162400.0 4.53 NA 95 469 0 NA NA NA NA NA NA 162 789 0 NA NA NA NA NA NA 67 2298 140 NA NA NA NA NA NA 134 1081 178 NA NA NA NA NA 
1742162400.0 4.54 NA 94 467 0 NA NA NA NA NA NA 162 771 0 NA NA NA NA NA NA 68 2301 135 NA NA NA NA NA NA 127 1114 164 NA NA NA NA NA 
1742162400.0 4.55 NA 94 472 0 NA NA NA NA NA NA 155 790 0 NA NA NA NA NA NA 69 2814 135 NA NA NA NA NA NA 133 1346 163 NA NA NA NA NA 
1742162400.0 4.57 NA 118 473 0 NA NA NA NA NA NA 179 776 0 NA NA NA NA NA NA 96 2669 142 NA NA NA NA NA NA 162 1275 172 NA NA NA NA NA 
1742162400.0 4.58 NA 96 460 0 NA NA NA NA NA NA 154 721 0 NA NA NA NA NA NA 68 2032 192 NA NA NA NA NA NA 111 1132 251 NA NA NA NA NA 
1742162400.0 4.6 NA 368 0 NA NA NA NA NA NA NA 533 0 NA NA NA NA NA NA NA 1476 239 NA NA NA NA NA NA NA 1406 275 NA NA NA NA NA NA 
1742162400.0 4.61 NA 93 466 0 NA NA NA NA NA NA 158 741 0 NA NA NA NA NA NA 71 2853 181 NA NA NA NA NA NA 124 1494 236 NA NA NA NA NA 
1742162400.0 4.62 NA 94 465 0 NA NA NA NA NA NA 158 752 0 NA NA NA NA NA NA 68 2232 140 NA NA NA NA NA NA 147 1051 172 NA NA NA NA NA 
1742162400.0 4.63 NA 92 466 0 NA NA NA NA NA NA 158 779 0 NA NA NA NA NA NA 69 2482 133 NA NA NA NA NA NA 130 1112 150 NA NA NA NA NA 
1742162400.0 4.64 NA 94 467 0 NA NA NA NA NA NA 158 782 0 NA NA NA NA NA NA 69 2376 142 NA NA NA NA NA NA 142 1074 183 NA NA NA NA NA 
1742162400.0 4.65 NA 93 493 0 NA NA NA NA NA NA 158 802 0 NA NA NA NA NA NA 75 3299 138 NA NA NA NA NA NA 189 1379 183 NA NA NA NA NA 
1742162400.0 4.67 NA 119 480 0 NA NA NA NA NA NA 180 778 0 NA NA NA NA NA NA 99 2776 137 NA NA NA NA NA NA 132 1274 158 NA NA NA NA NA 
1742162400.0 4.68 NA 93 465 0 NA NA NA NA NA NA 156 754 0 NA NA NA NA NA NA 72 2904 201 NA NA NA NA NA NA 99 1533 264 NA NA NA NA NA 
1742162400.0 4.71 NA 95 453 0 NA NA NA NA NA NA 155 723 0 NA NA NA NA NA NA 72 2121 178 NA NA NA NA NA NA 144 1194 225 NA NA NA NA NA 
1742162400.0 4.72 NA 94 461 0 NA NA NA NA NA NA 158 762 0 NA NA NA NA NA NA 72 2597 182 NA NA NA NA NA NA 125 1255 258 NA NA NA NA NA 
1742162400.0 4.73 NA 95 440 0 NA NA NA NA NA NA 160 764 0 NA NA NA NA NA NA 69 2410 147 NA NA NA NA NA NA 141 1086 196 NA NA NA NA NA 
1742162400.0 4.74 NA 95 462 0 NA NA NA NA NA NA 162 762 0 NA NA NA NA NA NA 73 2870 178 NA NA NA NA NA NA 176 1443 226 NA NA NA NA NA 
1742162400.0 4.75 NA 96 475 0 NA NA NA NA NA NA 159 788 0 NA NA NA NA NA NA 68 2486 133 NA NA NA NA NA NA 125 1118 151 NA NA NA NA NA 
1742162400.0 4.76 NA 123 477 0 NA NA NA NA NA NA 183 756 0 NA NA NA NA NA NA 98 2628 140 NA NA NA NA NA NA 132 1168 168 NA NA NA NA NA 
1742162400.0 4.77 NA 119 481 0 NA NA NA NA NA NA 175 770 0 NA NA NA NA NA NA 97 2671 140 NA NA NA NA NA NA 189 1318 174 NA NA NA NA NA 
1742162400.0 4.78 NA 98 464 0 NA NA NA NA NA NA 160 781 0 NA NA NA NA NA NA 71 2472 131 NA NA NA NA NA NA 138 1113 151 NA NA NA NA NA 
1742162400.0 4000.0 NA 208 401 NA NA NA NA NA NA NA 300 596 NA NA NA NA NA NA NA 996 2194 NA NA NA NA NA NA NA 461 1302 NA NA NA NA NA NA 
1742162400.0 4001.0 NA 262 413 NA NA NA NA NA NA NA 363 637 NA NA NA NA NA NA NA 313 1167 NA NA NA NA NA NA NA 298 1077 NA NA NA NA NA NA 
1742162400.0 4002.0 NA 209 383 NA NA NA NA NA NA NA 285 549 NA NA NA NA NA NA NA 778 1354 NA NA NA NA NA NA NA 401 957 NA NA NA NA NA NA 
1742162400.0 4003.0 NA 210 386 NA NA NA NA NA NA NA 288 582 NA NA NA NA NA NA NA 719 1498 NA NA NA NA NA NA NA 322 1020 NA NA NA NA NA NA 
1742162400.0 4006.0 127 244 428 NA NA NA NA NA NA 212 356 579 NA NA NA NA NA NA 339 274 817 NA NA NA NA NA NA 284 321 800 NA NA NA NA NA NA 
1742162400.0 4007.0 121 0 0 NA NA NA NA NA NA 196 0 0 NA NA NA NA NA NA 321 64 751 NA NA NA NA NA NA 323 173 896 NA NA NA NA NA NA 
1742162400.0 4008.0 122 0 0 NA NA NA NA NA NA 198 0 0 NA NA NA NA NA NA 340 64 762 NA NA NA NA NA NA 327 162 920 NA NA NA NA NA NA 
1742162400.0 43.0 NA 207 378 0 NA NA NA NA NA NA 290 579 0 NA NA NA NA NA NA 662 1344 293 NA NA NA NA NA NA 286 892 419 NA NA NA NA NA 
1742162400.0 44.0 NA 205 389 0 NA NA NA NA NA NA 282 551 0 NA NA NA NA NA NA 649 1202 218 NA NA NA NA NA NA 309 767 235 NA NA NA NA NA 
1742162400.0 45.0 NA 207 342 0 NA NA NA NA NA NA 292 571 0 NA NA NA NA NA NA 884 1597 346 NA NA NA NA NA NA 420 1162 396 NA NA NA NA NA 
1742162400.0 5.1 407 0 NA NA NA NA NA NA NA 513 0 NA NA NA NA NA NA NA 528 196 NA NA NA NA NA NA NA 497 253 NA NA NA NA NA NA NA 
1742162400.0 5.2 323 0 NA NA NA NA NA NA NA 410 0 NA NA NA NA NA NA NA 447 197 NA NA NA NA NA NA NA 518 250 NA NA NA NA NA NA NA 
1742162400.0 5.3 316 0 NA NA NA NA NA NA NA 433 0 NA NA NA NA NA NA NA 444 181 NA NA NA NA NA NA NA 446 241 NA NA NA NA NA NA NA 
1742162400.0 5.4 401 0 NA NA NA NA NA NA NA 515 0 NA NA NA NA NA NA NA 493 176 NA NA NA NA NA NA NA 523 220 NA NA NA NA NA NA NA 
1742162400.0 5.5 392 0 NA NA NA NA NA NA NA 517 0 NA NA NA NA NA NA NA 462 182 NA NA NA NA NA NA NA 468 246 NA NA NA NA NA NA NA 
1742162400.0 5.6 372 0 NA NA NA NA NA NA NA 521 0 NA NA NA NA NA NA NA 523 168 NA NA NA NA NA NA NA 594 217 NA NA NA NA NA NA NA 
1742162400.0 5.7 402 0 NA NA NA NA NA NA NA 529 0 NA NA NA NA NA NA NA 526 185 NA NA NA NA NA NA NA 552 242 NA NA NA NA NA NA NA 
1742162400.0 500199.0 288 NA NA NA NA NA NA NA NA 416 NA NA NA NA NA NA NA NA 783 NA NA NA NA NA NA NA NA 732 NA NA NA NA NA NA NA NA 
1742162400.0 500200.0 NA 294 406 0 NA NA NA NA NA NA 418 559 0 NA NA NA NA NA NA 1247 904 223 NA NA NA NA NA NA 686 688 242 NA NA NA NA NA 
1742162400.0 500200.1 146 280 329 NA NA NA NA NA NA 254 387 463 NA NA NA NA NA NA 1140 293 973 NA NA NA NA NA NA 659 413 811 NA NA NA NA NA NA 
1742162400.0 500202.0 NA 304 435 0 NA NA NA NA NA NA 420 613 0 NA NA NA NA NA NA 1347 1038 253 NA NA NA NA NA NA 728 754 285 NA NA NA NA NA 
1742162400.0 500203.0 NA 295 397 0 NA NA NA NA NA NA 415 589 0 NA NA NA NA NA NA 1287 1016 230 NA NA NA NA NA NA 648 846 247 NA NA NA NA NA 
1742162400.0 500204.0 NA 304 434 0 NA NA NA NA NA NA 433 620 0 NA NA NA NA NA NA 1277 973 245 NA NA NA NA NA NA 636 709 264 NA NA NA NA NA 
1742162400.0 500205.0 NA 298 416 0 NA NA NA NA NA NA 431 579 0 NA NA NA NA NA NA 1273 881 219 NA NA NA NA NA NA 719 701 238 NA NA NA NA NA 
1742162400.0 500206.0 NA 300 431 0 NA NA NA NA NA NA 409 600 0 NA NA NA NA NA NA 1269 987 274 NA NA NA NA NA NA 638 711 298 NA NA NA NA NA 
1742162400.0 500207.0 NA 288 411 0 NA NA NA NA NA NA 399 564 0 NA NA NA NA NA NA 1130 871 186 NA NA NA NA NA NA 598 765 203 NA NA NA NA NA 
1742162400.0 50200.0 NA 323 521 0 NA NA NA NA NA NA 435 728 0 NA NA NA NA NA NA 462 1019 221 NA NA NA NA NA NA 430 968 236 NA NA NA NA NA 
1742162400.0 50202.0 NA 309 523 0 NA NA NA NA NA NA 411 727 0 NA NA NA NA NA NA 441 1070 246 NA NA NA NA NA NA 428 901 281 NA NA NA NA NA 
1742162400.0 50203.0 NA 292 504 0 NA NA NA NA NA NA 410 691 0 NA NA NA NA NA NA 482 1049 226 NA NA NA NA NA NA 526 907 244 NA NA NA NA NA 
1742162400.0 50204.0 NA 305 513 0 NA NA NA NA NA NA 431 687 0 NA NA NA NA NA NA 434 1002 252 NA NA NA NA NA NA 420 923 366 NA NA NA NA NA 
1742162400.0 50205.0 NA 310 481 0 NA NA NA NA NA NA 431 711 0 NA NA NA NA NA NA 454 1023 220 NA NA NA NA NA NA 412 937 239 NA NA NA NA NA 
1742162400.0 50206.0 NA 314 485 0 NA NA NA NA NA NA 422 698 0 NA NA NA NA NA NA 450 1028 277 NA NA NA NA NA NA 420 930 323 NA NA NA NA NA 
1742162400.0 50207.0 NA 316 488 0 NA NA NA NA NA NA 422 687 0 NA NA NA NA NA NA 447 981 186 NA NA NA NA NA NA 450 890 201 NA NA NA NA NA 
1742162400.0 50208.0 NA 323 558 0 NA NA NA NA NA NA 443 816 0 NA NA NA NA NA NA 483 1366 271 NA NA NA NA NA NA 454 1006 332 NA NA NA NA NA 
1742162400.0 503.0 90 0 NA NA NA NA NA NA NA 144 0 NA NA NA NA NA NA NA 1193 81 NA NA NA NA NA NA NA 736 116 NA NA NA NA NA NA NA 
1742162400.0 504.0 96 0 NA NA NA NA NA NA NA 150 0 NA NA NA NA NA NA NA 128 91 NA NA NA NA NA NA NA 137 118 NA NA NA NA NA NA NA 
1742162400.0 505.0 96 0 NA NA NA NA NA NA NA 150 0 NA NA NA NA NA NA NA 111 91 NA NA NA NA NA NA NA 140 125 NA NA NA NA NA NA NA 
1742162400.0 506.0 96 0 NA NA NA NA NA NA NA 146 0 NA NA NA NA NA NA NA 122 79 NA NA NA NA NA NA NA 165 108 NA NA NA NA NA NA NA 
1742162400.0 507.0 89 0 NA NA NA NA NA NA NA 140 0 NA NA NA NA NA NA NA 584 98 NA NA NA NA NA NA NA 441 119 NA NA NA NA NA NA NA 
1742162400.0 508.0 95 0 NA NA NA NA NA NA NA 149 0 NA NA NA NA NA NA NA 116 75 NA NA NA NA NA NA NA 138 92 NA NA NA NA NA NA NA 
1742162400.0 509.0 89 0 NA NA NA NA NA NA NA 138 0 NA NA NA NA NA NA NA 109 96 NA NA NA NA NA NA NA 139 119 NA NA NA NA NA NA NA 
1742162400.0 510.0 91 0 NA NA NA NA NA NA NA 143 0 NA NA NA NA NA NA NA 1156 80 NA NA NA NA NA NA NA 709 126 NA NA NA NA NA NA NA 
1742162400.0 511.0 98 0 NA NA NA NA NA NA NA 150 0 NA NA NA NA NA NA NA 2902 86 NA NA NA NA NA NA NA 5582 130 NA NA NA NA NA NA NA 
1742162400.0 512.0 64 98 0 NA NA NA NA NA NA 100 150 0 NA NA NA NA NA NA 3298 138 82 NA NA NA NA NA NA 2059 126 102 NA NA NA NA NA NA 
1742162400.0 513.0 63 98 0 NA NA NA NA NA NA 99 153 0 NA NA NA NA NA NA 1001 147 75 NA NA NA NA NA NA 370 155 103 NA NA NA NA NA NA 
1742162400.0 514.0 63 97 0 NA NA NA NA NA NA 99 156 0 NA NA NA NA NA NA 568 119 78 NA NA NA NA NA NA 224 143 98 NA NA NA NA NA NA 
1742162400.0 515.0 30 98 0 NA NA NA NA NA NA 101 150 0 NA NA NA NA NA NA 3841 110 78 NA NA NA NA NA NA 3712 140 96 NA NA NA NA NA NA 
1742162400.0 516.0 30 98 0 NA NA NA NA NA NA 99 149 0 NA NA NA NA NA NA 3795 124 81 NA NA NA NA NA NA 3550 153 122 NA NA NA NA NA NA 
1742162400.0 517.0 62 98 0 NA NA NA NA NA NA 97 158 0 NA NA NA NA NA NA 562 115 77 NA NA NA NA NA NA 234 121 96 NA NA NA NA NA NA 
1742162400.0 518.0 30 94 0 NA NA NA NA NA NA 98 146 0 NA NA NA NA NA NA 3707 108 79 NA NA NA NA NA NA 3857 142 96 NA NA NA NA NA NA 
1742162400.0 519.0 62 98 0 NA NA NA NA NA NA 100 151 0 NA NA NA NA NA NA 4272 97 63 NA NA NA NA NA NA 3708 123 89 NA NA NA NA NA NA 
1742162400.0 520.0 62 97 0 NA NA NA NA NA NA 98 158 0 NA NA NA NA NA NA 557 118 70 NA NA NA NA NA NA 203 118 90 NA NA NA NA NA NA 
1742162400.0 521.0 63 92 0 NA NA NA NA NA NA 98 143 0 NA NA NA NA NA NA 3934 88 98 NA NA NA NA NA NA 3036 116 123 NA NA NA NA NA NA 
1742162400.0 522.0 63 92 0 NA NA NA NA NA NA 99 146 0 NA NA NA NA NA NA 948 103 77 NA NA NA NA NA NA 370 123 106 NA NA NA NA NA NA 
1742162400.0 523.0 64 93 0 NA NA NA NA NA NA 99 145 0 NA NA NA NA NA NA 1364 110 83 NA NA NA NA NA NA 556 146 108 NA NA NA NA NA NA 
1742162400.0 524.0 63 91 0 NA NA NA NA NA NA 98 148 0 NA NA NA NA NA NA 592 107 72 NA NA NA NA NA NA 239 143 88 NA NA NA NA NA NA 
1742162400.0 525.0 64 92 0 NA NA NA NA NA NA 99 146 0 NA NA NA NA NA NA 4114 129 85 NA NA NA NA NA NA 3946 166 106 NA NA NA NA NA NA 
1742162400.0 526.0 30 91 0 NA NA NA NA NA NA 98 145 0 NA NA NA NA NA NA 3676 93 90 NA NA NA NA NA NA 3661 119 119 NA NA NA NA NA NA 
1742162400.0 527.0 63 92 0 NA NA NA NA NA NA 97 149 0 NA NA NA NA NA NA 577 95 76 NA NA NA NA NA NA 236 108 98 NA NA NA NA NA NA 
1742162400.0 528.0 63 92 0 NA NA NA NA NA NA 99 144 0 NA NA NA NA NA NA 3402 117 92 NA NA NA NA NA NA 1743 169 120 NA NA NA NA NA NA 
1742162400.0 529.0 30 90 0 NA NA NA NA NA NA 100 143 0 NA NA NA NA NA NA 3796 97 91 NA NA NA NA NA NA 3856 133 121 NA NA NA NA NA NA 
1742162400.0 530.0 62 92 0 NA NA NA NA NA NA 98 151 0 NA NA NA NA NA NA 556 114 72 NA NA NA NA NA NA 218 130 89 NA NA NA NA NA NA 
1742162400.0 531.0 114 0 NA NA NA NA NA NA NA 255 0 NA NA NA NA NA NA NA 105 88 NA NA NA NA NA NA NA 204 110 NA NA NA NA NA NA NA 
1742162400.0 534.0 237 0 NA NA NA NA NA NA NA 317 0 NA NA NA NA NA NA NA 954 96 NA NA NA NA NA NA NA 1412 141 NA NA NA NA NA NA NA 
1742162400.0 535.0 59 0 NA NA NA NA NA NA NA 165 0 NA NA NA NA NA NA NA 784 95 NA NA NA NA NA NA NA 540 141 NA NA NA NA NA NA NA 
1742162400.0 536.0 100 0 NA NA NA NA NA NA NA 162 0 NA NA NA NA NA NA NA 158 94 NA NA NA NA NA NA NA 255 143 NA NA NA NA NA NA NA 
1742162400.0 537.0 103 0 NA NA NA NA NA NA NA 166 0 NA NA NA NA NA NA NA 2182 87 NA NA NA NA NA NA NA 838 115 NA NA NA NA NA NA NA 
1742162400.0 538.0 62 0 NA NA NA NA NA NA NA 167 0 NA NA NA NA NA NA NA 4171 89 NA NA NA NA NA NA NA 4486 132 NA NA NA NA NA NA NA 
1742162400.0 541.0 91 0 NA NA NA NA NA NA NA 142 0 NA NA NA NA NA NA NA 102 90 NA NA NA NA NA NA NA 154 112 NA NA NA NA NA NA NA 
1742162400.0 545.0 89 0 NA NA NA NA NA NA NA 142 0 NA NA NA NA NA NA NA 109 98 NA NA NA NA NA NA NA 133 161 NA NA NA NA NA NA NA 
1742162400.0 546.0 96 100 NA NA NA NA NA NA NA 149 170 NA NA NA NA NA NA NA 115 157 NA NA NA NA NA NA NA 139 208 NA NA NA NA NA NA NA 
1742162400.0 547.0 62 97 99 NA NA NA NA NA NA 99 150 169 NA NA NA NA NA NA 3322 118 140 NA NA NA NA NA NA 2172 115 178 NA NA NA NA NA NA 
1742162400.0 548.0 63 98 100 NA NA NA NA NA NA 100 157 175 NA NA NA NA NA NA 494 157 150 NA NA NA NA NA NA 197 152 198 NA NA NA NA NA NA 
1742162400.0 551.0 63 98 0 NA NA NA NA NA NA 99 152 0 NA NA NA NA NA NA 1381 171 79 NA NA NA NA NA NA 491 173 109 NA NA NA NA NA NA 
1742162400.0 552.0 62 97 0 NA NA NA NA NA NA 98 157 0 NA NA NA NA NA NA 546 114 73 NA NA NA NA NA NA 217 118 91 NA NA NA NA NA NA 
1742162400.0 554.0 63 98 0 NA NA NA NA NA NA 98 158 0 NA NA NA NA NA NA 2511 128 86 NA NA NA NA NA NA 713 169 154 NA NA NA NA NA NA 
1742162400.0 555.0 63 92 0 NA NA NA NA NA NA 99 149 0 NA NA NA NA NA NA 1933 135 85 NA NA NA NA NA NA 624 167 132 NA NA NA NA NA NA 
1742162400.0 556.0 63 98 0 NA NA NA NA NA NA 100 158 0 NA NA NA NA NA NA 531 138 82 NA NA NA NA NA NA 222 139 118 NA NA NA NA NA NA 
1742162400.0 560.0 96 0 NA NA NA NA NA NA NA 146 0 NA NA NA NA NA NA NA 127 74 NA NA NA NA NA NA NA 146 114 NA NA NA NA NA NA NA 
1742162400.0 561.0 96 0 NA NA NA NA NA NA NA 147 0 NA NA NA NA NA NA NA 120 91 NA NA NA NA NA NA NA 129 115 NA NA NA NA NA NA NA 
1742162400.0 562.0 63 95 0 NA NA NA NA NA NA 101 150 0 NA NA NA NA NA NA 535 113 87 NA NA NA NA NA NA 267 142 105 NA NA NA NA NA NA 
1742162400.0 570.0 85 0 NA NA NA NA NA NA NA 136 0 NA NA NA NA NA NA NA 173 78 NA NA NA NA NA NA NA 156 102 NA NA NA NA NA NA NA 
1742162400.0 571.0 86 0 NA NA NA NA NA NA NA 138 0 NA NA NA NA NA NA NA 184 88 NA NA NA NA NA NA NA 144 114 NA NA NA NA NA NA NA 
1742162400.0 572.0 85 0 NA NA NA NA NA NA NA 131 0 NA NA NA NA NA NA NA 145 98 NA NA NA NA NA NA NA 162 134 NA NA NA NA NA NA NA 
1742162400.0 573.0 87 0 NA NA NA NA NA NA NA 136 0 NA NA NA NA NA NA NA 371 77 NA NA NA NA NA NA NA 238 101 NA NA NA NA NA NA NA 
1742162400.0 574.0 91 0 NA NA NA NA NA NA NA 141 0 NA NA NA NA NA NA NA 440 105 NA NA NA NA NA NA NA 296 138 NA NA NA NA NA NA NA 
1742162400.0 575.0 85 0 NA NA NA NA NA NA NA 135 0 NA NA NA NA NA NA NA 243 93 NA NA NA NA NA NA NA 165 115 NA NA NA NA NA NA NA 
1742162400.0 576.0 86 0 NA NA NA NA NA NA NA 134 0 NA NA NA NA NA NA NA 135 81 NA NA NA NA NA NA NA 137 114 NA NA NA NA NA NA NA 
1742162400.0 577.0 85 0 NA NA NA NA NA NA NA 132 0 NA NA NA NA NA NA NA 147 77 NA NA NA NA NA NA NA 181 95 NA NA NA NA NA NA NA 
1742162400.0 6.0 NA 178 347 0 NA NA NA NA NA NA 250 460 0 NA NA NA NA NA NA 630 1002 252 NA NA NA NA NA NA 290 866 301 NA NA NA NA NA 
1742162400.0 7.0 123 160 159 112 0 NA NA NA NA 197 224 293 167 0 NA NA NA NA 348 147 287 142 127 NA NA NA NA 449 191 333 218 153 NA NA NA NA 
1742162400.0 7.1 120 155 185 111 0 NA NA NA NA 192 216 296 166 0 NA NA NA NA 581 137 263 141 114 NA NA NA NA 659 181 362 226 141 NA NA NA NA 
1742162400.0 7.2 125 247 287 116 0 NA NA NA NA 196 323 462 175 0 NA NA NA NA 392 528 358 142 151 NA NA NA NA 435 325 445 257 225 NA NA NA NA 
1742162400.0 7.21 124 243 282 117 0 NA NA NA NA 195 325 458 177 0 NA NA NA NA 356 377 315 128 137 NA NA NA NA 439 272 366 168 208 NA NA NA NA 
1742162400.0 7.22 123 192 244 116 0 NA NA NA NA 193 260 362 176 0 NA NA NA NA 375 152 299 149 127 NA NA NA NA 452 185 382 257 176 NA NA NA NA 
1742162400.0 7.23 132 205 278 119 0 NA NA NA NA 209 292 432 181 0 NA NA NA NA 621 124 305 108 148 NA NA NA NA 556 117 389 132 193 NA NA NA NA 
1742162400.0 7.24 129 207 274 112 0 NA NA NA NA 202 279 422 170 0 NA NA NA NA 609 134 300 126 136 NA NA NA NA 873 124 375 186 195 NA NA NA NA 
1742162400.0 7.3 121 223 274 117 0 NA NA NA NA 192 300 445 176 0 NA NA NA NA 496 233 338 151 141 NA NA NA NA 455 241 345 209 178 NA NA NA NA 
1742162400.0 7.4 123 251 289 118 0 NA NA NA NA 196 326 466 175 0 NA NA NA NA 307 508 354 144 129 NA NA NA NA 302 347 363 189 170 NA NA NA NA 
1742162400.0 8.0 NA 172 193 96 0 NA NA NA NA NA 251 288 149 0 NA NA NA NA NA 648 326 103 113 NA NA NA NA NA 294 318 166 169 NA NA NA NA 
1742162400.0 8.1 124 265 297 96 0 NA NA NA NA 191 343 465 150 0 NA NA NA NA 345 577 332 93 135 NA NA NA NA 423 268 394 126 196 NA NA NA NA 
1742162400.0 8.2 97 233 296 96 0 NA NA NA NA 207 307 447 150 0 NA NA NA NA 612 185 304 95 131 NA NA NA NA 726 136 372 133 167 NA NA NA NA 
1742162400.0 9.0 NA 206 393 0 NA NA NA NA NA NA 297 587 0 NA NA NA NA NA NA 714 1519 305 NA NA NA NA NA NA 347 868 353 NA NA NA NA NA 
