Timestamp WorkflowId PeakValueRss1 PeakValueRss2 PeakValueRss3 PeakValueRss4 PeakValueRss5 PeakValueRss6 PeakValueRss7 PeakValueRss8 PeakValueRss9 PeakValueVsize1 PeakValueVsize2 PeakValueVsize3 PeakValueVsize4 PeakValueVsize5 PeakValueVsize6 PeakValueVsize7 PeakValueVsize8 PeakValueVsize9 TotalJobCPU1 TotalJobCPU2 TotalJobCPU3 TotalJobCPU4 TotalJobCPU5 TotalJobCPU6 TotalJobCPU7 TotalJobCPU8 TotalJobCPU9 TotalJobTime1 TotalJobTime2 TotalJobTime3 TotalJobTime4 TotalJobTime5 TotalJobTime6 TotalJobTime7 TotalJobTime8 TotalJobTime9
1599512400.0 1.0 69 101 192 NA NA NA NA NA NA 211 483 524 NA NA NA NA NA NA 1266 645 1539 NA NA NA NA NA NA 874 404 1528 NA NA NA NA NA NA
1599512400.0 10.0 NA 131 299 0 NA NA NA NA NA NA 538 693 0 NA NA NA NA NA NA 2307 3866 490 NA NA NA NA NA NA 992 2862 772 NA NA NA NA NA
1599512400.0 1000.0 NA 302 159 0 63 NA NA NA NA NA 756 302 0 128 NA NA NA NA NA 3567 1452 362 283 NA NA NA NA NA 3361 1295 575 366 NA NA NA NA
1599512400.0 10001.0 NA 208 392 0 76 130 NA NA NA NA 550 744 0 161 262 NA NA NA NA 3681 4016 693 492 1213 NA NA NA NA 2841 4382 793 505 2807 NA NA NA
1599512400.0 10002.0 NA 207 400 0 74 155 NA NA NA NA 616 830 0 156 328 NA NA NA NA 3381 2516 700 467 1107 NA NA NA NA 2414 2412 948 429 1941 NA NA NA
1599512400.0 10003.0 NA 215 393 0 74 157 NA NA NA NA 565 831 0 158 331 NA NA NA NA 2827 2897 699 435 868 NA NA NA NA 1200 2856 1120 464 990 NA NA NA
1599512400.0 10004.0 NA 207 391 0 72 143 NA NA NA NA 600 820 0 160 277 NA NA NA NA 2735 2921 694 431 849 NA NA NA NA 1220 2689 902 465 895 NA NA NA
1599512400.0 10005.0 NA 214 408 0 82 157 NA NA NA NA 593 841 0 161 326 NA NA NA NA 3844 2679 686 567 726 NA NA NA NA 3225 4919 750 772 936 NA NA NA
1599512400.0 10006.0 NA 209 386 0 73 129 NA NA NA NA 575 843 0 157 260 NA NA NA NA 2957 2713 695 390 792 NA NA NA NA 1195 2339 838 489 941 NA NA NA
1599512400.0 10007.0 NA 208 394 0 74 131 NA NA NA NA 635 751 0 162 260 NA NA NA NA 2864 4061 702 569 795 NA NA NA NA 1533 3761 1033 525 901 NA NA NA
1599512400.0 10008.0 NA 206 397 0 75 156 NA NA NA NA 551 847 0 161 331 NA NA NA NA 2894 2645 693 478 866 NA NA NA NA 1171 2342 834 646 956 NA NA NA
1599512400.0 10009.0 NA 215 400 0 80 164 NA NA NA NA 623 831 0 164 318 NA NA NA NA 2791 2893 706 429 1328 NA NA NA NA 1051 4033 912 384 2524 NA NA NA
1599512400.0 1001.0 NA 273 121 0 0 0 0 0 0 NA 616 213 0 0 0 0 0 0 NA 3653 597 90 71 103 233 120 238 NA 4114 934 261 208 267 407 364 420
1599512400.0 1001.2 NA 410 151 0 NA NA NA NA NA NA 919 272 0 NA NA NA NA NA NA 15117 1937 114 NA NA NA NA NA NA 6405 1250 244 NA NA NA NA NA
1599512400.0 1002.0 NA 296 81 NA NA NA NA NA NA NA 699 162 NA NA NA NA NA NA NA 3199 368 NA NA NA NA NA NA NA 2484 300 NA NA NA NA NA NA
1599512400.0 10023.0 NA 215 391 0 74 129 NA NA NA NA 614 845 0 157 258 NA NA NA NA 2919 2881 710 348 785 NA NA NA NA 1419 2358 1979 450 955 NA NA NA
1599512400.0 10024.0 NA 222 414 0 75 155 NA NA NA NA 640 829 0 161 330 NA NA NA NA 2947 2903 725 522 818 NA NA NA NA 1087 2667 960 550 978 NA NA NA
1599512400.0 10024.1 NA 220 217 0 NA NA NA NA NA NA 640 425 0 NA NA NA NA NA NA 2948 1116 399 NA NA NA NA NA NA 1108 859 651 NA NA NA NA NA
1599512400.0 10024.2 NA 221 421 0 NA NA NA NA NA NA 547 806 0 NA NA NA NA NA NA 2931 2963 712 NA NA NA NA NA NA 1349 2719 1056 NA NA NA NA NA
1599512400.0 10024.3 NA 219 196 0 NA NA NA NA NA NA 558 402 0 NA NA NA NA NA NA 2867 1247 335 NA NA NA NA NA NA 1236 924 368 NA NA NA NA NA
1599512400.0 10024.4 NA 221 403 0 NA NA NA NA NA NA 617 817 0 NA NA NA NA NA NA 2825 3014 704 NA NA NA NA NA NA 1099 2716 1220 NA NA NA NA NA
1599512400.0 10024.5 NA 224 89 0 NA NA NA NA NA NA 585 256 0 NA NA NA NA NA NA 2850 584 118 NA NA NA NA NA NA 1047 455 151 NA NA NA NA NA
1599512400.0 10025.0 NA 218 407 0 76 158 NA NA NA NA 637 875 0 160 319 NA NA NA NA 2809 2659 710 543 810 NA NA NA NA 877 3070 795 603 950 NA NA NA
1599512400.0 10026.0 NA 225 412 0 76 166 NA NA NA NA 614 866 0 160 335 NA NA NA NA 3004 3135 729 497 810 NA NA NA NA 1444 3128 1025 450 911 NA NA NA
1599512400.0 1003.0 NA 302 0 NA NA NA NA NA NA NA 735 0 NA NA NA NA NA NA NA 3480 331 NA NA NA NA NA NA NA 2223 517 NA NA NA NA NA NA
1599512400.0 1004.0 NA 222 91 0 0 0 0 NA NA NA 394 183 0 0 0 0 NA NA NA 4389 533 71 107 241 234 NA NA NA 5179 1178 280 474 397 305 NA NA
1599512400.0 10042.0 NA 222 405 0 76 160 NA NA NA NA 598 871 0 160 330 NA NA NA NA 3027 3000 724 483 889 NA NA NA NA 2112 2448 2083 516 994 NA NA NA
1599512400.0 10059.0 NA 233 416 0 80 155 NA NA NA NA 591 874 0 161 327 NA NA NA NA 2891 3479 729 397 899 NA NA NA NA 1213 2664 959 446 1022 NA NA NA
1599512400.0 10071.0 NA 220 411 0 75 164 NA NA NA NA 633 887 0 161 333 NA NA NA NA 2921 3227 726 424 842 NA NA NA NA 1621 3048 998 493 892 NA NA NA
1599512400.0 101.0 90 NA NA NA NA NA NA NA NA 188 NA NA NA NA NA NA NA NA 820 NA NA NA NA NA NA NA NA 1104 NA NA NA NA NA NA NA NA
1599512400.0 1010.0 NA 37 52 0 NA NA NA NA NA NA 100 136 0 NA NA NA NA NA NA 130 238 146 NA NA NA NA NA NA 672 353 223 NA NA NA NA NA
1599512400.0 102.0 92 NA NA NA NA NA NA NA NA 188 NA NA NA NA NA NA NA NA 706 NA NA NA NA NA NA NA NA 1001 NA NA NA NA NA NA NA NA
1599512400.0 1020.0 NA 59 34 0 43 NA NA NA NA NA 158 93 0 161 NA NA NA NA NA 298 103 75 258 NA NA NA NA NA 964 290 245 345 NA NA NA NA
1599512400.0 10224.0 NA 382 609 0 160 NA NA NA NA NA 807 1033 0 328 NA NA NA NA NA 4813 4511 746 854 NA NA NA NA NA 1846 3394 903 989 NA NA NA NA
1599512400.0 10224.15 NA 363 620 0 177 NA NA NA NA NA 806 1042 0 345 NA NA NA NA NA 5099 5055 747 900 NA NA NA NA NA 2744 3526 928 977 NA NA NA NA
1599512400.0 10225.0 NA 378 636 0 158 NA NA NA NA NA 813 1141 0 321 NA NA NA NA NA 5019 5045 738 900 NA NA NA NA NA 2495 3725 852 868 NA NA NA NA
1599512400.0 103.0 58 0 0 NA NA NA NA NA NA 152 0 0 NA NA NA NA NA NA 944 303 1654 NA NA NA NA NA NA 541 1212 1498 NA NA NA NA NA NA
1599512400.0 1030.0 NA 188 58 0 0 NA NA NA NA NA 407 128 0 0 NA NA NA NA NA 8215 239 68 70 NA NA NA NA NA 2579 730 179 403 NA NA NA NA
1599512400.0 1040.0 NA 365 40 0 NA NA NA NA NA NA 852 98 0 NA NA NA NA NA NA 11861 139 111 NA NA NA NA NA NA 4892 173 176 NA NA NA NA NA
1599512400.0 1040.1 NA 81 42 0 NA NA NA NA NA NA 164 93 0 NA NA NA NA NA NA 396 147 114 NA NA NA NA NA NA 1053 232 161 NA NA NA NA NA
1599512400.0 10424.0 NA 182 406 0 NA NA NA NA NA NA 548 783 0 NA NA NA NA NA NA 1963 3033 735 NA NA NA NA NA NA 1069 2688 962 NA NA NA NA NA
1599512400.0 105.0 72 110 41 NA NA NA NA NA NA 208 471 99 NA NA NA NA NA NA 1576 687 99 NA NA NA NA NA NA 1030 358 114 NA NA NA NA NA NA
1599512400.0 106.0 57 0 0 NA NA NA NA NA NA 155 0 0 NA NA NA NA NA NA 870 227 1563 NA NA NA NA NA NA 854 320 2553 NA NA NA NA NA NA
1599512400.0 107.0 80 110 282 NA NA NA NA NA NA 215 519 672 NA NA NA NA NA NA 2120 787 2156 NA NA NA NA NA NA 1184 697 2290 NA NA NA NA NA NA
1599512400.0 108.0 89 114 288 NA NA NA NA NA NA 223 438 668 NA NA NA NA NA NA 2436 809 2210 NA NA NA NA NA NA 1182 490 2503 NA NA NA NA NA NA
1599512400.0 10801.0 NA 203 395 0 75 160 NA NA NA NA 552 834 0 157 324 NA NA NA NA 2949 3197 692 405 903 NA NA NA NA 1331 2773 993 676 899 NA NA NA
1599512400.0 10802.0 NA 196 394 0 75 162 NA NA NA NA 593 763 0 160 329 NA NA NA NA 2843 2648 706 434 825 NA NA NA NA 1192 2717 984 540 928 NA NA NA
1599512400.0 10803.0 NA 208 410 0 74 156 NA NA NA NA 599 881 0 161 333 NA NA NA NA 2700 2665 698 455 861 NA NA NA NA 1289 2472 1021 520 997 NA NA NA
1599512400.0 10804.0 NA 202 391 0 82 134 NA NA NA NA 567 827 0 161 299 NA NA NA NA 2724 2530 698 527 803 NA NA NA NA 1074 2622 1025 739 957 NA NA NA
1599512400.0 10805.0 NA 198 396 0 72 158 NA NA NA NA 533 863 0 159 333 NA NA NA NA 3093 2667 698 412 882 NA NA NA NA 1273 2772 1002 440 920 NA NA NA
1599512400.0 10806.0 NA 207 386 0 72 128 NA NA NA NA 546 807 0 160 251 NA NA NA NA 2743 2859 693 423 873 NA NA NA NA 1398 2697 879 427 896 NA NA NA
1599512400.0 10807.0 NA 197 398 0 75 162 NA NA NA NA 572 834 0 162 324 NA NA NA NA 2770 2787 703 521 846 NA NA NA NA 1502 2683 1012 481 1042 NA NA NA
1599512400.0 10808.0 NA 210 398 0 75 155 NA NA NA NA 620 835 0 158 327 NA NA NA NA 2683 3108 697 640 1091 NA NA NA NA 959 3981 817 811 1697 NA NA NA
1599512400.0 10809.0 NA 196 397 0 75 153 NA NA NA NA 593 845 0 161 320 NA NA NA NA 3054 2809 703 515 827 NA NA NA NA 1272 2668 992 634 896 NA NA NA
1599512400.0 10823.0 NA 209 394 0 71 130 NA NA NA NA 553 826 0 161 261 NA NA NA NA 2766 2536 706 520 811 NA NA NA NA 1272 2360 966 685 851 NA NA NA
1599512400.0 10824.0 NA 220 415 0 76 167 NA NA NA NA 580 796 0 157 327 NA NA NA NA 2734 3221 723 516 864 NA NA NA NA 987 3996 892 613 895 NA NA NA
1599512400.0 10824.1 NA 213 216 0 NA NA NA NA NA NA 570 445 0 NA NA NA NA NA NA 2853 1621 406 NA NA NA NA NA NA 1078 937 671 NA NA NA NA NA
1599512400.0 10824.5 NA 213 86 0 NA NA NA NA NA NA 565 256 0 NA NA NA NA NA NA 2750 700 122 NA NA NA NA NA NA 937 713 155 NA NA NA NA NA
1599512400.0 10824.501 NA 201 88 0 NA NA NA NA NA NA 590 252 0 NA NA NA NA NA NA 2866 883 131 NA NA NA NA NA NA 1214 905 193 NA NA NA NA NA
1599512400.0 10824.502 NA 212 87 0 NA NA NA NA NA NA 605 256 0 NA NA NA NA NA NA 2827 917 130 NA NA NA NA NA NA 1080 813 186 NA NA NA NA NA
1599512400.0 10824.511 NA 216 78 0 NA NA NA NA NA NA 586 182 0 NA NA NA NA NA NA 2707 353 143 NA NA NA NA NA NA 998 543 208 NA NA NA NA NA
1599512400.0 10824.512 NA 219 79 0 NA NA NA NA NA NA 624 182 0 NA NA NA NA NA NA 2777 354 140 NA NA NA NA NA NA 1039 642 230 NA NA NA NA NA
1599512400.0 10824.521 NA 207 76 0 NA NA NA NA NA NA 559 152 0 NA NA NA NA NA NA 2785 310 135 NA NA NA NA NA NA 1072 321 177 NA NA NA NA NA
1599512400.0 10824.522 NA 217 71 0 NA NA NA NA NA NA 559 153 0 NA NA NA NA NA NA 2789 320 133 NA NA NA NA NA NA 1019 355 163 NA NA NA NA NA
1599512400.0 10824.6 NA 219 412 0 76 156 NA NA NA NA 579 867 0 159 329 NA NA NA NA 2794 3301 724 462 845 NA NA NA NA 1025 2968 879 483 964 NA NA NA
1599512400.0 10824.8 NA 214 416 0 76 160 NA NA NA NA 592 797 0 160 331 NA NA NA NA 2978 2955 721 500 940 NA NA NA NA 1435 2501 833 486 1062 NA NA NA
1599512400.0 10825.0 NA 211 407 0 76 169 NA NA NA NA 563 800 0 157 329 NA NA NA NA 2649 2606 712 398 850 NA NA NA NA 1108 2561 938 401 933 NA NA NA
1599512400.0 10826.0 NA 207 412 0 76 159 NA NA NA NA 579 782 0 161 330 NA NA NA NA 3556 3106 718 470 770 NA NA NA NA 2511 2385 954 518 862 NA NA NA
1599512400.0 10842.0 NA 202 402 0 76 154 NA NA NA NA 526 853 0 161 327 NA NA NA NA 3094 2850 708 464 849 NA NA NA NA 1450 2553 803 576 905 NA NA NA
1599512400.0 10842.501 NA 197 97 0 NA NA NA NA NA NA 572 252 0 NA NA NA NA NA NA 3002 840 137 NA NA NA NA NA NA 1448 722 362 NA NA NA NA NA
1599512400.0 10842.502 NA 210 92 0 NA NA NA NA NA NA 627 256 0 NA NA NA NA NA NA 2664 1032 131 NA NA NA NA NA NA 962 859 216 NA NA NA NA NA
1599512400.0 10859.0 NA 220 421 0 77 159 NA NA NA NA 596 851 0 164 328 NA NA NA NA 3035 3862 733 497 799 NA NA NA NA 1437 3129 1138 485 837 NA NA NA
1599512400.0 10871.0 NA 213 405 0 76 155 NA NA NA NA 626 836 0 160 331 NA NA NA NA 2732 2945 715 510 846 NA NA NA NA 919 2650 884 606 994 NA NA NA
1599512400.0 109.0 83 113 288 NA NA NA NA NA NA 219 521 685 NA NA NA NA NA NA 2424 980 2136 NA NA NA NA NA NA 1318 615 1893 NA NA NA NA NA NA
1599512400.0 11.0 NA 115 298 0 79 NA NA NA NA NA 478 652 0 150 NA NA NA NA NA 1804 2357 522 443 NA NA NA NA NA 971 1925 672 294 NA NA NA NA
1599512400.0 110.0 62 120 277 NA NA NA NA NA NA 158 444 670 NA NA NA NA NA NA 1043 708 2323 NA NA NA NA NA NA 907 496 2401 NA NA NA NA NA NA
1599512400.0 1102.0 NA 137 310 153 85 NA NA NA NA NA 463 703 520 197 NA NA NA NA NA 2730 4557 2455 417 NA NA NA NA NA 1268 2637 1380 360 NA NA NA NA
1599512400.0 11024.0 NA 442 712 0 156 NA NA NA NA NA 870 1193 0 328 NA NA NA NA NA 5890 6344 739 893 NA NA NA NA NA 2642 4304 888 1008 NA NA NA NA
1599512400.0 11024.15 NA 410 706 0 181 NA NA NA NA NA 819 1160 0 362 NA NA NA NA NA 5818 5704 751 905 NA NA NA NA NA 2625 4264 927 922 NA NA NA NA
1599512400.0 11024.2 NA 425 700 0 155 NA NA NA NA NA 820 1160 0 332 NA NA NA NA NA 5944 6003 680 828 NA NA NA NA NA 2384 3208 830 1081 NA NA NA NA
1599512400.0 11024.3 NA 423 675 0 159 NA NA NA NA NA 856 1138 0 327 NA NA NA NA NA 6037 5607 684 879 NA NA NA NA NA 2360 3960 814 994 NA NA NA NA
1599512400.0 11024.6 NA 437 711 0 157 NA NA NA NA NA 837 1156 0 329 NA NA NA NA NA 5946 6231 752 879 NA NA NA NA NA 2939 3466 1010 964 NA NA NA NA
1599512400.0 11025.0 NA 428 705 0 161 NA NA NA NA NA 794 1160 0 323 NA NA NA NA NA 6708 5393 737 906 NA NA NA NA NA 3085 3687 882 815 NA NA NA NA
1599512400.0 111.0 78 109 289 NA NA NA NA NA NA 214 488 650 NA NA NA NA NA NA 1403 620 1994 NA NA NA NA NA NA 907 611 2166 NA NA NA NA NA NA
1599512400.0 112.0 84 108 282 NA NA NA NA NA NA 224 468 681 NA NA NA NA NA NA 1840 807 2152 NA NA NA NA NA NA 1054 557 2298 NA NA NA NA NA NA
1599512400.0 11224.0 NA 180 407 0 NA NA NA NA NA NA 564 817 0 NA NA NA NA NA NA 1462 2950 742 NA NA NA NA NA NA 806 3086 1041 NA NA NA NA NA
1599512400.0 11224.6 NA 185 408 0 NA NA NA NA NA NA 556 815 0 NA NA NA NA NA NA 1618 2971 720 NA NA NA NA NA NA 1116 2459 966 NA NA NA NA NA
1599512400.0 113.0 83 111 287 NA NA NA NA NA NA 219 463 626 NA NA NA NA NA NA 1866 860 2131 NA NA NA NA NA NA 953 537 2377 NA NA NA NA NA NA
1599512400.0 114.0 80 110 280 NA NA NA NA NA NA 214 426 627 NA NA NA NA NA NA 2192 792 2191 NA NA NA NA NA NA 1369 509 2453 NA NA NA NA NA NA
1599512400.0 115.0 76 122 281 NA NA NA NA NA NA 218 449 617 NA NA NA NA NA NA 2132 759 2256 NA NA NA NA NA NA 1017 635 2176 NA NA NA NA NA NA
1599512400.0 116.0 82 122 282 NA NA NA NA NA NA 215 495 602 NA NA NA NA NA NA 1986 730 2225 NA NA NA NA NA NA 1199 647 2170 NA NA NA NA NA NA
1599512400.0 11634.0 NA 283 468 0 94 NA NA NA NA NA 676 840 0 189 NA NA NA NA NA 2693 3127 903 845 NA NA NA NA NA 2311 2869 1316 937 NA NA NA NA
1599512400.0 11634.1 NA 280 224 0 NA NA NA NA NA NA 735 431 0 NA NA NA NA NA NA 2500 1482 401 NA NA NA NA NA NA 1891 1715 530 NA NA NA NA NA
1599512400.0 11634.24 NA 211 429 0 81 NA NA NA NA NA 613 830 0 158 NA NA NA NA NA 1435 2982 848 702 NA NA NA NA NA 1326 3942 1043 2457 NA NA NA NA
1599512400.0 11634.5 NA 283 114 0 NA NA NA NA NA NA 750 281 0 NA NA NA NA NA NA 2453 1444 138 NA NA NA NA NA NA 1831 1225 1420 NA NA NA NA NA
1599512400.0 11634.501 NA 274 114 0 NA NA NA NA NA NA 699 283 0 NA NA NA NA NA NA 2308 1021 135 NA NA NA NA NA NA 1875 1030 293 NA NA NA NA NA
1599512400.0 11634.502 NA 284 113 0 NA NA NA NA NA NA 724 276 0 NA NA NA NA NA NA 2329 1066 129 NA NA NA NA NA NA 1841 862 247 NA NA NA NA NA
1599512400.0 11634.511 NA 279 110 0 NA NA NA NA NA NA 687 222 0 NA NA NA NA NA NA 2677 642 145 NA NA NA NA NA NA 1989 886 350 NA NA NA NA NA
1599512400.0 11634.512 NA 281 110 0 NA NA NA NA NA NA 746 226 0 NA NA NA NA NA NA 2267 638 139 NA NA NA NA NA NA 1495 1103 285 NA NA NA NA NA
1599512400.0 11634.521 NA 279 100 0 NA NA NA NA NA NA 735 199 0 NA NA NA NA NA NA 2396 602 143 NA NA NA NA NA NA 1639 745 202 NA NA NA NA NA
1599512400.0 11634.522 NA 280 101 0 NA NA NA NA NA NA 709 199 0 NA NA NA NA NA NA 2309 622 152 NA NA NA NA NA NA 1645 824 378 NA NA NA NA NA
1599512400.0 11634.7 NA 282 471 0 NA NA NA NA NA NA 779 788 0 NA NA NA NA NA NA 2272 5272 890 NA NA NA NA NA NA 2280 5369 956 NA NA NA NA NA
1599512400.0 11640.0 NA 267 447 0 83 NA NA NA NA NA 688 843 0 176 NA NA NA NA NA 2185 3502 856 906 NA NA NA NA NA 1444 4857 978 935 NA NA NA NA
1599512400.0 11646.0 NA 272 460 0 87 NA NA NA NA NA 737 790 0 174 NA NA NA NA NA 2253 5601 904 893 NA NA NA NA NA 1942 6287 2358 941 NA NA NA NA
1599512400.0 11650.0 NA 278 463 0 99 NA NA NA NA NA 688 860 0 195 NA NA NA NA NA 2223 3084 896 1039 NA NA NA NA NA 2533 2775 1777 882 NA NA NA NA
1599512400.0 11650.501 NA 276 110 0 NA NA NA NA NA NA 747 277 0 NA NA NA NA NA NA 2254 1095 133 NA NA NA NA NA NA 1411 1063 228 NA NA NA NA NA
1599512400.0 11650.502 NA 275 104 0 NA NA NA NA NA NA 701 285 0 NA NA NA NA NA NA 2343 1038 133 NA NA NA NA NA NA 1454 1039 303 NA NA NA NA NA
1599512400.0 117.0 91 113 284 NA NA NA NA NA NA 217 482 632 NA NA NA NA NA NA 2535 913 2182 NA NA NA NA NA NA 1282 513 2371 NA NA NA NA NA NA
1599512400.0 118.0 80 114 288 NA NA NA NA NA NA 214 448 710 NA NA NA NA NA NA 2747 665 2288 NA NA NA NA NA NA 1180 390 2575 NA NA NA NA NA NA
1599512400.0 11834.0 NA 543 879 0 164 NA NA NA NA NA 1038 1377 0 328 NA NA NA NA NA 7558 8559 944 955 NA NA NA NA NA 4546 4693 2284 786 NA NA NA NA
1599512400.0 11834.24 NA 790 1818 0 164 NA NA NA NA NA 1560 3235 0 334 NA NA NA NA NA 20093 86576 874 1042 NA NA NA NA NA 9608 31776 1709 1095 NA NA NA NA
1599512400.0 11834.99 NA 463 561 631 0 164 NA NA NA NA 865 941 1007 0 329 NA NA NA NA 5863 4933 7155 943 1064 NA NA NA NA 3682 4024 4407 1336 918 NA NA NA
1599512400.0 11846.0 NA 553 867 0 163 NA NA NA NA NA 1058 1252 0 328 NA NA NA NA NA 6475 7848 928 982 NA NA NA NA NA 4155 4426 1063 1027 NA NA NA NA
1599512400.0 119.0 80 104 274 NA NA NA NA NA NA 217 490 644 NA NA NA NA NA NA 1586 668 2087 NA NA NA NA NA NA 1089 623 2218 NA NA NA NA NA NA
1599512400.0 12.0 NA 134 308 0 NA NA NA NA NA NA 481 663 0 NA NA NA NA NA NA 2238 3625 511 NA NA NA NA NA NA 1168 2497 724 NA NA NA NA NA
1599512400.0 120.0 63 103 287 NA NA NA NA NA NA 167 427 627 NA NA NA NA NA NA 794 717 1929 NA NA NA NA NA NA 690 576 2147 NA NA NA NA NA NA
1599512400.0 12024.0 NA 283 465 0 NA NA NA NA NA NA 744 839 0 NA NA NA NA NA NA 2558 3213 906 NA NA NA NA NA NA 2062 3148 1301 NA NA NA NA NA
1599512400.0 121.0 83 115 287 NA NA NA NA NA NA 221 474 684 NA NA NA NA NA NA 2494 699 2357 NA NA NA NA NA NA 1353 410 2195 NA NA NA NA NA NA
1599512400.0 122.0 58 0 0 NA NA NA NA NA NA 156 0 0 NA NA NA NA NA NA 647 216 1588 NA NA NA NA NA NA 946 356 2595 NA NA NA NA NA NA
1599512400.0 123.1 321 NA NA NA NA NA NA NA NA 967 NA NA NA NA NA NA NA NA 1633 NA NA NA NA NA NA NA NA 1384 NA NA NA NA NA NA NA NA
1599512400.0 123.2 320 NA NA NA NA NA NA NA NA 973 NA NA NA NA NA NA NA NA 1698 NA NA NA NA NA NA NA NA 1513 NA NA NA NA NA NA NA NA
1599512400.0 123.3 272 NA NA NA NA NA NA NA NA 811 NA NA NA NA NA NA NA NA 1387 NA NA NA NA NA NA NA NA 1439 NA NA NA NA NA NA NA NA
1599512400.0 124.1 310 NA NA NA NA NA NA NA NA 930 NA NA NA NA NA NA NA NA 1552 NA NA NA NA NA NA NA NA 1218 NA NA NA NA NA NA NA NA
1599512400.0 124.2 308 NA NA NA NA NA NA NA NA 900 NA NA NA NA NA NA NA NA 1654 NA NA NA NA NA NA NA NA 1592 NA NA NA NA NA NA NA NA
1599512400.0 124.4 315 NA NA NA NA NA NA NA NA 851 NA NA NA NA NA NA NA NA 1547 NA NA NA NA NA NA NA NA 1749 NA NA NA NA NA NA NA NA
1599512400.0 124.5 308 NA NA NA NA NA NA NA NA 877 NA NA NA NA NA NA NA NA 1630 NA NA NA NA NA NA NA NA 1401 NA NA NA NA NA NA NA NA
1599512400.0 124.6 268 NA NA NA NA NA NA NA NA 777 NA NA NA NA NA NA NA NA 1774 NA NA NA NA NA NA NA NA 1767 NA NA NA NA NA NA NA NA
1599512400.0 12434.0 NA 304 475 0 93 NA NA NA NA NA 754 844 0 181 NA NA NA NA NA 2521 4863 913 1068 NA NA NA NA NA 1670 4733 2516 1181 NA NA NA NA
1599512400.0 125.0 86 111 276 NA NA NA NA NA NA 217 503 612 NA NA NA NA NA NA 2397 748 2136 NA NA NA NA NA NA 1027 631 2314 NA NA NA NA NA NA
1599512400.0 126.0 68 107 279 NA NA NA NA NA NA 183 502 617 NA NA NA NA NA NA 1422 643 2049 NA NA NA NA NA NA 955 462 2399 NA NA NA NA NA NA
1599512400.0 12634.0 NA 455 691 0 164 NA NA NA NA NA 904 1081 0 327 NA NA NA NA NA 4843 5623 917 983 NA NA NA NA NA 3572 4364 1062 795 NA NA NA NA
1599512400.0 12634.99 NA 331 481 557 0 157 NA NA NA NA 679 896 841 0 320 NA NA NA NA 3868 3961 4836 938 1194 NA NA NA NA 2649 2899 5072 1241 2045 NA NA NA
1599512400.0 127.0 61 119 277 NA NA NA NA NA NA 159 433 625 NA NA NA NA NA NA 1257 1125 1991 NA NA NA NA NA NA 910 763 2992 NA NA NA NA NA NA
1599512400.0 128.0 60 106 281 NA NA NA NA NA NA 157 439 624 NA NA NA NA NA NA 856 657 2054 NA NA NA NA NA NA 1124 479 2202 NA NA NA NA NA NA
1599512400.0 12834.0 NA 291 483 0 94 NA NA NA NA NA 717 848 0 194 NA NA NA NA NA 3000 4927 906 1899 NA NA NA NA NA 1818 3683 1507 1556 NA NA NA NA
1599512400.0 129.0 63 115 270 NA NA NA NA NA NA 159 435 620 NA NA NA NA NA NA 866 718 2176 NA NA NA NA NA NA 1480 531 2071 NA NA NA NA NA NA
1599512400.0 13.0 NA 115 297 0 NA NA NA NA NA NA 474 627 0 NA NA NA NA NA NA 649 2758 456 NA NA NA NA NA NA 325 2303 729 NA NA NA NA NA
1599512400.0 130.0 63 106 277 NA NA NA NA NA NA 159 489 678 NA NA NA NA NA NA 734 629 2096 NA NA NA NA NA NA 523 460 2203 NA NA NA NA NA NA
1599512400.0 1301.0 71 151 204 NA NA NA NA NA NA 193 467 561 NA NA NA NA NA NA 1571 1536 1479 NA NA NA NA NA NA 891 791 1419 NA NA NA NA NA NA
1599512400.0 1301.17 69 212 223 NA NA NA NA NA NA 167 612 723 NA NA NA NA NA NA 1681 2704 1905 NA NA NA NA NA NA 1240 1138 1563 NA NA NA NA NA NA
1599512400.0 1302.0 83 156 212 NA NA NA NA NA NA 197 513 600 NA NA NA NA NA NA 3183 1608 1573 NA NA NA NA NA NA 1211 846 1496 NA NA NA NA NA NA
1599512400.0 1302.17 68 216 241 NA NA NA NA NA NA 168 582 731 NA NA NA NA NA NA 3670 2826 1893 NA NA NA NA NA NA 1569 1228 1570 NA NA NA NA NA NA
1599512400.0 1302.18 74 208 197 135 157 NA NA NA NA 169 549 665 261 328 NA NA NA NA 2951 2675 1843 1005 879 NA NA NA NA 1385 944 1135 1079 950 NA NA NA NA
1599512400.0 1302.181 82 204 196 147 161 NA NA NA NA 175 540 709 276 327 NA NA NA NA 3381 2815 1813 821 806 NA NA NA NA 3044 1206 1481 856 963 NA NA NA NA
1599512400.0 1303.0 80 154 212 NA NA NA NA NA NA 194 506 605 NA NA NA NA NA NA 4791 1535 1893 NA NA NA NA NA NA 2351 764 1657 NA NA NA NA NA NA
1599512400.0 1303.17 76 214 243 NA NA NA NA NA NA 183 542 725 NA NA NA NA NA NA 4917 2720 2156 NA NA NA NA NA NA 2471 986 2038 NA NA NA NA NA NA
1599512400.0 13034.0 NA 453 691 0 170 NA NA NA NA NA 934 1032 0 321 NA NA NA NA NA 5028 5668 920 1039 NA NA NA NA NA 3676 5018 1242 1250 NA NA NA NA
1599512400.0 13034.99 NA 328 473 555 0 162 NA NA NA NA 697 963 832 0 329 NA NA NA NA 3793 4208 5043 928 1458 NA NA NA NA 2651 2884 5489 1220 1943 NA NA NA
1599512400.0 1304.18 79 207 193 134 154 NA NA NA NA 164 554 657 265 329 NA NA NA NA 2512 2661 1633 955 828 NA NA NA NA 1345 987 1133 977 880 NA NA NA NA
1599512400.0 1304.181 72 194 201 135 152 NA NA NA NA 169 569 708 270 329 NA NA NA NA 3042 2836 2274 801 894 NA NA NA NA 1355 1390 1524 845 1180 NA NA NA NA
1599512400.0 1304.182 72 207 195 139 NA NA NA NA NA 168 590 671 270 NA NA NA NA NA 2173 2680 1378 868 NA NA NA NA NA 1323 1003 1183 904 NA NA NA NA NA
1599512400.0 1306.0 NA 153 302 0 NA NA NA NA NA NA 466 702 0 NA NA NA NA NA NA 1830 2126 417 NA NA NA NA NA NA 1102 2305 498 NA NA NA NA NA
1599512400.0 1307.0 NA 163 164 53 0 NA NA NA NA NA 534 305 126 0 NA NA NA NA NA 1828 990 147 245 NA NA NA NA NA 902 671 232 399 NA NA NA NA
1599512400.0 1308.0 NA 149 153 46 0 NA NA NA NA NA 487 300 118 0 NA NA NA NA NA 1737 917 140 240 NA NA NA NA NA 1024 846 405 383 NA NA NA NA
1599512400.0 1309.0 NA 165 318 0 NA NA NA NA NA NA 498 672 0 NA NA NA NA NA NA 1796 2108 463 NA NA NA NA NA NA 987 2333 692 NA NA NA NA NA
1599512400.0 131.0 65 109 285 NA NA NA NA NA NA 165 488 661 NA NA NA NA NA NA 1143 694 1968 NA NA NA NA NA NA 829 638 2169 NA NA NA NA NA NA
1599512400.0 1310.0 NA 156 314 0 NA NA NA NA NA NA 562 665 0 NA NA NA NA NA NA 1798 2468 452 NA NA NA NA NA NA 874 2217 636 NA NA NA NA NA
1599512400.0 1311.0 NA 161 322 0 76 NA NA NA NA NA 476 688 0 156 NA NA NA NA NA 1884 1979 475 434 NA NA NA NA NA 1042 2364 634 312 NA NA NA NA
1599512400.0 1312.0 NA 157 318 0 NA NA NA NA NA NA 540 694 0 NA NA NA NA NA NA 1673 2478 453 NA NA NA NA NA NA 892 2410 662 NA NA NA NA NA
1599512400.0 1313.0 NA 157 330 0 NA NA NA NA NA NA 489 696 0 NA NA NA NA NA NA 1640 2690 449 NA NA NA NA NA NA 924 2632 679 NA NA NA NA NA
1599512400.0 1314.0 NA 158 314 0 NA NA NA NA NA NA 493 668 0 NA NA NA NA NA NA 1828 2328 443 NA NA NA NA NA NA 1106 2185 519 NA NA NA NA NA
1599512400.0 1315.0 NA 151 303 0 NA NA NA NA NA NA 554 631 0 NA NA NA NA NA NA 1805 2092 414 NA NA NA NA NA NA 882 2352 486 NA NA NA NA NA
1599512400.0 1316.0 NA 159 310 0 NA NA NA NA NA NA 524 675 0 NA NA NA NA NA NA 1690 2148 426 NA NA NA NA NA NA 1312 1866 929 NA NA NA NA NA
1599512400.0 1317.0 NA 151 310 0 156 NA NA NA NA NA 500 620 0 330 NA NA NA NA NA 1540 2318 415 822 NA NA NA NA NA 788 2370 816 845 NA NA NA NA
1599512400.0 1318.0 NA 151 309 0 132 NA NA NA NA NA 475 626 0 257 NA NA NA NA NA 2225 2936 420 744 NA NA NA NA NA 1818 2926 695 848 NA NA NA NA
1599512400.0 1319.0 NA 159 308 0 NA NA NA NA NA NA 501 694 0 NA NA NA NA NA NA 1672 2085 425 NA NA NA NA NA NA 949 2282 604 NA NA NA NA NA
1599512400.0 132.0 82 114 284 NA NA NA NA NA NA 220 521 672 NA NA NA NA NA NA 2350 754 2293 NA NA NA NA NA NA 1292 462 2247 NA NA NA NA NA NA
1599512400.0 1320.0 NA 158 305 0 147 NA NA NA NA NA 546 688 0 328 NA NA NA NA NA 1886 2224 428 775 NA NA NA NA NA 868 2267 712 1199 NA NA NA NA
1599512400.0 1321.0 NA 152 307 0 158 NA NA NA NA NA 489 659 0 328 NA NA NA NA NA 1543 2254 425 909 NA NA NA NA NA 927 2229 712 988 NA NA NA NA
1599512400.0 1322.0 NA 159 306 0 152 NA NA NA NA NA 545 667 0 318 NA NA NA NA NA 1804 2089 430 789 NA NA NA NA NA 839 2832 795 904 NA NA NA NA
1599512400.0 1323.0 NA 151 301 0 NA NA NA NA NA NA 511 683 0 NA NA NA NA NA NA 1551 1946 419 NA NA NA NA NA NA 810 2098 533 NA NA NA NA NA
1599512400.0 1324.0 NA 164 310 0 NA NA NA NA NA NA 558 671 0 NA NA NA NA NA NA 1796 2336 453 NA NA NA NA NA NA 845 2255 633 NA NA NA NA NA
1599512400.0 1325.0 NA 166 314 0 73 156 NA NA NA NA 511 679 0 157 330 NA NA NA NA 1995 2525 448 556 752 NA NA NA NA 1046 2494 562 529 851 NA NA NA
1599512400.0 1325.1 NA 158 176 0 NA NA NA NA NA NA 495 328 0 NA NA NA NA NA NA 2040 872 352 NA NA NA NA NA NA 1378 869 529 NA NA NA NA NA
1599512400.0 1325.2 NA 157 318 0 NA NA NA NA NA NA 524 684 0 NA NA NA NA NA NA 1707 2213 444 NA NA NA NA NA NA 1035 2062 707 NA NA NA NA NA
1599512400.0 1325.3 NA 158 173 0 NA NA NA NA NA NA 554 320 0 NA NA NA NA NA NA 1588 1024 332 NA NA NA NA NA NA 793 873 494 NA NA NA NA NA
1599512400.0 1325.4 NA 165 318 0 NA NA NA NA NA NA 512 641 0 NA NA NA NA NA NA 1754 2576 457 NA NA NA NA NA NA 800 2235 782 NA NA NA NA NA
1599512400.0 1325.5 NA 171 0 NA NA NA NA NA NA NA 322 0 NA NA NA NA NA NA NA 4510 138 NA NA NA NA NA NA NA 5643 290 NA NA NA NA NA NA
1599512400.0 1325.51 NA 178 0 NA NA NA NA NA NA NA 306 0 NA NA NA NA NA NA NA 2024 135 NA NA NA NA NA NA NA 2810 194 NA NA NA NA NA NA
1599512400.0 1325.516 NA 172 0 NA NA NA NA NA NA NA 300 0 NA NA NA NA NA NA NA 2596 138 NA NA NA NA NA NA NA 3112 250 NA NA NA NA NA NA
1599512400.0 1325.5161 NA 172 0 NA NA NA NA NA NA NA 320 0 NA NA NA NA NA NA NA 2730 139 NA NA NA NA NA NA NA 2954 199 NA NA NA NA NA NA
1599512400.0 1325.517 NA 164 0 NA NA NA NA NA NA NA 301 0 NA NA NA NA NA NA NA 2063 138 NA NA NA NA NA NA NA 1904 200 NA NA NA NA NA NA
1599512400.0 1325.518 NA 179 0 NA NA NA NA NA NA NA 329 0 NA NA NA NA NA NA NA 2732 145 NA NA NA NA NA NA NA 2390 583 NA NA NA NA NA NA
1599512400.0 1325.6 NA 200 NA NA NA NA NA NA NA NA 382 NA NA NA NA NA NA NA NA 3220 NA NA NA NA NA NA NA NA 2345 NA NA NA NA NA NA NA
1599512400.0 1325.61 NA 190 NA NA NA NA NA NA NA NA 378 NA NA NA NA NA NA NA NA 2386 NA NA NA NA NA NA NA NA 2343 NA NA NA NA NA NA NA
1599512400.0 1325.7 NA 206 0 NA NA NA NA NA NA NA 385 0 NA NA NA NA NA NA NA 3507 126 NA NA NA NA NA NA NA 2294 276 NA NA NA NA NA NA
1599512400.0 1325.8 NA 206 0 NA NA NA NA NA NA NA 383 0 NA NA NA NA NA NA NA 3390 124 NA NA NA NA NA NA NA 2297 233 NA NA NA NA NA NA
1599512400.0 1325.81 NA 197 0 NA NA NA NA NA NA NA 375 0 NA NA NA NA NA NA NA 2690 134 NA NA NA NA NA NA NA 3565 1404 NA NA NA NA NA NA
1599512400.0 1325.9 NA 181 323 0 80 NA NA NA NA NA 556 697 0 157 NA NA NA NA NA 1953 2442 443 439 NA NA NA NA NA 876 2600 563 334 NA NA NA NA
1599512400.0 1325.91 NA 181 316 0 80 NA NA NA NA NA 521 690 0 157 NA NA NA NA NA 1762 2151 449 449 NA NA NA NA NA 926 1981 681 354 NA NA NA NA
1599512400.0 1326.0 NA 161 316 0 NA NA NA NA NA NA 492 646 0 NA NA NA NA NA NA 1734 2222 442 NA NA NA NA NA NA 929 2367 672 NA NA NA NA NA
1599512400.0 1327.0 NA 154 307 0 NA NA NA NA NA NA 521 707 0 NA NA NA NA NA NA 1558 2491 439 NA NA NA NA NA NA 1046 2389 574 NA NA NA NA NA
1599512400.0 1328.0 NA 158 313 0 NA NA NA NA NA NA 512 675 0 NA NA NA NA NA NA 1591 2427 453 NA NA NA NA NA NA 1045 2531 738 NA NA NA NA NA
1599512400.0 1329.0 NA 156 312 0 162 NA NA NA NA NA 478 677 0 336 NA NA NA NA NA 1711 2155 444 826 NA NA NA NA NA 1001 2011 901 961 NA NA NA NA
1599512400.0 1329.1 NA 203 0 NA NA NA NA NA NA NA 379 0 NA NA NA NA NA NA NA 4701 119 NA NA NA NA NA NA NA 4687 232 NA NA NA NA NA NA
1599512400.0 133.0 80 117 286 NA NA NA NA NA NA 220 506 623 NA NA NA NA NA NA 3324 784 2283 NA NA NA NA NA NA 1329 570 2178 NA NA NA NA NA NA
1599512400.0 1330.0 NA 166 334 0 156 NA NA NA NA NA 512 721 0 327 NA NA NA NA NA 2126 2541 462 878 NA NA NA NA NA 968 2407 759 988 NA NA NA NA
1599512400.0 1331.0 NA 159 317 0 156 NA NA NA NA NA 511 692 0 321 NA NA NA NA NA 1603 2368 432 901 NA NA NA NA NA 801 2414 562 1039 NA NA NA NA
1599512400.0 1332.0 NA 160 314 0 NA NA NA NA NA NA 477 673 0 NA NA NA NA NA NA 1679 2261 442 NA NA NA NA NA NA 846 2167 588 NA NA NA NA NA
1599512400.0 1333.0 NA 159 305 0 NA NA NA NA NA NA 541 680 0 NA NA NA NA NA NA 1652 2438 432 NA NA NA NA NA NA 795 2729 511 NA NA NA NA NA
1599512400.0 1334.0 NA 159 307 0 NA NA NA NA NA NA 467 620 0 NA NA NA NA NA NA 1728 2456 453 NA NA NA NA NA NA 1357 2208 722 NA NA NA NA NA
1599512400.0 1335.0 NA 157 313 0 NA NA NA NA NA NA 509 671 0 NA NA NA NA NA NA 1416 2184 448 NA NA NA NA NA NA 986 2457 750 NA NA NA NA NA
1599512400.0 1336.0 NA 160 324 0 NA NA NA NA NA NA 538 630 0 NA NA NA NA NA NA 1844 3134 458 NA NA NA NA NA NA 946 2641 661 NA NA NA NA NA
1599512400.0 1337.0 NA 169 333 0 NA NA NA NA NA NA 526 702 0 NA NA NA NA NA NA 1647 2651 457 NA NA NA NA NA NA 855 2179 659 NA NA NA NA NA
1599512400.0 1338.0 NA 159 326 0 155 NA NA NA NA NA 532 647 0 328 NA NA NA NA NA 1644 2343 443 869 NA NA NA NA NA 1229 2320 769 1066 NA NA NA NA
1599512400.0 1339.0 NA 169 320 0 NA NA NA NA NA NA 501 649 0 NA NA NA NA NA NA 1983 2369 450 NA NA NA NA NA NA 939 2444 750 NA NA NA NA NA
1599512400.0 134.0 NA 304 37 0 NA NA NA NA NA NA 666 113 0 NA NA NA NA NA NA 3806 134 77 NA NA NA NA NA NA 3117 463 583 NA NA NA NA NA
1599512400.0 134.701 NA 41 340 0 NA NA NA NA NA NA 115 684 0 NA NA NA NA NA NA 265 5482 398 NA NA NA NA NA NA 565 3466 507 NA NA NA NA NA
1599512400.0 134.702 NA 46 337 0 NA NA NA NA NA NA 115 716 0 NA NA NA NA NA NA 230 6506 378 NA NA NA NA NA NA 270 3264 662 NA NA NA NA NA
1599512400.0 134.703 NA 39 352 0 NA NA NA NA NA NA 116 668 0 NA NA NA NA NA NA 241 6406 385 NA NA NA NA NA NA 258 3238 488 NA NA NA NA NA
1599512400.0 134.704 NA 33 345 0 NA NA NA NA NA NA 116 736 0 NA NA NA NA NA NA 245 6158 374 NA NA NA NA NA NA 707 3776 653 NA NA NA NA NA
1599512400.0 134.705 NA 35 349 0 NA NA NA NA NA NA 119 758 0 NA NA NA NA NA NA 248 6658 408 NA NA NA NA NA NA 368 3662 531 NA NA NA NA NA
1599512400.0 134.706 NA 36 352 0 NA NA NA NA NA NA 128 761 0 NA NA NA NA NA NA 289 7360 424 NA NA NA NA NA NA 575 3855 549 NA NA NA NA NA
1599512400.0 134.707 NA 33 346 0 NA NA NA NA NA NA 118 668 0 NA NA NA NA NA NA 262 6288 375 NA NA NA NA NA NA 749 3146 496 NA NA NA NA NA
1599512400.0 134.708 NA 33 345 0 NA NA NA NA NA NA 117 667 0 NA NA NA NA NA NA 249 6448 380 NA NA NA NA NA NA 636 3550 639 NA NA NA NA NA
1599512400.0 134.709 NA 34 512 0 NA NA NA NA NA NA 119 873 0 NA NA NA NA NA NA 263 6372 385 NA NA NA NA NA NA 579 4165 694 NA NA NA NA NA
1599512400.0 134.71 NA 31 320 0 NA NA NA NA NA NA 112 661 0 NA NA NA NA NA NA 240 4566 361 NA NA NA NA NA NA 433 2667 615 NA NA NA NA NA
1599512400.0 134.801 NA 35 345 0 NA NA NA NA NA NA 120 713 0 NA NA NA NA NA NA 245 4959 373 NA NA NA NA NA NA 245 3750 611 NA NA NA NA NA
1599512400.0 134.802 NA 31 346 0 NA NA NA NA NA NA 118 682 0 NA NA NA NA NA NA 240 7505 380 NA NA NA NA NA NA 232 3540 543 NA NA NA NA NA
1599512400.0 134.803 NA 37 345 0 NA NA NA NA NA NA 117 735 0 NA NA NA NA NA NA 243 6948 381 NA NA NA NA NA NA 245 3873 637 NA NA NA NA NA
1599512400.0 134.804 NA 39 358 0 NA NA NA NA NA NA 123 763 0 NA NA NA NA NA NA 254 7618 379 NA NA NA NA NA NA 572 3915 807 NA NA NA NA NA
1599512400.0 134.805 NA 47 351 0 NA NA NA NA NA NA 120 766 0 NA NA NA NA NA NA 290 7424 393 NA NA NA NA NA NA 922 3913 579 NA NA NA NA NA
1599512400.0 134.806 NA 36 359 0 NA NA NA NA NA NA 125 703 0 NA NA NA NA NA NA 241 8381 377 NA NA NA NA NA NA 390 3918 442 NA NA NA NA NA
1599512400.0 134.807 NA 97 378 0 NA NA NA NA NA NA 247 772 0 NA NA NA NA NA NA 1458 8375 491 NA NA NA NA NA NA 1454 4117 786 NA NA NA NA NA
1599512400.0 134.808 NA 103 377 0 NA NA NA NA NA NA 258 713 0 NA NA NA NA NA NA 1152 8652 429 NA NA NA NA NA NA 819 4337 498 NA NA NA NA NA
1599512400.0 134.809 NA 33 341 0 NA NA NA NA NA NA 119 722 0 NA NA NA NA NA NA 251 7253 380 NA NA NA NA NA NA 365 3704 522 NA NA NA NA NA
1599512400.0 134.81 NA 31 348 0 NA NA NA NA NA NA 119 763 0 NA NA NA NA NA NA 279 7554 384 NA NA NA NA NA NA 700 4173 584 NA NA NA NA NA
1599512400.0 134.811 NA 35 350 0 NA NA NA NA NA NA 120 755 0 NA NA NA NA NA NA 266 7641 383 NA NA NA NA NA NA 544 4178 597 NA NA NA NA NA
1599512400.0 134.812 NA 32 325 0 NA NA NA NA NA NA 118 649 0 NA NA NA NA NA NA 248 4806 356 NA NA NA NA NA NA 554 2695 589 NA NA NA NA NA
1599512400.0 134.813 NA 151 76 0 NA NA NA NA NA NA 296 152 0 NA NA NA NA NA NA 985 200 239 NA NA NA NA NA NA 731 355 336 NA NA NA NA NA
1599512400.0 134.901 NA 43 338 0 NA NA NA NA NA NA 115 719 0 NA NA NA NA NA NA 245 5285 382 NA NA NA NA NA NA 586 3369 1148 NA NA NA NA NA
1599512400.0 134.902 NA 38 342 0 NA NA NA NA NA NA 119 717 0 NA NA NA NA NA NA 291 5881 382 NA NA NA NA NA NA 525 4110 610 NA NA NA NA NA
1599512400.0 134.903 NA 36 335 0 NA NA NA NA NA NA 120 730 0 NA NA NA NA NA NA 229 6312 380 NA NA NA NA NA NA 407 3648 477 NA NA NA NA NA
1599512400.0 134.904 NA 37 347 0 NA NA NA NA NA NA 120 690 0 NA NA NA NA NA NA 254 6777 380 NA NA NA NA NA NA 554 3501 617 NA NA NA NA NA
1599512400.0 134.905 NA 47 345 0 NA NA NA NA NA NA 119 667 0 NA NA NA NA NA NA 241 5603 384 NA NA NA NA NA NA 462 3439 638 NA NA NA NA NA
1599512400.0 134.906 NA 33 342 0 NA NA NA NA NA NA 120 724 0 NA NA NA NA NA NA 245 6417 383 NA NA NA NA NA NA 342 3929 910 NA NA NA NA NA
1599512400.0 134.907 NA 109 360 0 NA NA NA NA NA NA 250 731 0 NA NA NA NA NA NA 995 6512 417 NA NA NA NA NA NA 1217 3444 601 NA NA NA NA NA
1599512400.0 134.908 NA 112 369 0 NA NA NA NA NA NA 264 812 0 NA NA NA NA NA NA 930 6670 404 NA NA NA NA NA NA 678 3694 648 NA NA NA NA NA
1599512400.0 134.909 NA 45 342 0 NA NA NA NA NA NA 121 689 0 NA NA NA NA NA NA 250 5830 380 NA NA NA NA NA NA 520 3160 924 NA NA NA NA NA
1599512400.0 134.91 NA 48 344 0 NA NA NA NA NA NA 120 720 0 NA NA NA NA NA NA 229 6311 384 NA NA NA NA NA NA 858 4079 492 NA NA NA NA NA
1599512400.0 134.911 NA 47 339 0 NA NA NA NA NA NA 120 675 0 NA NA NA NA NA NA 266 5926 377 NA NA NA NA NA NA 854 3456 625 NA NA NA NA NA
1599512400.0 134.912 NA 36 327 0 NA NA NA NA NA NA 114 697 0 NA NA NA NA NA NA 240 5951 370 NA NA NA NA NA NA 476 3374 520 NA NA NA NA NA
1599512400.0 134.99601 NA 35 357 0 NA NA NA NA NA NA 124 749 0 NA NA NA NA NA NA 284 8301 377 NA NA NA NA NA NA 514 3794 640 NA NA NA NA NA
1599512400.0 134.99602 NA 46 343 0 NA NA NA NA NA NA 120 695 0 NA NA NA NA NA NA 287 5577 373 NA NA NA NA NA NA 859 3005 457 NA NA NA NA NA
1599512400.0 134.99603 NA 47 350 0 NA NA NA NA NA NA 120 729 0 NA NA NA NA NA NA 295 6793 379 NA NA NA NA NA NA 655 3129 533 NA NA NA NA NA
1599512400.0 134.99901 NA 44 339 0 NA NA NA NA NA NA 120 648 0 NA NA NA NA NA NA 270 5999 383 NA NA NA NA NA NA 768 4331 922 NA NA NA NA NA
1599512400.0 1340.0 NA 157 300 0 NA NA NA NA NA NA 543 595 0 NA NA NA NA NA NA 1497 2020 439 NA NA NA NA NA NA 897 2178 701 NA NA NA NA NA
1599512400.0 1341.0 NA 171 323 0 NA NA NA NA NA NA 538 706 0 NA NA NA NA NA NA 1848 3093 456 NA NA NA NA NA NA 1118 2736 706 NA NA NA NA NA
1599512400.0 1343.0 NA 158 317 0 NA NA NA NA NA NA 533 670 0 NA NA NA NA NA NA 1686 2376 448 NA NA NA NA NA NA 1301 2170 511 NA NA NA NA NA
1599512400.0 1344.0 NA 157 311 0 NA NA NA NA NA NA 476 682 0 NA NA NA NA NA NA 1675 2223 449 NA NA NA NA NA NA 1147 2144 743 NA NA NA NA NA
1599512400.0 1345.0 NA 157 317 0 NA NA NA NA NA NA 418 648 0 NA NA NA NA NA NA 1603 2457 446 NA NA NA NA NA NA 889 2356 694 NA NA NA NA NA
1599512400.0 1347.0 NA 162 311 0 NA NA NA NA NA NA 500 627 0 NA NA NA NA NA NA 1948 2196 438 NA NA NA NA NA NA 1098 2054 493 NA NA NA NA NA
1599512400.0 1348.0 NA 155 311 0 NA NA NA NA NA NA 542 653 0 NA NA NA NA NA NA 1618 2272 435 NA NA NA NA NA NA 1086 2296 524 NA NA NA NA NA
1599512400.0 1349.0 NA 153 306 0 NA NA NA NA NA NA 547 698 0 NA NA NA NA NA NA 1562 2446 437 NA NA NA NA NA NA 831 2252 507 NA NA NA NA NA
1599512400.0 135.1 426 0 132 NA NA NA NA NA NA 1033 0 248 NA NA NA NA NA NA 1642 247 738 NA NA NA NA NA NA 1449 413 787 NA NA NA NA NA NA
1599512400.0 135.11 430 0 135 NA NA NA NA NA NA 1035 0 250 NA NA NA NA NA NA 2092 251 821 NA NA NA NA NA NA 1734 368 772 NA NA NA NA NA NA
1599512400.0 135.12 420 0 133 NA NA NA NA NA NA 925 0 244 NA NA NA NA NA NA 1654 261 1185 NA NA NA NA NA NA 2210 444 1734 NA NA NA NA NA NA
1599512400.0 135.13 425 0 NA NA NA NA NA NA NA 1086 0 NA NA NA NA NA NA NA 1602 315 NA NA NA NA NA NA NA 1361 494 NA NA NA NA NA NA NA
1599512400.0 135.2 384 0 127 NA NA NA NA NA NA 987 0 239 NA NA NA NA NA NA 1613 243 962 NA NA NA NA NA NA 2291 410 1237 NA NA NA NA NA NA
1599512400.0 135.3 373 0 131 NA NA NA NA NA NA 966 0 242 NA NA NA NA NA NA 1702 245 766 NA NA NA NA NA NA 2294 386 793 NA NA NA NA NA NA
1599512400.0 135.4 411 0 136 NA NA NA NA NA NA 1036 0 248 NA NA NA NA NA NA 1625 257 762 NA NA NA NA NA NA 1754 455 828 NA NA NA NA NA NA
1599512400.0 135.5 413 0 133 NA NA NA NA NA NA 1027 0 250 NA NA NA NA NA NA 1750 258 763 NA NA NA NA NA NA 1783 502 820 NA NA NA NA NA NA
1599512400.0 135.6 413 0 132 NA NA NA NA NA NA 933 0 246 NA NA NA NA NA NA 1697 274 841 NA NA NA NA NA NA 2069 620 885 NA NA NA NA NA NA
1599512400.0 135.7 415 0 136 NA NA NA NA NA NA 979 0 246 NA NA NA NA NA NA 1755 244 807 NA NA NA NA NA NA 1526 437 812 NA NA NA NA NA NA
1599512400.0 135.8 250 NA NA NA NA NA NA NA NA 424 NA NA NA NA NA NA NA NA 763 NA NA NA NA NA NA NA NA 613 NA NA NA NA NA NA NA NA
1599512400.0 135.9 413 0 136 NA NA NA NA NA NA 982 0 245 NA NA NA NA NA NA 1844 259 687 NA NA NA NA NA NA 2013 420 777 NA NA NA NA NA NA
1599512400.0 1350.0 NA 160 313 0 NA NA NA NA NA NA 528 621 0 NA NA NA NA NA NA 1550 2497 445 NA NA NA NA NA NA 711 2755 720 NA NA NA NA NA
1599512400.0 1351.0 NA 154 312 0 NA NA NA NA NA NA 475 664 0 NA NA NA NA NA NA 1718 2270 450 NA NA NA NA NA NA 1001 2140 757 NA NA NA NA NA
1599512400.0 1352.0 NA 158 319 0 NA NA NA NA NA NA 550 671 0 NA NA NA NA NA NA 1803 2129 442 NA NA NA NA NA NA 920 2404 590 NA NA NA NA NA
1599512400.0 1353.0 NA 155 318 0 NA NA NA NA NA NA 509 622 0 NA NA NA NA NA NA 1549 2260 443 NA NA NA NA NA NA 792 2240 603 NA NA NA NA NA
1599512400.0 1354.0 NA 158 317 0 NA NA NA NA NA NA 477 700 0 NA NA NA NA NA NA 1663 2333 446 NA NA NA NA NA NA 850 2198 777 NA NA NA NA NA
1599512400.0 1355.0 NA 154 316 0 NA NA NA NA NA NA 536 643 0 NA NA NA NA NA NA 1825 2248 443 NA NA NA NA NA NA 892 2211 532 NA NA NA NA NA
1599512400.0 1356.0 87 154 316 0 144 NA NA NA NA 196 471 666 0 262 NA NA NA NA 1898 2104 2874 443 870 NA NA NA NA 1130 1679 2403 1789 1508 NA NA NA NA
1599512400.0 136.721 NA 96 353 0 NA NA NA NA NA NA 176 685 0 NA NA NA NA NA NA 601 7211 380 NA NA NA NA NA NA 373 4030 458 NA NA NA NA NA
1599512400.0 136.722 NA 89 349 0 NA NA NA NA NA NA 171 734 0 NA NA NA NA NA NA 868 7728 367 NA NA NA NA NA NA 987 3808 465 NA NA NA NA NA
1599512400.0 136.723 NA 95 353 0 NA NA NA NA NA NA 174 740 0 NA NA NA NA NA NA 812 7375 384 NA NA NA NA NA NA 746 3914 494 NA NA NA NA NA
1599512400.0 136.724 NA 89 355 0 NA NA NA NA NA NA 175 791 0 NA NA NA NA NA NA 924 8660 365 NA NA NA NA NA NA 964 3722 565 NA NA NA NA NA
1599512400.0 136.72411 NA 186 0 NA NA NA NA NA NA NA 323 0 NA NA NA NA NA NA NA 2253 141 NA NA NA NA NA NA NA 1878 567 NA NA NA NA NA NA
1599512400.0 136.725 NA 96 370 0 NA NA NA NA NA NA 178 766 0 NA NA NA NA NA NA 794 7941 377 NA NA NA NA NA NA 365 3785 504 NA NA NA NA NA
1599512400.0 136.726 NA 82 340 0 NA NA NA NA NA NA 168 672 0 NA NA NA NA NA NA 1028 8137 381 NA NA NA NA NA NA 906 3986 651 NA NA NA NA NA
1599512400.0 136.727 NA 158 385 0 NA NA NA NA NA NA 321 778 0 NA NA NA NA NA NA 2175 8305 398 NA NA NA NA NA NA 1807 4294 590 NA NA NA NA NA
1599512400.0 136.728 NA 146 378 0 NA NA NA NA NA NA 309 810 0 NA NA NA NA NA NA 1811 8853 395 NA NA NA NA NA NA 1297 4033 614 NA NA NA NA NA
1599512400.0 136.729 NA 89 350 0 NA NA NA NA NA NA 172 745 0 NA NA NA NA NA NA 946 7781 367 NA NA NA NA NA NA 740 4090 640 NA NA NA NA NA
1599512400.0 136.73 NA 90 385 0 NA NA NA NA NA NA 174 753 0 NA NA NA NA NA NA 830 8625 353 NA NA NA NA NA NA 623 5749 419 NA NA NA NA NA
1599512400.0 136.731 NA 86 367 0 NA NA NA NA NA NA 171 839 0 NA NA NA NA NA NA 737 7778 370 NA NA NA NA NA NA 688 3643 486 NA NA NA NA NA
1599512400.0 136.732 NA 88 365 0 NA NA NA NA NA NA 174 706 0 NA NA NA NA NA NA 808 6140 378 NA NA NA NA NA NA 475 3495 544 NA NA NA NA NA
1599512400.0 136.733 NA 173 74 0 NA NA NA NA NA NA 312 161 0 NA NA NA NA NA NA 1301 338 242 NA NA NA NA NA NA 933 449 340 NA NA NA NA NA
1599512400.0 136.734 NA 89 342 0 NA NA NA NA NA NA 171 696 0 NA NA NA NA NA NA 1351 7888 375 NA NA NA NA NA NA 865 3386 495 NA NA NA NA NA
1599512400.0 136.735 NA 92 287 0 NA NA NA NA NA NA 182 609 0 NA NA NA NA NA NA 851 2725 315 NA NA NA NA NA NA 647 2522 493 NA NA NA NA NA
1599512400.0 136.736 NA 95 367 0 NA NA NA NA NA NA 187 726 0 NA NA NA NA NA NA 1188 11077 391 NA NA NA NA NA NA 1585 5273 555 NA NA NA NA NA
1599512400.0 136.737 NA 84 355 0 NA NA NA NA NA NA 169 756 0 NA NA NA NA NA NA 777 12008 377 NA NA NA NA NA NA 463 5096 547 NA NA NA NA NA
1599512400.0 136.738 NA 88 369 0 NA NA NA NA NA NA 181 732 0 NA NA NA NA NA NA 779 12323 399 NA NA NA NA NA NA 902 5283 845 NA NA NA NA NA
1599512400.0 136.739 NA 96 364 0 NA NA NA NA NA NA 168 822 0 NA NA NA NA NA NA 1261 13608 382 NA NA NA NA NA NA 1413 5013 579 NA NA NA NA NA
1599512400.0 136.74 NA 98 377 0 NA NA NA NA NA NA 175 796 0 NA NA NA NA NA NA 766 12566 370 NA NA NA NA NA NA 373 4956 492 NA NA NA NA NA
1599512400.0 136.741 NA 93 349 0 NA NA NA NA NA NA 175 696 0 NA NA NA NA NA NA 1036 12182 369 NA NA NA NA NA NA 836 4742 473 NA NA NA NA NA
1599512400.0 136.742 NA 83 352 0 NA NA NA NA NA NA 169 731 0 NA NA NA NA NA NA 1566 12071 371 NA NA NA NA NA NA 1408 5479 1328 NA NA NA NA NA
1599512400.0 136.743 NA 91 368 0 NA NA NA NA NA NA 172 723 0 NA NA NA NA NA NA 769 10731 365 NA NA NA NA NA NA 424 5455 453 NA NA NA NA NA
1599512400.0 136.744 NA 97 370 0 NA NA NA NA NA NA 178 842 0 NA NA NA NA NA NA 709 11963 367 NA NA NA NA NA NA 449 5200 444 NA NA NA NA NA
1599512400.0 136.745 NA 89 372 0 NA NA NA NA NA NA 189 768 0 NA NA NA NA NA NA 1491 9131 356 NA NA NA NA NA NA 876 3925 415 NA NA NA NA NA
1599512400.0 136.746 NA 88 339 0 NA NA NA NA NA NA 175 732 0 NA NA NA NA NA NA 728 11328 382 NA NA NA NA NA NA 547 5680 866 NA NA NA NA NA
1599512400.0 136.747 NA 89 365 0 NA NA NA NA NA NA 177 761 0 NA NA NA NA NA NA 730 10974 392 NA NA NA NA NA NA 495 5615 511 NA NA NA NA NA
1599512400.0 136.748 NA 92 357 0 NA NA NA NA NA NA 179 717 0 NA NA NA NA NA NA 688 10884 369 NA NA NA NA NA NA 1002 4301 576 NA NA NA NA NA
1599512400.0 136.749 NA 91 368 0 NA NA NA NA NA NA 184 799 0 NA NA NA NA NA NA 1085 12161 389 NA NA NA NA NA NA 634 5505 474 NA NA NA NA NA
1599512400.0 136.75 NA 97 381 0 NA NA NA NA NA NA 176 823 0 NA NA NA NA NA NA 793 13585 376 NA NA NA NA NA NA 887 5533 547 NA NA NA NA NA
1599512400.0 136.751 NA 95 378 0 NA NA NA NA NA NA 172 796 0 NA NA NA NA NA NA 822 15449 357 NA NA NA NA NA NA 676 6398 394 NA NA NA NA NA
1599512400.0 136.752 NA 84 348 0 NA NA NA NA NA NA 174 771 0 NA NA NA NA NA NA 819 11888 378 NA NA NA NA NA NA 585 4697 480 NA NA NA NA NA
1599512400.0 136.753 NA 94 345 0 NA NA NA NA NA NA 175 792 0 NA NA NA NA NA NA 754 11942 364 NA NA NA NA NA NA 717 4860 452 NA NA NA NA NA
1599512400.0 136.754 NA 100 372 0 NA NA NA NA NA NA 184 752 0 NA NA NA NA NA NA 1542 10164 369 NA NA NA NA NA NA 1429 4087 502 NA NA NA NA NA
1599512400.0 136.755 NA 90 374 0 NA NA NA NA NA NA 174 773 0 NA NA NA NA NA NA 764 14312 375 NA NA NA NA NA NA 526 6055 496 NA NA NA NA NA
1599512400.0 136.756 NA 88 375 0 NA NA NA NA NA NA 173 768 0 NA NA NA NA NA NA 1092 8531 375 NA NA NA NA NA NA 699 4120 539 NA NA NA NA NA
1599512400.0 136.757 NA 99 353 0 NA NA NA NA NA NA 179 677 0 NA NA NA NA NA NA 1370 10719 378 NA NA NA NA NA NA 864 4270 446 NA NA NA NA NA
1599512400.0 136.758 NA 88 368 0 NA NA NA NA NA NA 175 756 0 NA NA NA NA NA NA 715 13280 385 NA NA NA NA NA NA 605 5420 569 NA NA NA NA NA
1599512400.0 136.759 NA 90 371 0 NA NA NA NA NA NA 174 795 0 NA NA NA NA NA NA 871 15015 379 NA NA NA NA NA NA 497 6225 494 NA NA NA NA NA
1599512400.0 136.76 NA 85 376 0 NA NA NA NA NA NA 176 764 0 NA NA NA NA NA NA 1151 16834 394 NA NA NA NA NA NA 952 6947 1390 NA NA NA NA NA
1599512400.0 136.761 NA 91 374 0 NA NA NA NA NA NA 174 721 0 NA NA NA NA NA NA 820 17473 372 NA NA NA NA NA NA 559 7844 436 NA NA NA NA NA
1599512400.0 136.7611 NA 195 0 NA NA NA NA NA NA NA 324 0 NA NA NA NA NA NA NA 4736 139 NA NA NA NA NA NA NA 5803 756 NA NA NA NA NA NA
1599512400.0 136.76111 NA 167 0 NA NA NA NA NA NA NA 329 0 NA NA NA NA NA NA NA 2191 129 NA NA NA NA NA NA NA 2347 180 NA NA NA NA NA NA
1599512400.0 136.762 NA 91 393 0 NA NA NA NA NA NA 178 821 0 NA NA NA NA NA NA 1087 19123 376 NA NA NA NA NA NA 690 6908 495 NA NA NA NA NA
1599512400.0 136.763 NA 84 366 0 NA NA NA NA NA NA 176 732 0 NA NA NA NA NA NA 787 16162 378 NA NA NA NA NA NA 697 6236 1145 NA NA NA NA NA
1599512400.0 136.764 NA 95 362 0 NA NA NA NA NA NA 172 706 0 NA NA NA NA NA NA 788 15572 360 NA NA NA NA NA NA 604 6630 443 NA NA NA NA NA
1599512400.0 136.765 NA 97 384 0 NA NA NA NA NA NA 169 726 0 NA NA NA NA NA NA 893 14008 369 NA NA NA NA NA NA 603 6166 515 NA NA NA NA NA
1599512400.0 136.766 NA 87 383 0 NA NA NA NA NA NA 176 841 0 NA NA NA NA NA NA 698 15769 376 NA NA NA NA NA NA 605 6044 557 NA NA NA NA NA
1599512400.0 136.767 NA 87 371 0 NA NA NA NA NA NA 176 769 0 NA NA NA NA NA NA 2000 11390 382 NA NA NA NA NA NA 1724 4485 480 NA NA NA NA NA
1599512400.0 136.768 NA 89 359 0 NA NA NA NA NA NA 176 782 0 NA NA NA NA NA NA 1334 14886 376 NA NA NA NA NA NA 1603 5634 487 NA NA NA NA NA
1599512400.0 136.769 NA 89 366 0 NA NA NA NA NA NA 175 764 0 NA NA NA NA NA NA 746 11208 388 NA NA NA NA NA NA 402 6278 1238 NA NA NA NA NA
1599512400.0 136.77 NA 84 373 0 NA NA NA NA NA NA 179 752 0 NA NA NA NA NA NA 986 10984 373 NA NA NA NA NA NA 784 4156 485 NA NA NA NA NA
1599512400.0 136.771 NA 90 373 0 NA NA NA NA NA NA 181 746 0 NA NA NA NA NA NA 820 10630 390 NA NA NA NA NA NA 731 4787 503 NA NA NA NA NA
1599512400.0 136.772 NA 80 377 0 NA NA NA NA NA NA 173 734 0 NA NA NA NA NA NA 720 12504 367 NA NA NA NA NA NA 605 5109 507 NA NA NA NA NA
1599512400.0 136.7721 NA 176 0 NA NA NA NA NA NA NA 327 0 NA NA NA NA NA NA NA 4470 135 NA NA NA NA NA NA NA 5501 360 NA NA NA NA NA NA
1599512400.0 136.77211 NA 167 0 NA NA NA NA NA NA NA 328 0 NA NA NA NA NA NA NA 3049 132 NA NA NA NA NA NA NA 2666 198 NA NA NA NA NA NA
1599512400.0 136.7722 NA 181 0 NA NA NA NA NA NA NA 358 0 NA NA NA NA NA NA NA 4487 124 NA NA NA NA NA NA NA 4426 460 NA NA NA NA NA NA
1599512400.0 136.773 NA 85 374 0 NA NA NA NA NA NA 174 757 0 NA NA NA NA NA NA 795 11623 381 NA NA NA NA NA NA 449 5110 570 NA NA NA NA NA
1599512400.0 136.774 NA 89 350 0 NA NA NA NA NA NA 175 759 0 NA NA NA NA NA NA 998 11668 381 NA NA NA NA NA NA 1010 5439 543 NA NA NA NA NA
1599512400.0 136.775 NA 82 346 0 NA NA NA NA NA NA 174 753 0 NA NA NA NA NA NA 756 10317 356 NA NA NA NA NA NA 871 4167 439 NA NA NA NA NA
1599512400.0 136.776 NA 83 367 0 NA NA NA NA NA NA 173 694 0 NA NA NA NA NA NA 714 10319 363 NA NA NA NA NA NA 339 4290 452 NA NA NA NA NA
1599512400.0 136.777 NA 89 365 0 NA NA NA NA NA NA 173 775 0 NA NA NA NA NA NA 837 11946 372 NA NA NA NA NA NA 804 5002 819 NA NA NA NA NA
1599512400.0 136.778 NA 90 382 0 NA NA NA NA NA NA 182 699 0 NA NA NA NA NA NA 1088 8293 374 NA NA NA NA NA NA 763 4261 509 NA NA NA NA NA
1599512400.0 136.779 NA 89 345 0 NA NA NA NA NA NA 172 769 0 NA NA NA NA NA NA 842 10743 372 NA NA NA NA NA NA 419 4810 458 NA NA NA NA NA
1599512400.0 136.78 NA 108 432 0 NA NA NA NA NA NA 202 901 0 NA NA NA NA NA NA 769 15073 478 NA NA NA NA NA NA 681 6108 754 NA NA NA NA NA
1599512400.0 136.7801 NA 109 0 NA NA NA NA NA NA NA 218 0 NA NA NA NA NA NA NA 578 184 NA NA NA NA NA NA NA 1287 388 NA NA NA NA NA NA
1599512400.0 136.7802 NA 74 0 NA NA NA NA NA NA NA 149 0 NA NA NA NA NA NA NA 314 140 NA NA NA NA NA NA NA 1108 638 NA NA NA NA NA NA
1599512400.0 136.7803 NA 106 0 NA NA NA NA NA NA NA 211 0 NA NA NA NA NA NA NA 600 151 NA NA NA NA NA NA NA 1861 229 NA NA NA NA NA NA
1599512400.0 136.781 NA 103 418 0 NA NA NA NA NA NA 185 904 0 NA NA NA NA NA NA 1123 18162 468 NA NA NA NA NA NA 592 7779 580 NA NA NA NA NA
1599512400.0 136.782 NA 115 430 0 NA NA NA NA NA NA 197 906 0 NA NA NA NA NA NA 864 16742 470 NA NA NA NA NA NA 630 7574 517 NA NA NA NA NA
1599512400.0 136.783 NA 105 435 0 NA NA NA NA NA NA 197 1007 0 NA NA NA NA NA NA 730 18846 462 NA NA NA NA NA NA 423 7238 557 NA NA NA NA NA
1599512400.0 136.784 NA 105 430 0 NA NA NA NA NA NA 202 901 0 NA NA NA NA NA NA 863 16630 461 NA NA NA NA NA NA 715 6399 543 NA NA NA NA NA
1599512400.0 136.785 NA 118 415 0 NA NA NA NA NA NA 195 890 0 NA NA NA NA NA NA 834 17098 468 NA NA NA NA NA NA 589 7381 665 NA NA NA NA NA
1599512400.0 136.786 NA 106 418 0 NA NA NA NA NA NA 192 975 0 NA NA NA NA NA NA 877 16459 468 NA NA NA NA NA NA 980 6047 760 NA NA NA NA NA
1599512400.0 136.787 NA 114 471 0 NA NA NA NA NA NA 192 942 0 NA NA NA NA NA NA 753 15251 471 NA NA NA NA NA NA 433 5878 644 NA NA NA NA NA
1599512400.0 136.788 NA 105 444 0 NA NA NA NA NA NA 193 978 0 NA NA NA NA NA NA 758 18552 447 NA NA NA NA NA NA 426 7063 480 NA NA NA NA NA
1599512400.0 136.789 NA 116 450 0 NA NA NA NA NA NA 194 937 0 NA NA NA NA NA NA 626 15565 460 NA NA NA NA NA NA 598 6665 709 NA NA NA NA NA
1599512400.0 136.79 NA 113 416 0 NA NA NA NA NA NA 201 952 0 NA NA NA NA NA NA 1025 9790 476 NA NA NA NA NA NA 678 4727 635 NA NA NA NA NA
1599512400.0 136.791 NA 114 339 0 NA NA NA NA NA NA 202 746 0 NA NA NA NA NA NA 850 3573 417 NA NA NA NA NA NA 498 2550 518 NA NA NA NA NA
1599512400.0 136.792 NA 106 441 0 NA NA NA NA NA NA 200 921 0 NA NA NA NA NA NA 750 13476 478 NA NA NA NA NA NA 635 5664 1033 NA NA NA NA NA
1599512400.0 136.793 NA 110 430 0 NA NA NA NA NA NA 196 945 0 NA NA NA NA NA NA 651 13321 480 NA NA NA NA NA NA 386 5447 841 NA NA NA NA NA
1599512400.0 136.794 NA 109 431 0 NA NA NA NA NA NA 196 945 0 NA NA NA NA NA NA 742 13920 486 NA NA NA NA NA NA 381 5439 631 NA NA NA NA NA
1599512400.0 136.795 NA 112 436 0 NA NA NA NA NA NA 199 956 0 NA NA NA NA NA NA 763 15522 467 NA NA NA NA NA NA 432 6166 650 NA NA NA NA NA
1599512400.0 136.7952 NA 199 0 NA NA NA NA NA NA NA 365 0 NA NA NA NA NA NA NA 3020 118 NA NA NA NA NA NA NA 1982 169 NA NA NA NA NA NA
1599512400.0 136.796 NA 102 422 0 NA NA NA NA NA NA 195 971 0 NA NA NA NA NA NA 1383 13905 474 NA NA NA NA NA NA 1911 5623 707 NA NA NA NA NA
1599512400.0 136.797 NA 111 417 0 NA NA NA NA NA NA 201 905 0 NA NA NA NA NA NA 755 15097 467 NA NA NA NA NA NA 443 6511 587 NA NA NA NA NA
1599512400.0 136.798 NA 116 420 0 NA NA NA NA NA NA 197 914 0 NA NA NA NA NA NA 1312 13884 467 NA NA NA NA NA NA 1875 5935 670 NA NA NA NA NA
1599512400.0 136.799 NA 116 472 0 NA NA NA NA NA NA 193 1017 0 NA NA NA NA NA NA 871 13072 465 NA NA NA NA NA NA 599 7314 1154 NA NA NA NA NA
1599512400.0 136.8 NA 119 447 0 NA NA NA NA NA NA 204 951 0 NA NA NA NA NA NA 1633 14833 471 NA NA NA NA NA NA 1516 5932 695 NA NA NA NA NA
1599512400.0 136.801 NA 114 457 0 NA NA NA NA NA NA 194 912 0 NA NA NA NA NA NA 959 10440 456 NA NA NA NA NA NA 568 4456 832 NA NA NA NA NA
1599512400.0 136.802 NA 116 416 0 NA NA NA NA NA NA 198 853 0 NA NA NA NA NA NA 803 13164 474 NA NA NA NA NA NA 527 6055 655 NA NA NA NA NA
1599512400.0 136.803 NA 113 353 0 NA NA NA NA NA NA 201 751 0 NA NA NA NA NA NA 1128 3380 412 NA NA NA NA NA NA 701 2642 498 NA NA NA NA NA
1599512400.0 136.804 NA 107 434 0 NA NA NA NA NA NA 203 869 0 NA NA NA NA NA NA 889 12590 468 NA NA NA NA NA NA 694 5267 595 NA NA NA NA NA
1599512400.0 136.805 NA 108 427 0 NA NA NA NA NA NA 204 905 0 NA NA NA NA NA NA 672 13943 480 NA NA NA NA NA NA 606 5457 967 NA NA NA NA NA
1599512400.0 136.806 NA 119 429 0 NA NA NA NA NA NA 199 854 0 NA NA NA NA NA NA 3178 12997 478 NA NA NA NA NA NA 3240 5853 543 NA NA NA NA NA
1599512400.0 136.807 NA 110 430 0 NA NA NA NA NA NA 204 850 0 NA NA NA NA NA NA 1090 14735 479 NA NA NA NA NA NA 1117 7229 1067 NA NA NA NA NA
1599512400.0 136.808 NA 109 429 0 NA NA NA NA NA NA 198 959 0 NA NA NA NA NA NA 810 14005 467 NA NA NA NA NA NA 958 5419 711 NA NA NA NA NA
1599512400.0 136.809 NA 102 410 0 NA NA NA NA NA NA 194 926 0 NA NA NA NA NA NA 891 14073 466 NA NA NA NA NA NA 612 5639 1351 NA NA NA NA NA
1599512400.0 136.81 NA 110 414 0 NA NA NA NA NA NA 203 923 0 NA NA NA NA NA NA 1108 12862 462 NA NA NA NA NA NA 2075 5871 710 NA NA NA NA NA
1599512400.0 136.811 NA 111 460 0 NA NA NA NA NA NA 199 1034 0 NA NA NA NA NA NA 1221 13076 473 NA NA NA NA NA NA 946 6110 725 NA NA NA NA NA
1599512400.0 136.812 NA 113 432 0 NA NA NA NA NA NA 204 950 0 NA NA NA NA NA NA 721 14672 466 NA NA NA NA NA NA 393 6086 629 NA NA NA NA NA
1599512400.0 136.813 NA 102 456 0 NA NA NA NA NA NA 196 932 0 NA NA NA NA NA NA 733 9396 463 NA NA NA NA NA NA 685 3949 867 NA NA NA NA NA
1599512400.0 136.814 NA 116 413 0 NA NA NA NA NA NA 195 863 0 NA NA NA NA NA NA 804 13770 470 NA NA NA NA NA NA 461 5327 644 NA NA NA NA NA
1599512400.0 136.815 NA 114 346 0 NA NA NA NA NA NA 203 797 0 NA NA NA NA NA NA 1459 3729 410 NA NA NA NA NA NA 1370 3133 497 NA NA NA NA NA
1599512400.0 136.816 NA 108 447 0 NA NA NA NA NA NA 198 890 0 NA NA NA NA NA NA 1172 18185 469 NA NA NA NA NA NA 833 6944 530 NA NA NA NA NA
1599512400.0 136.817 NA 109 447 0 NA NA NA NA NA NA 195 976 0 NA NA NA NA NA NA 1107 17140 450 NA NA NA NA NA NA 1193 6619 488 NA NA NA NA NA
1599512400.0 136.818 NA 109 439 0 NA NA NA NA NA NA 195 941 0 NA NA NA NA NA NA 937 17846 480 NA NA NA NA NA NA 1062 6914 561 NA NA NA NA NA
1599512400.0 136.819 NA 112 439 0 NA NA NA NA NA NA 197 936 0 NA NA NA NA NA NA 653 20338 474 NA NA NA NA NA NA 387 7512 887 NA NA NA NA NA
1599512400.0 136.82 NA 118 439 0 NA NA NA NA NA NA 200 1036 0 NA NA NA NA NA NA 699 19517 477 NA NA NA NA NA NA 371 7250 599 NA NA NA NA NA
1599512400.0 136.821 NA 110 417 0 NA NA NA NA NA NA 196 894 0 NA NA NA NA NA NA 782 17605 471 NA NA NA NA NA NA 446 7208 1131 NA NA NA NA NA
1599512400.0 136.822 NA 112 419 0 NA NA NA NA NA NA 192 875 0 NA NA NA NA NA NA 769 17462 458 NA NA NA NA NA NA 556 6757 531 NA NA NA NA NA
1599512400.0 136.823 NA 113 483 0 NA NA NA NA NA NA 194 1035 0 NA NA NA NA NA NA 785 17427 477 NA NA NA NA NA NA 378 6681 655 NA NA NA NA NA
1599512400.0 136.824 NA 115 455 0 NA NA NA NA NA NA 198 1050 0 NA NA NA NA NA NA 762 21060 477 NA NA NA NA NA NA 634 7658 585 NA NA NA NA NA
1599512400.0 136.825 NA 108 454 0 NA NA NA NA NA NA 196 884 0 NA NA NA NA NA NA 657 12030 470 NA NA NA NA NA NA 469 4965 635 NA NA NA NA NA
1599512400.0 136.826 NA 117 416 0 NA NA NA NA NA NA 196 957 0 NA NA NA NA NA NA 738 17773 462 NA NA NA NA NA NA 679 7125 513 NA NA NA NA NA
1599512400.0 136.827 NA 116 356 0 NA NA NA NA NA NA 197 771 0 NA NA NA NA NA NA 647 3879 424 NA NA NA NA NA NA 534 2833 616 NA NA NA NA NA
1599512400.0 136.828 NA 113 445 0 NA NA NA NA NA NA 202 955 0 NA NA NA NA NA NA 825 19798 460 NA NA NA NA NA NA 519 7586 492 NA NA NA NA NA
1599512400.0 136.829 NA 112 435 0 NA NA NA NA NA NA 197 950 0 NA NA NA NA NA NA 880 19870 451 NA NA NA NA NA NA 958 7434 484 NA NA NA NA NA
1599512400.0 136.83 NA 110 437 0 NA NA NA NA NA NA 199 950 0 NA NA NA NA NA NA 1707 19885 471 NA NA NA NA NA NA 1049 7521 510 NA NA NA NA NA
1599512400.0 136.831 NA 109 451 0 NA NA NA NA NA NA 192 911 0 NA NA NA NA NA NA 732 21474 479 NA NA NA NA NA NA 492 8172 1926 NA NA NA NA NA
1599512400.0 136.8311 NA 179 0 NA NA NA NA NA NA NA 308 0 NA NA NA NA NA NA NA 3012 124 NA NA NA NA NA NA NA 3780 158 NA NA NA NA NA NA
1599512400.0 136.83111 NA 184 0 NA NA NA NA NA NA NA 344 0 NA NA NA NA NA NA NA 2625 130 NA NA NA NA NA NA NA 2889 184 NA NA NA NA NA NA
1599512400.0 136.832 NA 110 463 0 NA NA NA NA NA NA 196 993 0 NA NA NA NA NA NA 759 24012 474 NA NA NA NA NA NA 441 9116 967 NA NA NA NA NA
1599512400.0 136.833 NA 110 431 0 NA NA NA NA NA NA 202 933 0 NA NA NA NA NA NA 759 20935 470 NA NA NA NA NA NA 523 7345 549 NA NA NA NA NA
1599512400.0 136.834 NA 116 428 0 NA NA NA NA NA NA 195 861 0 NA NA NA NA NA NA 730 19361 472 NA NA NA NA NA NA 609 6756 1002 NA NA NA NA NA
1599512400.0 136.835 NA 113 480 0 NA NA NA NA NA NA 196 987 0 NA NA NA NA NA NA 983 17777 461 NA NA NA NA NA NA 961 6644 506 NA NA NA NA NA
1599512400.0 136.836 NA 112 452 0 NA NA NA NA NA NA 199 991 0 NA NA NA NA NA NA 875 21691 480 NA NA NA NA NA NA 543 9356 658 NA NA NA NA NA
1599512400.0 136.837 NA 103 466 0 NA NA NA NA NA NA 203 990 0 NA NA NA NA NA NA 697 14925 449 NA NA NA NA NA NA 375 5898 492 NA NA NA NA NA
1599512400.0 136.838 NA 104 420 0 NA NA NA NA NA NA 196 939 0 NA NA NA NA NA NA 843 19093 472 NA NA NA NA NA NA 423 7214 597 NA NA NA NA NA
1599512400.0 136.839 NA 118 349 0 NA NA NA NA NA NA 213 765 0 NA NA NA NA NA NA 1049 4025 412 NA NA NA NA NA NA 603 3444 509 NA NA NA NA NA
1599512400.0 136.8391 NA 155 439 0 NA NA NA NA NA NA 271 920 0 NA NA NA NA NA NA 4335 17140 426 NA NA NA NA NA NA 4278 6145 661 NA NA NA NA NA
1599512400.0 136.84 NA 111 429 0 NA NA NA NA NA NA 200 912 0 NA NA NA NA NA NA 1532 15207 476 NA NA NA NA NA NA 1721 6346 846 NA NA NA NA NA
1599512400.0 136.841 NA 115 435 0 NA NA NA NA NA NA 202 869 0 NA NA NA NA NA NA 2404 15927 469 NA NA NA NA NA NA 2658 6068 605 NA NA NA NA NA
1599512400.0 136.842 NA 112 429 0 NA NA NA NA NA NA 204 919 0 NA NA NA NA NA NA 807 20881 467 NA NA NA NA NA NA 644 7588 554 NA NA NA NA NA
1599512400.0 136.843 NA 117 444 0 NA NA NA NA NA NA 198 999 0 NA NA NA NA NA NA 785 24873 458 NA NA NA NA NA NA 695 9682 505 NA NA NA NA NA
1599512400.0 136.844 NA 110 412 0 NA NA NA NA NA NA 198 866 0 NA NA NA NA NA NA 1043 16573 482 NA NA NA NA NA NA 584 7327 945 NA NA NA NA NA
1599512400.0 136.845 NA 111 418 0 NA NA NA NA NA NA 203 874 0 NA NA NA NA NA NA 1182 13601 476 NA NA NA NA NA NA 813 6909 1245 NA NA NA NA NA
1599512400.0 136.846 NA 118 411 0 NA NA NA NA NA NA 204 930 0 NA NA NA NA NA NA 788 12301 477 NA NA NA NA NA NA 429 5000 638 NA NA NA NA NA
1599512400.0 136.847 NA 110 427 0 NA NA NA NA NA NA 198 922 0 NA NA NA NA NA NA 1686 17808 474 NA NA NA NA NA NA 1214 6381 649 NA NA NA NA NA
1599512400.0 136.848 NA 107 425 0 NA NA NA NA NA NA 202 910 0 NA NA NA NA NA NA 779 21116 464 NA NA NA NA NA NA 617 8958 522 NA NA NA NA NA
1599512400.0 136.849 NA 111 424 0 NA NA NA NA NA NA 197 908 0 NA NA NA NA NA NA 720 12543 479 NA NA NA NA NA NA 530 5189 925 NA NA NA NA NA
1599512400.0 136.85 NA 102 448 0 NA NA NA NA NA NA 192 969 0 NA NA NA NA NA NA 699 14130 469 NA NA NA NA NA NA 537 7239 588 NA NA NA NA NA
1599512400.0 136.8501 NA 102 417 0 NA NA NA NA NA NA 194 849 0 NA NA NA NA NA NA 617 15709 471 NA NA NA NA NA NA 395 6431 1428 NA NA NA NA NA
1599512400.0 136.851 NA 119 434 0 NA NA NA NA NA NA 200 904 0 NA NA NA NA NA NA 670 14400 468 NA NA NA NA NA NA 367 6838 523 NA NA NA NA NA
1599512400.0 136.852 NA 110 441 0 NA NA NA NA NA NA 192 913 0 NA NA NA NA NA NA 1007 15227 464 NA NA NA NA NA NA 709 6199 571 NA NA NA NA NA
1599512400.0 136.8521 NA 202 0 NA NA NA NA NA NA NA 361 0 NA NA NA NA NA NA NA 3123 119 NA NA NA NA NA NA NA 2075 249 NA NA NA NA NA NA
1599512400.0 136.8522 NA 197 0 NA NA NA NA NA NA NA 357 0 NA NA NA NA NA NA NA 2572 111 NA NA NA NA NA NA NA 1877 142 NA NA NA NA NA NA
1599512400.0 136.853 NA 112 435 0 NA NA NA NA NA NA 199 962 0 NA NA NA NA NA NA 614 14290 482 NA NA NA NA NA NA 742 6571 2325 NA NA NA NA NA
1599512400.0 136.854 NA 104 420 0 NA NA NA NA NA NA 195 924 0 NA NA NA NA NA NA 728 14953 483 NA NA NA NA NA NA 898 7015 2164 NA NA NA NA NA
1599512400.0 136.855 NA 113 471 0 NA NA NA NA NA NA 197 954 0 NA NA NA NA NA NA 744 13080 473 NA NA NA NA NA NA 796 6232 1991 NA NA NA NA NA
1599512400.0 136.856 NA 109 465 0 NA NA NA NA NA NA 198 959 0 NA NA NA NA NA NA 752 10717 482 NA NA NA NA NA NA 1352 5184 646 NA NA NA NA NA
1599512400.0 136.8561 NA 100 356 0 NA NA NA NA NA NA 191 803 0 NA NA NA NA NA NA 749 2970 450 NA NA NA NA NA NA 511 2619 541 NA NA NA NA NA
1599512400.0 136.8562 NA 103 343 0 NA NA NA NA NA NA 191 796 0 NA NA NA NA NA NA 428 2890 437 NA NA NA NA NA NA 1043 2490 560 NA NA NA NA NA
1599512400.0 136.857 NA 112 414 0 NA NA NA NA NA NA 196 933 0 NA NA NA NA NA NA 730 14845 470 NA NA NA NA NA NA 452 6670 651 NA NA NA NA NA
1599512400.0 136.858 NA 104 348 0 NA NA NA NA NA NA 209 743 0 NA NA NA NA NA NA 867 3424 415 NA NA NA NA NA NA 880 3363 568 NA NA NA NA NA
1599512400.0 136.859 NA 110 443 0 NA NA NA NA NA NA 202 938 0 NA NA NA NA NA NA 852 17550 476 NA NA NA NA NA NA 1087 6247 694 NA NA NA NA NA
1599512400.0 136.86 NA 111 420 0 NA NA NA NA NA NA 203 913 0 NA NA NA NA NA NA 1056 13568 463 NA NA NA NA NA NA 703 5657 578 NA NA NA NA NA
1599512400.0 136.861 NA 113 443 0 NA NA NA NA NA NA 202 954 0 NA NA NA NA NA NA 654 17085 485 NA NA NA NA NA NA 403 6275 677 NA NA NA NA NA
1599512400.0 136.862 NA 111 462 0 NA NA NA NA NA NA 202 995 0 NA NA NA NA NA NA 595 18997 472 NA NA NA NA NA NA 567 6976 797 NA NA NA NA NA
1599512400.0 136.863 NA 117 444 0 NA NA NA NA NA NA 193 935 0 NA NA NA NA NA NA 937 18970 472 NA NA NA NA NA NA 491 7190 694 NA NA NA NA NA
1599512400.0 136.864 NA 118 460 0 NA NA NA NA NA NA 193 975 0 NA NA NA NA NA NA 1037 22282 481 NA NA NA NA NA NA 796 9669 2338 NA NA NA NA NA
1599512400.0 136.8642 NA 108 457 0 NA NA NA NA NA NA 195 946 0 NA NA NA NA NA NA 657 21258 485 NA NA NA NA NA NA 502 8619 2524 NA NA NA NA NA
1599512400.0 136.8643 NA 114 453 0 NA NA NA NA NA NA 196 919 0 NA NA NA NA NA NA 714 21089 465 NA NA NA NA NA NA 566 8471 532 NA NA NA NA NA
1599512400.0 136.865 NA 117 464 0 NA NA NA NA NA NA 203 986 0 NA NA NA NA NA NA 1008 20864 460 NA NA NA NA NA NA 1558 7830 505 NA NA NA NA NA
1599512400.0 136.866 NA 119 437 0 NA NA NA NA NA NA 196 980 0 NA NA NA NA NA NA 770 18591 472 NA NA NA NA NA NA 669 7359 579 NA NA NA NA NA
1599512400.0 136.867 NA 109 485 0 NA NA NA NA NA NA 195 1016 0 NA NA NA NA NA NA 973 18763 469 NA NA NA NA NA NA 991 7267 545 NA NA NA NA NA
1599512400.0 136.868 NA 109 473 0 NA NA NA NA NA NA 196 943 0 NA NA NA NA NA NA 1026 14692 483 NA NA NA NA NA NA 1087 7015 558 NA NA NA NA NA
1599512400.0 136.869 NA 104 435 0 NA NA NA NA NA NA 195 940 0 NA NA NA NA NA NA 911 20792 464 NA NA NA NA NA NA 589 8764 525 NA NA NA NA NA
1599512400.0 136.87 NA 113 351 0 NA NA NA NA NA NA 200 800 0 NA NA NA NA NA NA 937 3782 410 NA NA NA NA NA NA 734 2494 506 NA NA NA NA NA
1599512400.0 136.871 NA 118 451 0 NA NA NA NA NA NA 204 877 0 NA NA NA NA NA NA 697 23433 472 NA NA NA NA NA NA 673 9490 769 NA NA NA NA NA
1599512400.0 136.872 NA 117 436 0 NA NA NA NA NA NA 197 923 0 NA NA NA NA NA NA 699 19021 474 NA NA NA NA NA NA 660 7921 591 NA NA NA NA NA
1599512400.0 136.873 NA 109 439 0 NA NA NA NA NA NA 198 888 0 NA NA NA NA NA NA 674 16392 477 NA NA NA NA NA NA 619 7787 534 NA NA NA NA NA
1599512400.0 136.874 NA 112 480 0 NA NA NA NA NA NA 199 1137 0 NA NA NA NA NA NA 612 16628 459 NA NA NA NA NA NA 537 7477 509 NA NA NA NA NA
1599512400.0 136.875 NA 107 433 0 NA NA NA NA NA NA 198 882 0 NA NA NA NA NA NA 977 18720 476 NA NA NA NA NA NA 1110 8298 531 NA NA NA NA NA
1599512400.0 136.876 NA 111 455 0 NA NA NA NA NA NA 195 1002 0 NA NA NA NA NA NA 1948 19103 471 NA NA NA NA NA NA 3049 6757 581 NA NA NA NA NA
1599512400.0 136.877 NA 108 460 0 NA NA NA NA NA NA 200 964 0 NA NA NA NA NA NA 798 17369 469 NA NA NA NA NA NA 637 7524 853 NA NA NA NA NA
1599512400.0 136.878 NA 117 435 0 NA NA NA NA NA NA 199 965 0 NA NA NA NA NA NA 747 17578 471 NA NA NA NA NA NA 640 7014 586 NA NA NA NA NA
1599512400.0 136.879 NA 110 477 0 NA NA NA NA NA NA 192 1033 0 NA NA NA NA NA NA 750 16014 462 NA NA NA NA NA NA 541 6288 665 NA NA NA NA NA
1599512400.0 136.88 NA 109 477 0 NA NA NA NA NA NA 199 942 0 NA NA NA NA NA NA 541 13288 495 NA NA NA NA NA NA 614 5964 699 NA NA NA NA NA
1599512400.0 136.881 NA 110 424 0 NA NA NA NA NA NA 207 910 0 NA NA NA NA NA NA 737 15625 475 NA NA NA NA NA NA 503 6096 639 NA NA NA NA NA
1599512400.0 136.882 NA 121 384 0 NA NA NA NA NA NA 205 853 0 NA NA NA NA NA NA 743 4438 422 NA NA NA NA NA NA 700 3122 602 NA NA NA NA NA
1599512400.0 136.883 NA 109 453 0 NA NA NA NA NA NA 197 926 0 NA NA NA NA NA NA 666 20604 474 NA NA NA NA NA NA 407 8056 609 NA NA NA NA NA
1599512400.0 136.884 NA 111 442 0 NA NA NA NA NA NA 199 886 0 NA NA NA NA NA NA 1321 16529 477 NA NA NA NA NA NA 1082 7553 635 NA NA NA NA NA
1599512400.0 136.885 NA 113 436 0 NA NA NA NA NA NA 197 913 0 NA NA NA NA NA NA 921 16733 494 NA NA NA NA NA NA 740 7221 1388 NA NA NA NA NA
1599512400.0 136.8855 NA 110 101 0 NA NA NA NA NA NA 195 259 0 NA NA NA NA NA NA 693 1096 124 NA NA NA NA NA NA 647 892 185 NA NA NA NA NA
1599512400.0 136.885501 NA 109 99 0 NA NA NA NA NA NA 202 255 0 NA NA NA NA NA NA 880 1054 124 NA NA NA NA NA NA 602 1096 252 NA NA NA NA NA
1599512400.0 136.885502 NA 111 91 0 NA NA NA NA NA NA 195 258 0 NA NA NA NA NA NA 830 1208 122 NA NA NA NA NA NA 555 879 175 NA NA NA NA NA
1599512400.0 136.885511 NA 112 78 0 NA NA NA NA NA NA 202 173 0 NA NA NA NA NA NA 857 692 146 NA NA NA NA NA NA 753 847 320 NA NA NA NA NA
1599512400.0 136.885512 NA 102 72 0 NA NA NA NA NA NA 197 177 0 NA NA NA NA NA NA 757 664 147 NA NA NA NA NA NA 568 768 334 NA NA NA NA NA
1599512400.0 136.885521 NA 110 77 0 NA NA NA NA NA NA 200 168 0 NA NA NA NA NA NA 644 670 124 NA NA NA NA NA NA 466 682 163 NA NA NA NA NA
1599512400.0 136.885522 NA 104 76 0 NA NA NA NA NA NA 198 168 0 NA NA NA NA NA NA 718 650 126 NA NA NA NA NA NA 505 650 167 NA NA NA NA NA
1599512400.0 136.886 NA 112 451 0 NA NA NA NA NA NA 199 1011 0 NA NA NA NA NA NA 708 17289 473 NA NA NA NA NA NA 411 6944 613 NA NA NA NA NA
1599512400.0 136.8861 NA 115 460 0 NA NA NA NA NA NA 204 1010 0 NA NA NA NA NA NA 1550 15838 533 NA NA NA NA NA NA 1063 6284 691 NA NA NA NA NA
1599512400.0 136.8862 NA 112 467 0 NA NA NA NA NA NA 196 985 0 NA NA NA NA NA NA 771 19042 458 NA NA NA NA NA NA 597 9067 500 NA NA NA NA NA
1599512400.0 136.887 NA 110 436 0 NA NA NA NA NA NA 205 918 0 NA NA NA NA NA NA 721 16236 488 NA NA NA NA NA NA 514 7791 624 NA NA NA NA NA
1599512400.0 136.888 NA 110 454 0 NA NA NA NA NA NA 194 1019 0 NA NA NA NA NA NA 601 18632 470 NA NA NA NA NA NA 479 7343 599 NA NA NA NA NA
1599512400.0 136.88811 NA 176 0 NA NA NA NA NA NA NA 314 0 NA NA NA NA NA NA NA 2543 139 NA NA NA NA NA NA NA 3355 608 NA NA NA NA NA NA
1599512400.0 136.8885 NA 110 94 0 NA NA NA NA NA NA 193 255 0 NA NA NA NA NA NA 717 1115 121 NA NA NA NA NA NA 515 896 175 NA NA NA NA NA
1599512400.0 136.888501 NA 111 88 0 NA NA NA NA NA NA 201 254 0 NA NA NA NA NA NA 773 1209 120 NA NA NA NA NA NA 755 1029 176 NA NA NA NA NA
1599512400.0 136.888502 NA 109 90 0 NA NA NA NA NA NA 190 261 0 NA NA NA NA NA NA 706 1041 125 NA NA NA NA NA NA 595 863 399 NA NA NA NA NA
1599512400.0 136.888511 NA 111 75 0 NA NA NA NA NA NA 193 180 0 NA NA NA NA NA NA 735 711 143 NA NA NA NA NA NA 676 667 223 NA NA NA NA NA
1599512400.0 136.888512 NA 108 75 0 NA NA NA NA NA NA 201 180 0 NA NA NA NA NA NA 727 701 143 NA NA NA NA NA NA 692 669 380 NA NA NA NA NA
1599512400.0 136.888521 NA 104 78 0 NA NA NA NA NA NA 196 162 0 NA NA NA NA NA NA 780 671 136 NA NA NA NA NA NA 583 683 347 NA NA NA NA NA
1599512400.0 136.888522 NA 112 84 0 NA NA NA NA NA NA 194 168 0 NA NA NA NA NA NA 789 669 126 NA NA NA NA NA NA 573 743 167 NA NA NA NA NA
1599512400.0 136.889 NA 104 454 0 NA NA NA NA NA NA 197 914 0 NA NA NA NA NA NA 803 18536 476 NA NA NA NA NA NA 481 7332 606 NA NA NA NA NA
1599512400.0 136.89 NA 110 435 0 NA NA NA NA NA NA 203 929 0 NA NA NA NA NA NA 739 17025 477 NA NA NA NA NA NA 531 6861 602 NA NA NA NA NA
1599512400.0 136.891 NA 111 477 0 NA NA NA NA NA NA 196 1028 0 NA NA NA NA NA NA 1084 16386 475 NA NA NA NA NA NA 982 6633 608 NA NA NA NA NA
1599512400.0 136.892 NA 109 466 0 NA NA NA NA NA NA 197 922 0 NA NA NA NA NA NA 604 15161 463 NA NA NA NA NA NA 511 6831 955 NA NA NA NA NA
1599512400.0 136.893 NA 107 430 0 NA NA NA NA NA NA 195 908 0 NA NA NA NA NA NA 795 16868 475 NA NA NA NA NA NA 1119 6299 648 NA NA NA NA NA
1599512400.0 136.894 NA 122 406 0 NA NA NA NA NA NA 207 791 0 NA NA NA NA NA NA 911 8731 421 NA NA NA NA NA NA 564 4121 691 NA NA NA NA NA
1599512400.0 136.895 NA 110 444 0 NA NA NA NA NA NA 205 941 0 NA NA NA NA NA NA 727 20081 474 NA NA NA NA NA NA 568 9327 858 NA NA NA NA NA
1599512400.0 136.896 NA 107 431 0 NA NA NA NA NA NA 194 903 0 NA NA NA NA NA NA 775 17315 464 NA NA NA NA NA NA 412 7882 558 NA NA NA NA NA
1599512400.0 136.898 NA 110 441 0 NA NA NA NA NA NA 191 922 0 NA NA NA NA NA NA 651 17943 468 NA NA NA NA NA NA 567 6913 680 NA NA NA NA NA
1599512400.0 1360.0 81 134 307 0 NA NA NA NA NA 193 503 643 0 NA NA NA NA NA 2272 890 2461 436 NA NA NA NA NA 1009 1320 2536 571 NA NA NA NA NA
1599512400.0 1361.0 91 164 314 0 NA NA NA NA NA 212 475 637 0 NA NA NA NA NA 5815 2157 2607 447 NA NA NA NA NA 3288 1243 2260 658 NA NA NA NA NA
1599512400.0 1361.17 71 212 372 0 152 NA NA NA NA 167 524 817 0 333 NA NA NA NA 4606 2990 2606 616 1063 NA NA NA NA 3402 1470 2368 786 975 NA NA NA NA
1599512400.0 1361.18 70 214 382 0 155 NA NA NA NA 172 580 832 0 324 NA NA NA NA 4402 2722 2646 623 1034 NA NA NA NA 2906 939 2747 961 1283 NA NA NA NA
1599512400.0 1361.181 76 214 376 0 156 NA NA NA NA 173 545 798 0 335 NA NA NA NA 4992 2901 2496 615 989 NA NA NA NA 3862 1526 2322 793 1250 NA NA NA NA
1599512400.0 1362.0 95 164 327 0 NA NA NA NA NA 212 492 701 0 NA NA NA NA NA 8570 1962 2359 448 NA NA NA NA NA 6863 1016 2388 585 NA NA NA NA NA
1599512400.0 1362.17 80 220 379 0 155 NA NA NA NA 178 599 771 0 333 NA NA NA NA 9293 3027 2964 626 933 NA NA NA NA 7668 1277 3085 723 907 NA NA NA NA
1599512400.0 1362.18 81 224 375 0 156 NA NA NA NA 186 572 818 0 333 NA NA NA NA 8897 2726 2710 629 998 NA NA NA NA 7674 1140 2397 1656 1125 NA NA NA NA
1599512400.0 1363.0 92 160 324 0 NA NA NA NA NA 215 466 653 0 NA NA NA NA NA 8606 1746 2410 456 NA NA NA NA NA 7175 932 2385 643 NA NA NA NA NA
1599512400.0 1363.17 74 211 389 0 158 NA NA NA NA 174 553 858 0 333 NA NA NA NA 8137 3045 2712 607 883 NA NA NA NA 5967 2127 2242 653 1477 NA NA NA NA
1599512400.0 1363.18 78 214 377 0 157 NA NA NA NA 173 593 781 0 325 NA NA NA NA 8557 2740 2971 619 907 NA NA NA NA 6872 1119 3065 731 1037 NA NA NA NA
1599512400.0 1364.0 NA 153 308 0 NA NA NA NA NA NA 556 661 0 NA NA NA NA NA NA 1646 2317 437 NA NA NA NA NA NA 905 2606 504 NA NA NA NA NA
1599512400.0 1365.0 NA 171 316 0 NA NA NA NA NA NA 545 684 0 NA NA NA NA NA NA 1883 2119 444 NA NA NA NA NA NA 746 2350 687 NA NA NA NA NA
1599512400.0 1366.0 NA 148 308 0 NA NA NA NA NA NA 510 616 0 NA NA NA NA NA NA 1454 2237 456 NA NA NA NA NA NA 918 2168 763 NA NA NA NA NA
1599512400.0 137.8 NA 109 464 NA 116 455 0 NA NA NA 192 1094 NA 199 1009 0 NA NA NA 681 16775 NA 1235 17119 550 NA NA NA 623 6681 NA 1592 6898 735 NA NA
1599512400.0 1370.0 28 106 174 323 0 166 NA NA NA 85 219 484 634 0 337 NA NA NA 51 2885 2178 2258 452 868 NA NA NA 157 1593 1675 2905 633 813 NA NA NA
1599512400.0 1370.17 32 74 213 377 0 156 NA NA NA 86 182 608 848 0 333 NA NA NA 52 3068 3355 2746 616 1268 NA NA NA 160 1612 1634 2528 835 1264 NA NA NA
1599512400.0 1370.18 35 85 209 381 0 157 NA NA NA 86 178 549 788 0 333 NA NA NA 58 2852 3101 3001 626 849 NA NA NA 338 1940 1137 2599 850 1035 NA NA NA
1599512400.0 138.1 NA 216 68 0 NA NA NA NA NA NA 378 147 0 NA NA NA NA NA NA 1837 216 348 NA NA NA NA NA NA 1055 312 510 NA NA NA NA NA
1599512400.0 138.2 NA 216 75 0 NA NA NA NA NA NA 383 149 0 NA NA NA NA NA NA 1661 208 350 NA NA NA NA NA NA 1095 342 530 NA NA NA NA NA
1599512400.0 139901.0 NA 166 318 0 NA NA NA NA NA NA 519 653 0 NA NA NA NA NA NA 2051 2150 450 NA NA NA NA NA NA 1122 2159 809 NA NA NA NA NA
1599512400.0 139902.0 NA 164 319 0 NA NA NA NA NA NA 609 685 0 NA NA NA NA NA NA 1561 2619 455 NA NA NA NA NA NA 1185 2815 657 NA NA NA NA NA
1599512400.0 13992501.0 NA 297 529 0 NA NA NA NA NA NA 656 987 0 NA NA NA NA NA NA 3652 4071 475 NA NA NA NA NA NA 1838 2774 626 NA NA NA NA NA
1599512400.0 13992502.0 NA 292 531 0 NA NA NA NA NA NA 726 930 0 NA NA NA NA NA NA 3695 4343 468 NA NA NA NA NA NA 1835 3203 639 NA NA NA NA NA
1599512400.0 14.0 NA 126 301 0 NA NA NA NA NA NA 553 654 0 NA NA NA NA NA NA 2482 5138 496 NA NA NA NA NA NA 980 2983 664 NA NA NA NA NA
1599512400.0 140.0 79 115 192 0 NA NA NA NA NA 187 448 364 0 NA NA NA NA NA 3351 631 1379 243 NA NA NA NA NA 2237 629 1659 910 NA NA NA NA NA
1599512400.0 140.51 NA 47 223 0 NA NA NA NA NA NA 141 406 0 NA NA NA NA NA NA 578 1947 279 NA NA NA NA NA NA 742 1232 380 NA NA NA NA NA
1599512400.0 140.52 NA 262 224 0 NA NA NA NA NA NA 456 411 0 NA NA NA NA NA NA 2387 2092 276 NA NA NA NA NA NA 1656 1501 374 NA NA NA NA NA
1599512400.0 140.53 NA 300 0 NA NA NA NA NA NA NA 489 0 NA NA NA NA NA NA NA 3700 280 NA NA NA NA NA NA NA 1810 377 NA NA NA NA NA NA
1599512400.0 140.54 NA 306 0 NA NA NA NA NA NA NA 750 0 NA NA NA NA NA NA NA 2580 310 NA NA NA NA NA NA NA 2301 421 NA NA NA NA NA NA
1599512400.0 140.55 NA 96 68 428 0 NA NA NA NA NA 214 178 707 0 NA NA NA NA NA 5106 6958 14562 296 NA NA NA NA NA 3939 4391 4753 486 NA NA NA NA
1599512400.0 140.56 NA 755 0 NA NA NA NA NA NA NA 1350 0 NA NA NA NA NA NA NA 20919 443 NA NA NA NA NA NA NA 7493 519 NA NA NA NA NA NA
1599512400.0 140.5611 NA 182 0 NA NA NA NA NA NA NA 344 0 NA NA NA NA NA NA NA 3029 135 NA NA NA NA NA NA NA 2039 240 NA NA NA NA NA NA
1599512400.0 140.57 NA 390 0 NA NA NA NA NA NA NA 833 0 NA NA NA NA NA NA NA 3844 444 NA NA NA NA NA NA NA 2801 716 NA NA NA NA NA NA
1599512400.0 144.6 NA 302 NA NA NA NA NA NA NA NA 642 NA NA NA NA NA NA NA NA 3056 NA NA NA NA NA NA NA NA 2487 NA NA NA NA NA NA NA
1599512400.0 145.0 76 118 205 0 NA NA NA NA NA 178 514 367 0 NA NA NA NA NA 3507 687 1536 252 NA NA NA NA NA 2144 476 1347 422 NA NA NA NA NA
1599512400.0 148.0 131 260 492 0 NA NA NA NA NA 264 599 851 0 NA NA NA NA NA 13436 3087 11675 608 NA NA NA NA NA 20127 2795 5069 655 NA NA NA NA NA
1599512400.0 149.0 62 189 348 0 NA NA NA NA NA 163 553 829 0 NA NA NA NA NA 1582 1470 3378 608 NA NA NA NA NA 1307 795 3872 807 NA NA NA NA NA
1599512400.0 15.0 NA 116 275 0 NA NA NA NA NA NA 482 607 0 NA NA NA NA NA NA 1690 2619 442 NA NA NA NA NA NA 708 2687 639 NA NA NA NA NA
1599512400.0 150.0 74 180 251 0 NA NA NA NA NA 175 518 445 0 NA NA NA NA NA 3495 930 1780 365 NA NA NA NA NA 2970 1255 1443 540 NA NA NA NA NA
1599512400.0 158.0 71 217 372 67 0 NA NA NA NA 172 578 828 147 0 NA NA NA NA 3255 1974 2969 528 623 NA NA NA NA 3438 1634 3051 528 738 NA NA NA NA
1599512400.0 158.01 NA 159 0 NA NA NA NA NA NA NA 293 0 NA NA NA NA NA NA NA 2898 131 NA NA NA NA NA NA NA 3513 169 NA NA NA NA NA NA
1599512400.0 158.1 NA 222 375 0 NA NA NA NA NA NA 562 824 0 NA NA NA NA NA NA 2443 2675 632 NA NA NA NA NA NA 1606 2785 1007 NA NA NA NA NA
1599512400.0 158.181 70 213 370 70 0 NA NA NA NA 171 559 805 156 0 NA NA NA NA 2809 1457 3009 466 632 NA NA NA NA 3428 1402 3124 447 822 NA NA NA NA
1599512400.0 158.2 NA 223 374 0 NA NA NA NA NA NA 573 846 0 NA NA NA NA NA NA 1705 2833 602 NA NA NA NA NA NA 1330 2608 672 NA NA NA NA NA
1599512400.0 158.3 NA 218 364 0 NA NA NA NA NA NA 574 815 0 NA NA NA NA NA NA 1602 2673 630 NA NA NA NA NA NA 1368 2703 1009 NA NA NA NA NA
1599512400.0 159.0 71 151 350 65 0 NA NA NA NA 155 592 768 143 0 NA NA NA NA 2732 831 2603 232 592 NA NA NA NA 2026 1755 2956 712 736 NA NA NA NA
1599512400.0 159.1 65 149 347 0 NA NA NA NA NA 143 523 771 0 NA NA NA NA NA 2497 638 2454 606 NA NA NA NA NA 2752 488 3475 855 NA NA NA NA NA
1599512400.0 159.2 60 148 342 0 NA NA NA NA NA 145 507 756 0 NA NA NA NA NA 1036 673 2095 604 NA NA NA NA NA 664 609 2086 882 NA NA NA NA NA
1599512400.0 159.3 64 151 354 0 NA NA NA NA NA 149 551 747 0 NA NA NA NA NA 1801 795 2189 599 NA NA NA NA NA 1654 964 1972 787 NA NA NA NA NA
1599512400.0 159.4 64 144 358 0 NA NA NA NA NA 145 509 772 0 NA NA NA NA NA 806 702 2475 601 NA NA NA NA NA 733 810 2622 849 NA NA NA NA NA
1599512400.0 16.0 NA 131 283 0 NA NA NA NA NA NA 473 638 0 NA NA NA NA NA NA 2048 3129 459 NA NA NA NA NA NA 937 2326 594 NA NA NA NA NA
1599512400.0 17.0 NA 113 277 0 NA NA NA NA NA NA 519 670 0 NA NA NA NA NA NA 1854 2508 445 NA NA NA NA NA NA 896 2021 568 NA NA NA NA NA
1599512400.0 18.0 NA 117 281 0 NA NA NA NA NA NA 447 695 0 NA NA NA NA NA NA 1724 2640 423 NA NA NA NA NA NA 629 2652 592 NA NA NA NA NA
1599512400.0 19.0 NA 121 285 0 NA NA NA NA NA NA 545 725 0 NA NA NA NA NA NA 1751 2856 440 NA NA NA NA NA NA 856 2748 635 NA NA NA NA NA
1599512400.0 2.0 80 106 199 NA NA NA NA NA NA 224 464 561 NA NA NA NA NA NA 2444 711 1641 NA NA NA NA NA NA 1177 488 1439 NA NA NA NA NA NA
1599512400.0 20.0 NA 112 280 0 NA NA NA NA NA NA 479 661 0 NA NA NA NA NA NA 1787 2880 473 NA NA NA NA NA NA 657 2283 570 NA NA NA NA NA
1599512400.0 200.0 NA 175 350 0 NA NA NA NA NA NA 552 703 0 NA NA NA NA NA NA 1089 2699 466 NA NA NA NA NA NA 919 2894 670 NA NA NA NA NA
1599512400.0 2017.1 694 0 139 NA NA NA NA NA NA 1445 0 255 NA NA NA NA NA NA 2312 329 815 NA NA NA NA NA NA 1554 400 1066 NA NA NA NA NA NA
1599512400.0 2017.11 718 0 138 NA NA NA NA NA NA 1475 0 256 NA NA NA NA NA NA 2441 337 844 NA NA NA NA NA NA 1650 436 1006 NA NA NA NA NA NA
1599512400.0 2017.12 690 0 133 NA NA NA NA NA NA 1288 0 244 NA NA NA NA NA NA 2108 329 839 NA NA NA NA NA NA 1719 470 872 NA NA NA NA NA NA
1599512400.0 2017.13 706 0 NA NA NA NA NA NA NA 1435 0 NA NA NA NA NA NA NA 2005 356 NA NA NA NA NA NA NA 1502 522 NA NA NA NA NA NA NA
1599512400.0 2017.2 650 0 122 NA NA NA NA NA NA 1222 0 246 NA NA NA NA NA NA 2118 319 742 NA NA NA NA NA NA 1646 464 841 NA NA NA NA NA NA
1599512400.0 2017.3 648 0 135 NA NA NA NA NA NA 1321 0 242 NA NA NA NA NA NA 2099 334 695 NA NA NA NA NA NA 1896 600 839 NA NA NA NA NA NA
1599512400.0 2017.4 689 0 126 NA NA NA NA NA NA 1281 0 241 NA NA NA NA NA NA 2533 337 698 NA NA NA NA NA NA 1775 562 885 NA NA NA NA NA NA
1599512400.0 2017.5 694 0 129 NA NA NA NA NA NA 1443 0 239 NA NA NA NA NA NA 2241 323 737 NA NA NA NA NA NA 1563 401 835 NA NA NA NA NA NA
1599512400.0 2017.6 698 0 130 NA NA NA NA NA NA 1432 0 248 NA NA NA NA NA NA 2090 329 752 NA NA NA NA NA NA 1670 508 773 NA NA NA NA NA NA
1599512400.0 2017.7 695 0 123 NA NA NA NA NA NA 1384 0 248 NA NA NA NA NA NA 2191 333 832 NA NA NA NA NA NA 1197 555 977 NA NA NA NA NA NA
1599512400.0 2017.8 492 NA NA NA NA NA NA NA NA 730 NA NA NA NA NA NA NA NA 795 NA NA NA NA NA NA NA NA 635 NA NA NA NA NA NA NA NA
1599512400.0 2017.9 694 0 124 NA NA NA NA NA NA 1228 0 244 NA NA NA NA NA NA 2089 334 730 NA NA NA NA NA NA 1372 743 804 NA NA NA NA NA NA
1599512400.0 2018.1 670 0 129 NA NA NA NA NA NA 1284 0 258 NA NA NA NA NA NA 2364 336 867 NA NA NA NA NA NA 1840 563 867 NA NA NA NA NA NA
1599512400.0 2018.11 679 0 137 NA NA NA NA NA NA 1455 0 256 NA NA NA NA NA NA 2734 341 907 NA NA NA NA NA NA 1883 553 753 NA NA NA NA NA NA
1599512400.0 2018.12 669 0 130 NA NA NA NA NA NA 1280 0 246 NA NA NA NA NA NA 2247 328 810 NA NA NA NA NA NA 1667 479 924 NA NA NA NA NA NA
1599512400.0 2018.13 687 0 NA NA NA NA NA NA NA 1303 0 NA NA NA NA NA NA NA 2170 359 NA NA NA NA NA NA NA 1727 537 NA NA NA NA NA NA NA
1599512400.0 2018.2 629 0 126 NA NA NA NA NA NA 1362 0 239 NA NA NA NA NA NA 1977 334 816 NA NA NA NA NA NA 1907 579 814 NA NA NA NA NA NA
1599512400.0 2018.3 619 0 123 NA NA NA NA NA NA 1220 0 235 NA NA NA NA NA NA 2130 307 745 NA NA NA NA NA NA 1663 401 847 NA NA NA NA NA NA
1599512400.0 2018.4 663 0 129 NA NA NA NA NA NA 1269 0 247 NA NA NA NA NA NA 2214 327 830 NA NA NA NA NA NA 1644 434 899 NA NA NA NA NA NA
1599512400.0 2018.5 666 0 131 NA NA NA NA NA NA 1437 0 248 NA NA NA NA NA NA 2474 326 769 NA NA NA NA NA NA 1933 616 915 NA NA NA NA NA NA
1599512400.0 2018.6 673 0 129 NA NA NA NA NA NA 1241 0 244 NA NA NA NA NA NA 2305 361 774 NA NA NA NA NA NA 2742 691 872 NA NA NA NA NA NA
1599512400.0 2018.7 669 0 137 NA NA NA NA NA NA 1293 0 253 NA NA NA NA NA NA 2080 326 696 NA NA NA NA NA NA 1645 559 926 NA NA NA NA NA NA
1599512400.0 2018.8 464 NA NA NA NA NA NA NA NA 725 NA NA NA NA NA NA NA NA 676 NA NA NA NA NA NA NA NA 673 NA NA NA NA NA NA NA NA
1599512400.0 2018.9 673 0 137 NA NA NA NA NA NA 1219 0 250 NA NA NA NA NA NA 2734 328 794 NA NA NA NA NA NA 2490 548 872 NA NA NA NA NA NA
1599512400.0 202.0 NA 180 357 0 NA NA NA NA NA NA 539 766 0 NA NA NA NA NA NA 1189 3062 468 NA NA NA NA NA NA 834 2589 670 NA NA NA NA NA
1599512400.0 203.0 NA 176 358 0 NA NA NA NA NA NA 617 695 0 NA NA NA NA NA NA 1246 2821 475 NA NA NA NA NA NA 954 2477 825 NA NA NA NA NA
1599512400.0 204.0 81 166 370 0 NA NA NA NA NA 215 581 709 0 NA NA NA NA NA 2175 1100 2849 469 NA NA NA NA NA 1163 798 2320 636 NA NA NA NA NA
1599512400.0 205.0 NA 165 337 0 NA NA NA NA NA NA 561 728 0 NA NA NA NA NA NA 1056 2647 457 NA NA NA NA NA NA 1007 2963 631 NA NA NA NA NA
1599512400.0 21.0 NA 112 281 0 NA NA NA NA NA NA 495 649 0 NA NA NA NA NA NA 2012 2865 471 NA NA NA NA NA NA 979 2174 686 NA NA NA NA NA
1599512400.0 22.0 NA 119 288 0 NA NA NA NA NA NA 482 672 0 NA NA NA NA NA NA 1896 3318 473 NA NA NA NA NA NA 689 3136 689 NA NA NA NA NA
1599512400.0 23.0 NA 127 303 0 NA NA NA NA NA NA 483 695 0 NA NA NA NA NA NA 2233 3346 502 NA NA NA NA NA NA 1160 2952 625 NA NA NA NA NA
1599512400.0 23234.0 NA 412 458 0 NA NA NA NA NA NA 753 761 0 NA NA NA NA NA NA 3020 3637 542 NA NA NA NA NA NA 1783 3037 750 NA NA NA NA NA
1599512400.0 23234.103 NA 422 470 0 NA NA NA NA NA NA 759 808 0 NA NA NA NA NA NA 4594 4166 548 NA NA NA NA NA NA 2159 2769 738 NA NA NA NA NA
1599512400.0 23234.21 NA 418 255 157 NA NA NA NA NA NA 776 614 302 NA NA NA NA NA NA 2834 2079 1392 NA NA NA NA NA NA 1400 1443 1085 NA NA NA NA NA
1599512400.0 23434.21 NA 971 737 199 NA NA NA NA NA NA 1571 1606 346 NA NA NA NA NA NA 13563 14919 1674 NA NA NA NA NA NA 7619 4808 1312 NA NA NA NA NA
1599512400.0 23434.99 NA 942 1112 760 0 NA NA NA NA NA 1436 1718 1255 0 NA NA NA NA NA 10245 7912 17833 620 NA NA NA NA NA 6538 4154 6122 909 NA NA NA NA
1599512400.0 23434.999 NA 428 651 488 0 NA NA NA NA NA 724 1002 830 0 NA NA NA NA NA 4983 4326 5816 568 NA NA NA NA NA 2929 1743 3127 672 NA NA NA NA
1599512400.0 23461.97 925 NA NA NA NA NA NA NA NA 1405 NA NA NA NA NA NA NA NA 9587 NA NA NA NA NA NA NA NA 4220 NA NA NA NA NA NA NA NA
1599512400.0 23634.0 94 428 464 0 NA NA NA NA NA 194 773 761 0 NA NA NA NA NA 6509 3135 3618 530 NA NA NA NA NA 2791 1244 2932 644 NA NA NA NA NA
1599512400.0 24.0 NA 130 305 0 NA NA NA NA NA NA 508 637 0 NA NA NA NA NA NA 2412 4084 507 NA NA NA NA NA NA 943 2787 697 NA NA NA NA NA
1599512400.0 24834.0 91 419 474 0 NA NA NA NA NA 195 756 694 0 NA NA NA NA NA 6294 3000 3667 535 NA NA NA NA NA 2551 1296 2703 641 NA NA NA NA NA
1599512400.0 25.0 NA 136 319 0 81 NA NA NA NA NA 556 713 0 159 NA NA NA NA NA 2940 4631 500 474 NA NA NA NA NA 1608 2685 1639 315 NA NA NA NA
1599512400.0 250199.0 318 NA NA NA NA NA NA NA NA 714 NA NA NA NA NA NA NA NA 3654 NA NA NA NA NA NA NA NA 1779 NA NA NA NA NA NA NA NA
1599512400.0 250199.17 323 NA NA NA NA NA NA NA NA 759 NA NA NA NA NA NA NA NA 3767 NA NA NA NA NA NA NA NA 1940 NA NA NA NA NA NA NA NA
1599512400.0 250199.18 384 NA NA NA NA NA NA NA NA 838 NA NA NA NA NA NA NA NA 4999 NA NA NA NA NA NA NA NA 2816 NA NA NA NA NA NA NA NA
1599512400.0 250200.0 NA 325 392 0 NA NA NA NA NA NA 701 730 0 NA NA NA NA NA NA 12783 3330 464 NA NA NA NA NA NA 6272 2789 626 NA NA NA NA NA
1599512400.0 250200.1 81 312 252 NA NA NA NA NA NA 199 642 643 NA NA NA NA NA NA 2000 3196 2242 NA NA NA NA NA NA 1131 1456 1921 NA NA NA NA NA NA
1599512400.0 250200.117 69 397 268 NA NA NA NA NA NA 168 754 773 NA NA NA NA NA NA 2426 5891 2415 NA NA NA NA NA NA 1346 2114 1913 NA NA NA NA NA NA
1599512400.0 250200.118 67 430 294 158 NA NA NA NA NA 167 779 740 328 NA NA NA NA NA 2395 6148 3103 841 NA NA NA NA NA 942 2377 1998 1004 NA NA NA NA NA
1599512400.0 250200.17 NA 410 456 0 NA NA NA NA NA NA 826 891 0 NA NA NA NA NA NA 16308 3812 643 NA NA NA NA NA NA 6966 2827 848 NA NA NA NA NA
1599512400.0 250200.18 NA 455 494 0 NA NA NA NA NA NA 892 934 0 NA NA NA NA NA NA 19456 4332 635 NA NA NA NA NA NA 9156 2387 1024 NA NA NA NA NA
1599512400.0 250200.182 68 349 431 0 NA NA NA NA NA 169 704 890 0 NA NA NA NA NA 2445 5849 4144 632 NA NA NA NA NA 1870 2846 3493 1079 NA NA NA NA NA
1599512400.0 250202.0 NA 331 392 0 NA NA NA NA NA NA 725 774 0 NA NA NA NA NA NA 12793 3750 467 NA NA NA NA NA NA 5882 2854 827 NA NA NA NA NA
1599512400.0 250202.1 NA 316 317 412 0 NA NA NA NA NA 747 790 817 0 NA NA NA NA NA 3858 13661 3547 473 NA NA NA NA NA 2686 5538 2688 712 NA NA NA NA
1599512400.0 250202.118 68 427 294 160 NA NA NA NA NA 167 826 739 329 NA NA NA NA NA 2934 6308 3113 834 NA NA NA NA NA 1288 2321 2052 962 NA NA NA NA NA
1599512400.0 250202.17 NA 414 469 0 NA NA NA NA NA NA 841 935 0 NA NA NA NA NA NA 16774 4051 644 NA NA NA NA NA NA 8712 2915 800 NA NA NA NA NA
1599512400.0 250202.171 NA 328 399 459 0 NA NA NA NA NA 678 836 897 0 NA NA NA NA NA 3688 16281 3915 642 NA NA NA NA NA 2274 7112 2321 1006 NA NA NA NA
1599512400.0 250202.172 NA 423 478 0 NA NA NA NA NA NA 829 855 0 NA NA NA NA NA NA 17219 4161 651 NA NA NA NA NA NA 7735 2981 839 NA NA NA NA NA
1599512400.0 250202.18 NA 461 508 0 NA NA NA NA NA NA 918 957 0 NA NA NA NA NA NA 20547 5306 640 NA NA NA NA NA NA 8968 2749 732 NA NA NA NA NA
1599512400.0 250202.181 NA 396 450 490 0 NA NA NA NA NA 775 788 889 0 NA NA NA NA NA 4947 21037 4733 670 NA NA NA NA NA 2796 7478 2705 889 NA NA NA NA
1599512400.0 250202.182 69 389 464 0 NA NA NA NA NA 166 756 838 0 NA NA NA NA NA 3028 5780 4505 645 NA NA NA NA NA 1467 2294 2574 736 NA NA NA NA NA
1599512400.0 250202.2 NA 334 385 0 NA NA NA NA NA NA 687 773 0 NA NA NA NA NA NA 17736 3377 471 NA NA NA NA NA NA 6948 2741 709 NA NA NA NA NA
1599512400.0 250202.3 NA 333 318 389 0 NA NA NA NA NA 740 628 716 0 NA NA NA NA NA 3787 17788 3373 465 NA NA NA NA NA 2767 6308 2784 704 NA NA NA NA
1599512400.0 250202.4 NA 334 399 0 NA NA NA NA NA NA 691 802 0 NA NA NA NA NA NA 17542 3761 469 NA NA NA NA NA NA 7735 2711 636 NA NA NA NA NA
1599512400.0 250202.5 NA 320 315 400 0 NA NA NA NA NA 746 695 745 0 NA NA NA NA NA 3744 17196 3486 470 NA NA NA NA NA 2193 5840 2324 780 NA NA NA NA
1599512400.0 250203.0 NA 335 395 0 NA NA NA NA NA NA 720 763 0 NA NA NA NA NA NA 12940 3246 469 NA NA NA NA NA NA 6774 2767 733 NA NA NA NA NA
1599512400.0 250203.17 NA 407 457 0 NA NA NA NA NA NA 862 908 0 NA NA NA NA NA NA 16167 4101 647 NA NA NA NA NA NA 7381 2947 868 NA NA NA NA NA
1599512400.0 250203.18 NA 456 491 0 NA NA NA NA NA NA 908 847 0 NA NA NA NA NA NA 20570 4959 635 NA NA NA NA NA NA 8144 2700 767 NA NA NA NA NA
1599512400.0 250204.0 NA 335 400 0 NA NA NA NA NA NA 715 758 0 NA NA NA NA NA NA 13513 3250 457 NA NA NA NA NA NA 5791 2256 760 NA NA NA NA NA
1599512400.0 250204.17 NA 404 477 0 NA NA NA NA NA NA 838 923 0 NA NA NA NA NA NA 15976 4296 640 NA NA NA NA NA NA 7781 2917 818 NA NA NA NA NA
1599512400.0 250204.18 NA 447 487 0 NA NA NA NA NA NA 963 915 0 NA NA NA NA NA NA 20939 4522 642 NA NA NA NA NA NA 7952 2445 704 NA NA NA NA NA
1599512400.0 250205.0 NA 324 392 0 NA NA NA NA NA NA 765 732 0 NA NA NA NA NA NA 12932 3394 457 NA NA NA NA NA NA 5832 2539 611 NA NA NA NA NA
1599512400.0 250205.17 NA 417 456 0 NA NA NA NA NA NA 814 913 0 NA NA NA NA NA NA 16159 4120 647 NA NA NA NA NA NA 7745 2651 897 NA NA NA NA NA
1599512400.0 250205.18 NA 454 498 0 NA NA NA NA NA NA 902 875 0 NA NA NA NA NA NA 19366 4922 632 NA NA NA NA NA NA 8859 3260 1027 NA NA NA NA NA
1599512400.0 250206.0 NA 327 405 0 NA NA NA NA NA NA 760 677 0 NA NA NA NA NA NA 13585 3662 473 NA NA NA NA NA NA 6671 2786 723 NA NA NA NA NA
1599512400.0 250206.118 69 396 288 157 NA NA NA NA NA 163 716 750 331 NA NA NA NA NA 1815 5370 2429 816 NA NA NA NA NA 1722 2461 1669 995 NA NA NA NA NA
1599512400.0 250206.17 NA 416 451 0 NA NA NA NA NA NA 786 876 0 NA NA NA NA NA NA 16841 3786 651 NA NA NA NA NA NA 7772 2969 878 NA NA NA NA NA
1599512400.0 250206.18 NA 453 534 0 NA NA NA NA NA NA 894 978 0 NA NA NA NA NA NA 20179 5058 661 NA NA NA NA NA NA 9345 2815 875 NA NA NA NA NA
1599512400.0 250206.181 NA 407 450 522 0 NA NA NA NA NA 827 936 892 0 NA NA NA NA NA 5579 20781 4470 645 NA NA NA NA NA 3723 6826 2520 945 NA NA NA NA
1599512400.0 250206.182 65 259 419 0 NA NA NA NA NA 161 672 851 0 NA NA NA NA NA 1178 2805 2789 630 NA NA NA NA NA 1416 2626 2562 955 NA NA NA NA NA
1599512400.0 250207.0 NA 316 391 0 NA NA NA NA NA NA 730 715 0 NA NA NA NA NA NA 12547 4073 439 NA NA NA NA NA NA 6553 3390 525 NA NA NA NA NA
1599512400.0 250207.17 NA 391 450 0 NA NA NA NA NA NA 879 882 0 NA NA NA NA NA NA 15969 3725 634 NA NA NA NA NA NA 8771 2724 884 NA NA NA NA NA
1599512400.0 250207.18 NA 445 478 0 NA NA NA NA NA NA 859 901 0 NA NA NA NA NA NA 19894 4109 627 NA NA NA NA NA NA 8836 2316 1005 NA NA NA NA NA
1599512400.0 250208.17 NA 419 486 0 NA NA NA NA NA NA 841 913 0 NA NA NA NA NA NA 17365 4910 655 NA NA NA NA NA NA 7475 2983 871 NA NA NA NA NA
1599512400.0 250208.18 NA 464 509 0 NA NA NA NA NA NA 972 868 0 NA NA NA NA NA NA 21673 6669 645 NA NA NA NA NA NA 8293 3448 709 NA NA NA NA NA
1599512400.0 250399.0 321 NA NA NA NA NA NA NA NA 738 NA NA NA NA NA NA NA NA 1119 NA NA NA NA NA NA NA NA 1010 NA NA NA NA NA NA NA NA
1599512400.0 250399.17 584 NA NA NA NA NA NA NA NA 1118 NA NA NA NA NA NA NA NA 1439 NA NA NA NA NA NA NA NA 1330 NA NA NA NA NA NA NA NA
1599512400.0 250399.18 560 NA NA NA NA NA NA NA NA 992 NA NA NA NA NA NA NA NA 1532 NA NA NA NA NA NA NA NA 1221 NA NA NA NA NA NA NA NA
1599512400.0 250400.0 443 0 133 NA NA NA NA NA NA 963 0 245 NA NA NA NA NA NA 2272 254 765 NA NA NA NA NA NA 3261 699 1032 NA NA NA NA NA NA
1599512400.0 250400.17 734 0 141 NA NA NA NA NA NA 1270 0 249 NA NA NA NA NA NA 2560 330 759 NA NA NA NA NA NA 2481 447 847 NA NA NA NA NA NA
1599512400.0 250400.18 718 0 136 NA NA NA NA NA NA 1406 0 245 NA NA NA NA NA NA 2410 327 794 NA NA NA NA NA NA 2203 602 842 NA NA NA NA NA NA
1599512400.0 250402.0 450 0 129 NA NA NA NA NA NA 1070 0 260 NA NA NA NA NA NA 2075 263 768 NA NA NA NA NA NA 2233 628 882 NA NA NA NA NA NA
1599512400.0 250402.1 322 437 0 NA NA NA NA NA NA 739 967 0 NA NA NA NA NA NA 1219 1939 247 NA NA NA NA NA NA 1144 1505 366 NA NA NA NA NA NA
1599512400.0 250402.17 736 0 143 NA NA NA NA NA NA 1426 0 253 NA NA NA NA NA NA 2535 321 736 NA NA NA NA NA NA 1999 369 821 NA NA NA NA NA NA
1599512400.0 250402.171 591 725 0 NA NA NA NA NA NA 1000 1430 0 NA NA NA NA NA NA 1764 2526 332 NA NA NA NA NA NA 1073 1645 508 NA NA NA NA NA NA
1599512400.0 250402.18 715 0 144 NA NA NA NA NA NA 1435 0 270 NA NA NA NA NA NA 3157 332 950 NA NA NA NA NA NA 3032 795 1135 NA NA NA NA NA NA
1599512400.0 250402.181 557 705 0 NA NA NA NA NA NA 1109 1318 0 NA NA NA NA NA NA 1584 2515 333 NA NA NA NA NA NA 1452 1763 533 NA NA NA NA NA NA
1599512400.0 250403.0 442 0 139 NA NA NA NA NA NA 1009 0 258 NA NA NA NA NA NA 1991 260 793 NA NA NA NA NA NA 2538 481 857 NA NA NA NA NA NA
1599512400.0 250403.17 731 0 135 NA NA NA NA NA NA 1453 0 256 NA NA NA NA NA NA 2651 312 742 NA NA NA NA NA NA 1802 345 832 NA NA NA NA NA NA
1599512400.0 250403.18 717 0 135 NA NA NA NA NA NA 1472 0 245 NA NA NA NA NA NA 2915 324 758 NA NA NA NA NA NA 2099 391 771 NA NA NA NA NA NA
1599512400.0 250405.0 441 0 140 NA NA NA NA NA NA 953 0 256 NA NA NA NA NA NA 1817 264 884 NA NA NA NA NA NA 2496 532 989 NA NA NA NA NA NA
1599512400.0 250405.17 729 0 130 NA NA NA NA NA NA 1463 0 260 NA NA NA NA NA NA 2475 352 788 NA NA NA NA NA NA 2124 849 1006 NA NA NA NA NA NA
1599512400.0 250405.18 716 0 131 NA NA NA NA NA NA 1492 0 242 NA NA NA NA NA NA 3046 322 791 NA NA NA NA NA NA 2404 490 1029 NA NA NA NA NA NA
1599512400.0 250406.0 439 0 130 NA NA NA NA NA NA 962 0 251 NA NA NA NA NA NA 1923 253 753 NA NA NA NA NA NA 2901 415 864 NA NA NA NA NA NA
1599512400.0 250406.17 727 0 140 NA NA NA NA NA NA 1254 0 257 NA NA NA NA NA NA 2523 321 1020 NA NA NA NA NA NA 2851 465 1038 NA NA NA NA NA NA
1599512400.0 250406.18 697 0 134 NA NA NA NA NA NA 1453 0 254 NA NA NA NA NA NA 2197 326 779 NA NA NA NA NA NA 2287 675 730 NA NA NA NA NA NA
1599512400.0 250407.0 402 0 132 NA NA NA NA NA NA 994 0 252 NA NA NA NA NA NA 1837 240 853 NA NA NA NA NA NA 2961 439 981 NA NA NA NA NA NA
1599512400.0 250407.17 683 0 141 NA NA NA NA NA NA 1353 0 255 NA NA NA NA NA NA 2285 315 755 NA NA NA NA NA NA 1614 531 901 NA NA NA NA NA NA
1599512400.0 250407.18 667 0 134 NA NA NA NA NA NA 1405 0 252 NA NA NA NA NA NA 2400 302 749 NA NA NA NA NA NA 2254 345 797 NA NA NA NA NA NA
1599512400.0 250408.0 443 0 137 NA NA NA NA NA NA 1063 0 254 NA NA NA NA NA NA 1996 260 834 NA NA NA NA NA NA 2125 547 1055 NA NA NA NA NA NA
1599512400.0 250408.17 728 0 135 NA NA NA NA NA NA 1316 0 249 NA NA NA NA NA NA 2637 342 1095 NA NA NA NA NA NA 2468 534 1351 NA NA NA NA NA NA
1599512400.0 250408.18 718 0 135 NA NA NA NA NA NA 1441 0 254 NA NA NA NA NA NA 2668 345 953 NA NA NA NA NA NA 2513 522 1007 NA NA NA NA NA NA
1599512400.0 250409.0 455 0 149 NA NA NA NA NA NA 1111 0 260 NA NA NA NA NA NA 2188 255 1650 NA NA NA NA NA NA 1954 464 1563 NA NA NA NA NA NA
1599512400.0 250409.17 736 0 142 NA NA NA NA NA NA 1492 0 260 NA NA NA NA NA NA 2893 331 834 NA NA NA NA NA NA 1812 414 889 NA NA NA NA NA NA
1599512400.0 250409.18 728 0 137 NA NA NA NA NA NA 1496 0 261 NA NA NA NA NA NA 2965 330 899 NA NA NA NA NA NA 1749 439 882 NA NA NA NA NA NA
1599512400.0 25200.0 NA 316 549 0 160 NA NA NA NA NA 727 935 0 336 NA NA NA NA NA 3301 3612 465 793 NA NA NA NA NA 1876 2902 820 903 NA NA NA NA
1599512400.0 25202.0 NA 303 495 0 155 NA NA NA NA NA 685 938 0 335 NA NA NA NA NA 3499 3913 464 847 NA NA NA NA NA 2002 3023 883 978 NA NA NA NA
1599512400.0 25202.1 NA 325 492 0 NA NA NA NA NA NA 760 927 0 NA NA NA NA NA NA 4475 3696 461 NA NA NA NA NA NA 1991 2829 642 NA NA NA NA NA
1599512400.0 25202.15 NA 304 535 0 175 NA NA NA NA NA 747 947 0 340 NA NA NA NA NA 3510 4042 459 957 NA NA NA NA NA 1985 3019 602 1039 NA NA NA NA
1599512400.0 25202.2 NA 313 523 0 NA NA NA NA NA NA 726 964 0 NA NA NA NA NA NA 4414 3681 466 NA NA NA NA NA NA 1981 2702 642 NA NA NA NA NA
1599512400.0 25203.0 NA 311 543 0 159 NA NA NA NA NA 720 970 0 327 NA NA NA NA NA 3623 4232 472 823 NA NA NA NA NA 1540 3067 755 914 NA NA NA NA
1599512400.0 25204.0 NA 318 544 0 NA NA NA NA NA NA 681 905 0 NA NA NA NA NA NA 3680 3921 466 NA NA NA NA NA NA 2050 2843 591 NA NA NA NA NA
1599512400.0 25205.0 NA 299 503 0 163 NA NA NA NA NA 772 927 0 332 NA NA NA NA NA 3606 3941 461 831 NA NA NA NA NA 2195 3314 828 876 NA NA NA NA
1599512400.0 25206.0 NA 321 566 0 154 NA NA NA NA NA 717 1006 0 323 NA NA NA NA NA 3443 3934 460 767 NA NA NA NA NA 1495 3076 603 937 NA NA NA NA
1599512400.0 25207.0 NA 284 537 0 NA NA NA NA NA NA 710 967 0 NA NA NA NA NA NA 3537 3495 457 NA NA NA NA NA NA 1783 2669 598 NA NA NA NA NA
1599512400.0 25208.0 NA 312 568 0 NA NA NA NA NA NA 722 977 0 NA NA NA NA NA NA 3736 4873 473 NA NA NA NA NA NA 1963 2902 596 NA NA NA NA NA
1599512400.0 25209.0 NA 322 530 0 155 NA NA NA NA NA 728 1016 0 328 NA NA NA NA NA 3644 3902 472 714 NA NA NA NA NA 1944 2805 905 989 NA NA NA NA
1599512400.0 25210.0 79 192 433 0 NA NA NA NA NA 182 625 802 0 NA NA NA NA NA 2835 2202 3842 442 NA NA NA NA NA 2912 1759 4798 809 NA NA NA NA NA
1599512400.0 25211.0 91 331 523 0 NA NA NA NA NA 202 737 863 0 NA NA NA NA NA 5089 3283 4078 459 NA NA NA NA NA 3482 1401 3473 645 NA NA NA NA NA
1599512400.0 25211.17 73 383 610 0 NA NA NA NA NA 176 785 1041 0 NA NA NA NA NA 4437 4981 4461 643 NA NA NA NA NA 3143 1716 3092 896 NA NA NA NA NA
1599512400.0 25211.18 73 433 704 0 NA NA NA NA NA 184 847 1220 0 NA NA NA NA NA 4887 6096 7316 655 NA NA NA NA NA 3796 2570 4485 1251 NA NA NA NA NA
1599512400.0 25212.0 96 293 532 0 NA NA NA NA NA 226 733 968 0 NA NA NA NA NA 8467 3293 4532 478 NA NA NA NA NA 6716 1691 3664 686 NA NA NA NA NA
1599512400.0 25212.17 71 387 606 0 NA NA NA NA NA 174 826 1061 0 NA NA NA NA NA 7488 4960 4550 636 NA NA NA NA NA 6328 1999 2899 689 NA NA NA NA NA
1599512400.0 25212.18 78 422 669 0 NA NA NA NA NA 187 854 1066 0 NA NA NA NA NA 8818 5861 5710 644 NA NA NA NA NA 6987 2294 3407 801 NA NA NA NA NA
1599512400.0 25213.0 89 317 532 0 NA NA NA NA NA 206 712 956 0 NA NA NA NA NA 7660 3767 4086 477 NA NA NA NA NA 6278 2297 3074 661 NA NA NA NA NA
1599512400.0 25213.17 71 379 580 0 NA NA NA NA NA 170 747 1079 0 NA NA NA NA NA 7269 4860 4827 663 NA NA NA NA NA 6212 2123 3847 1000 NA NA NA NA NA
1599512400.0 25213.18 77 421 667 0 NA NA NA NA NA 174 798 1090 0 NA NA NA NA NA 9135 5961 5802 656 NA NA NA NA NA 7068 2691 3537 788 NA NA NA NA NA
1599512400.0 25214.0 NA 304 540 0 NA NA NA NA NA NA 754 951 0 NA NA NA NA NA NA 3348 3924 473 NA NA NA NA NA NA 1939 2795 594 NA NA NA NA NA
1599512400.0 25215.0 19 96 306 538 0 NA NA NA NA 85 221 727 966 0 NA NA NA NA 56 2852 3802 4059 469 NA NA NA NA 135 1287 2209 3340 703 NA NA NA NA
1599512400.0 25215.17 19 75 384 593 0 NA NA NA NA 86 181 806 1031 0 NA NA NA NA 55 3026 4925 4476 641 NA NA NA NA 208 1739 2113 2972 1046 NA NA NA NA
1599512400.0 25215.18 18 72 416 672 0 NA NA NA NA 85 178 798 1090 0 NA NA NA NA 56 2855 6238 5969 636 NA NA NA NA 236 1879 2940 3732 1002 NA NA NA NA
1599512400.0 25400.0 530 0 131 NA NA NA NA NA NA 1174 0 258 NA NA NA NA NA NA 3780 276 766 NA NA NA NA NA NA 2817 484 784 NA NA NA NA NA NA
1599512400.0 25400.17 849 0 133 NA NA NA NA NA NA 1574 0 248 NA NA NA NA NA NA 6107 339 845 NA NA NA NA NA NA 3352 413 788 NA NA NA NA NA NA
1599512400.0 25400.18 816 0 134 NA NA NA NA NA NA 1507 0 260 NA NA NA NA NA NA 6409 372 946 NA NA NA NA NA NA 3615 745 913 NA NA NA NA NA NA
1599512400.0 25402.0 542 0 136 NA NA NA NA NA NA 1242 0 252 NA NA NA NA NA NA 3864 246 903 NA NA NA NA NA NA 2037 280 984 NA NA NA NA NA NA
1599512400.0 25402.17 857 0 136 NA NA NA NA NA NA 1607 0 263 NA NA NA NA NA NA 6853 350 840 NA NA NA NA NA NA 3461 492 932 NA NA NA NA NA NA
1599512400.0 25402.18 823 0 139 NA NA NA NA NA NA 1381 0 251 NA NA NA NA NA NA 6316 353 875 NA NA NA NA NA NA 3017 462 736 NA NA NA NA NA NA
1599512400.0 25403.0 543 0 132 NA NA NA NA NA NA 1203 0 261 NA NA NA NA NA NA 3546 246 794 NA NA NA NA NA NA 2232 290 809 NA NA NA NA NA NA
1599512400.0 25403.17 847 0 136 NA NA NA NA NA NA 1368 0 250 NA NA NA NA NA NA 6376 347 828 NA NA NA NA NA NA 2649 546 907 NA NA NA NA NA NA
1599512400.0 25403.18 821 0 143 NA NA NA NA NA NA 1472 0 246 NA NA NA NA NA NA 6211 342 794 NA NA NA NA NA NA 2956 430 1020 NA NA NA NA NA NA
1599512400.0 25405.0 543 0 138 NA NA NA NA NA NA 1130 0 246 NA NA NA NA NA NA 3647 248 806 NA NA NA NA NA NA 2176 282 882 NA NA NA NA NA NA
1599512400.0 25405.17 846 0 135 NA NA NA NA NA NA 1409 0 246 NA NA NA NA NA NA 5939 347 937 NA NA NA NA NA NA 3914 543 928 NA NA NA NA NA NA
1599512400.0 25405.18 815 0 134 NA NA NA NA NA NA 1439 0 251 NA NA NA NA NA NA 7102 345 923 NA NA NA NA NA NA 3795 544 1018 NA NA NA NA NA NA
1599512400.0 25406.0 533 0 135 NA NA NA NA NA NA 1050 0 256 NA NA NA NA NA NA 2347 265 1019 NA NA NA NA NA NA 2986 754 1253 NA NA NA NA NA NA
1599512400.0 25406.17 840 0 132 NA NA NA NA NA NA 1396 0 244 NA NA NA NA NA NA 4099 334 734 NA NA NA NA NA NA 2312 476 763 NA NA NA NA NA NA
1599512400.0 25406.18 812 0 138 NA NA NA NA NA NA 1542 0 258 NA NA NA NA NA NA 3575 344 839 NA NA NA NA NA NA 1827 478 760 NA NA NA NA NA NA
1599512400.0 25407.0 499 0 131 NA NA NA NA NA NA 1086 0 251 NA NA NA NA NA NA 3415 239 754 NA NA NA NA NA NA 2049 311 1017 NA NA NA NA NA NA
1599512400.0 25407.17 813 0 137 NA NA NA NA NA NA 1456 0 254 NA NA NA NA NA NA 5747 338 804 NA NA NA NA NA NA 3578 601 803 NA NA NA NA NA NA
1599512400.0 25407.18 773 0 134 NA NA NA NA NA NA 1441 0 253 NA NA NA NA NA NA 5996 345 756 NA NA NA NA NA NA 3566 543 782 NA NA NA NA NA NA
1599512400.0 25408.0 552 0 133 NA NA NA NA NA NA 1212 0 250 NA NA NA NA NA NA 4577 259 891 NA NA NA NA NA NA 2429 312 828 NA NA NA NA NA NA
1599512400.0 25408.17 857 0 140 NA NA NA NA NA NA 1519 0 264 NA NA NA NA NA NA 7338 356 896 NA NA NA NA NA NA 3979 771 989 NA NA NA NA NA NA
1599512400.0 25408.18 832 0 138 NA NA NA NA NA NA 1449 0 254 NA NA NA NA NA NA 7376 361 934 NA NA NA NA NA NA 3817 691 817 NA NA NA NA NA NA
1599512400.0 25409.0 538 0 138 NA NA NA NA NA NA 1148 0 245 NA NA NA NA NA NA 3847 256 801 NA NA NA NA NA NA 1899 353 925 NA NA NA NA NA NA
1599512400.0 25409.17 854 0 141 NA NA NA NA NA NA 1594 0 260 NA NA NA NA NA NA 6030 351 1096 NA NA NA NA NA NA 2614 735 761 NA NA NA NA NA NA
1599512400.0 25409.18 833 0 133 NA NA NA NA NA NA 1444 0 254 NA NA NA NA NA NA 6583 349 913 NA NA NA NA NA NA 4542 629 985 NA NA NA NA NA NA
1599512400.0 26.0 NA 137 312 0 NA NA NA NA NA NA 519 697 0 NA NA NA NA NA NA 2019 3294 470 NA NA NA NA NA NA 872 2713 707 NA NA NA NA NA
1599512400.0 26634.0 91 426 458 0 NA NA NA NA NA 195 725 815 0 NA NA NA NA NA 6439 2999 3670 530 NA NA NA NA NA 3386 1338 2751 646 NA NA NA NA NA
1599512400.0 27.0 NA 131 293 0 NA NA NA NA NA NA 514 645 0 NA NA NA NA NA NA 2020 2950 475 NA NA NA NA NA NA 860 2463 633 NA NA NA NA NA
1599512400.0 27034.0 89 430 466 0 NA NA NA NA NA 183 724 756 0 NA NA NA NA NA 6190 3152 3645 534 NA NA NA NA NA 2692 1405 2846 631 NA NA NA NA NA
1599512400.0 27434.0 95 440 475 0 NA NA NA NA NA 187 748 820 0 NA NA NA NA NA 7028 3673 4181 559 NA NA NA NA NA 3358 1872 2798 685 NA NA NA NA NA
1599512400.0 27834.0 92 423 457 0 NA NA NA NA NA 196 764 715 0 NA NA NA NA NA 6217 2929 3703 556 NA NA NA NA NA 3015 1373 2791 680 NA NA NA NA NA
1599512400.0 28.0 NA 130 310 0 NA NA NA NA NA NA 567 649 0 NA NA NA NA NA NA 2385 3668 474 NA NA NA NA NA NA 1105 2571 660 NA NA NA NA NA
1599512400.0 280.0 82 114 277 0 NA NA NA NA NA 293 521 614 0 NA NA NA NA NA 3291 763 2234 450 NA NA NA NA NA 1548 444 2229 630 NA NA NA NA NA
1599512400.0 281.0 91 172 329 0 NA NA NA NA NA 310 501 651 0 NA NA NA NA NA 2744 1640 1792 457 NA NA NA NA NA 1496 985 1557 637 NA NA NA NA NA
1599512400.0 28234.0 91 441 486 0 NA NA NA NA NA 192 817 804 0 NA NA NA NA NA 7480 2873 3972 554 NA NA NA NA NA 3552 1158 3017 788 NA NA NA NA NA
1599512400.0 28634.0 91 429 467 0 NA NA NA NA NA 189 724 832 0 NA NA NA NA NA 6680 3082 3607 540 NA NA NA NA NA 2593 1842 2463 716 NA NA NA NA NA
1599512400.0 29.0 NA 142 306 0 NA NA NA NA NA NA 511 654 0 NA NA NA NA NA NA 2135 3408 480 NA NA NA NA NA NA 1008 2619 728 NA NA NA NA NA
1599512400.0 29034.0 94 421 463 0 NA NA NA NA NA 186 719 738 0 NA NA NA NA NA 6300 3247 3642 563 NA NA NA NA NA 3167 2613 2893 814 NA NA NA NA NA
1599512400.0 29434.0 90 428 469 0 NA NA NA NA NA 193 776 800 0 NA NA NA NA NA 6666 3077 3704 534 NA NA NA NA NA 2885 1244 2745 703 NA NA NA NA NA
1599512400.0 29834.0 90 428 459 0 NA NA NA NA NA 193 741 760 0 NA NA NA NA NA 6519 3170 3737 531 NA NA NA NA NA 3073 1235 2979 622 NA NA NA NA NA
1599512400.0 3.0 73 109 200 NA NA NA NA NA NA 202 428 571 NA NA NA NA NA NA 4683 665 1765 NA NA NA NA NA NA 2239 438 1767 NA NA NA NA NA NA
1599512400.0 30.0 NA 129 300 0 NA NA NA NA NA NA 487 683 0 NA NA NA NA NA NA 2109 3262 505 NA NA NA NA NA NA 1283 2213 699 NA NA NA NA NA
1599512400.0 300.0 71 177 405 0 NA NA NA NA NA 186 547 835 0 NA NA NA NA NA 1195 1044 2803 629 NA NA NA NA NA 1107 1422 4824 864 NA NA NA NA NA
1599512400.0 301.0 68 175 413 0 NA NA NA NA NA 184 563 857 0 NA NA NA NA NA 998 1167 3344 640 NA NA NA NA NA 1085 1349 3325 1549 NA NA NA NA NA
1599512400.0 302.0 73 182 402 0 NA NA NA NA NA 187 535 781 0 NA NA NA NA NA 1414 1018 3022 628 NA NA NA NA NA 1564 1560 3419 865 NA NA NA NA NA
1599512400.0 30234.0 90 428 466 0 NA NA NA NA NA 188 777 781 0 NA NA NA NA NA 6229 3095 3453 533 NA NA NA NA NA 3807 1414 2849 698 NA NA NA NA NA
1599512400.0 31.0 NA 129 299 0 NA NA NA NA NA NA 478 675 0 NA NA NA NA NA NA 2194 3174 479 NA NA NA NA NA NA 975 2486 738 NA NA NA NA NA
1599512400.0 310.0 69 171 389 0 NA NA NA NA NA 169 469 744 0 NA NA NA NA NA 1418 1329 2632 611 NA NA NA NA NA 1764 2102 2699 802 NA NA NA NA NA
1599512400.0 311.0 83 164 391 0 NA NA NA NA NA 168 505 793 0 NA NA NA NA NA 1152 786 3477 607 NA NA NA NA NA 982 1264 3100 1154 NA NA NA NA NA
1599512400.0 312.0 69 166 377 0 NA NA NA NA NA 167 520 796 0 NA NA NA NA NA 1351 756 2303 613 NA NA NA NA NA 2652 886 2286 918 NA NA NA NA NA
1599512400.0 32.0 NA 128 308 0 NA NA NA NA NA NA 558 653 0 NA NA NA NA NA NA 2322 3506 484 NA NA NA NA NA NA 918 2657 790 NA NA NA NA NA
1599512400.0 33.0 NA 142 300 0 NA NA NA NA NA NA 410 633 0 NA NA NA NA NA NA 2173 2960 469 NA NA NA NA NA NA 1099 2552 729 NA NA NA NA NA
1599512400.0 34.0 76 115 283 0 NA NA NA NA NA 221 456 631 0 NA NA NA NA NA 2217 757 2209 454 NA NA NA NA NA 1014 403 2295 557 NA NA NA NA NA
1599512400.0 35.0 NA 130 305 0 NA NA NA NA NA NA 492 640 0 NA NA NA NA NA NA 2376 3549 489 NA NA NA NA NA NA 1308 2483 665 NA NA NA NA NA
1599512400.0 36.0 NA 143 317 0 NA NA NA NA NA NA 491 668 0 NA NA NA NA NA NA 3202 8921 514 NA NA NA NA NA NA 1653 3966 875 NA NA NA NA NA
1599512400.0 37.0 NA 130 314 0 NA NA NA NA NA NA 503 701 0 NA NA NA NA NA NA 2466 4342 493 NA NA NA NA NA NA 1042 2647 613 NA NA NA NA NA
1599512400.0 38.0 NA 146 300 0 NA NA NA NA NA NA 521 697 0 NA NA NA NA NA NA 2707 4308 494 NA NA NA NA NA NA 1279 3157 710 NA NA NA NA NA
1599512400.0 39.0 NA 144 312 0 NA NA NA NA NA NA 571 731 0 NA NA NA NA NA NA 2753 6120 512 NA NA NA NA NA NA 1145 3053 653 NA NA NA NA NA
1599512400.0 4.17 NA 42 304 0 161 NA NA NA NA NA 107 587 0 311 NA NA NA NA NA 238 4111 352 1528 NA NA NA NA NA 278 3434 473 1319 NA NA NA NA
1599512400.0 4.22 NA 146 72 66 0 NA NA NA NA NA 287 161 164 0 NA NA NA NA NA 1388 544 428 243 NA NA NA NA NA 1584 1370 685 438 NA NA NA NA
1599512400.0 4.23 NA 81 310 0 NA NA NA NA NA NA 150 664 0 NA NA NA NA NA NA 370 3647 457 NA NA NA NA NA NA 869 2758 594 NA NA NA NA NA
1599512400.0 4.24 NA 56 302 0 NA NA NA NA NA NA 140 701 0 NA NA NA NA NA NA 326 3649 374 NA NA NA NA NA NA 974 2648 619 NA NA NA NA NA
1599512400.0 4.25 NA 71 306 0 NA NA NA NA NA NA 140 671 0 NA NA NA NA NA NA 326 3487 387 NA NA NA NA NA NA 961 2780 493 NA NA NA NA NA
1599512400.0 4.26 NA 56 311 0 NA NA NA NA NA NA 136 657 0 NA NA NA NA NA NA 321 4600 409 NA NA NA NA NA NA 474 4542 651 NA NA NA NA NA
1599512400.0 4.27 NA 63 303 0 NA NA NA NA NA NA 141 633 0 NA NA NA NA NA NA 362 4162 493 NA NA NA NA NA NA 905 3323 828 NA NA NA NA NA
1599512400.0 4.28 NA 67 300 0 NA NA NA NA NA NA 146 615 0 NA NA NA NA NA NA 269 4060 1655 NA NA NA NA NA NA 575 5064 2749 NA NA NA NA NA
1599512400.0 4.29 NA 32 308 0 166 NA NA NA NA NA 110 628 0 317 NA NA NA NA NA 279 4199 344 1488 NA NA NA NA NA 230 3297 466 1475 NA NA NA NA
1599512400.0 4.34 NA 65 308 0 NA NA NA NA NA NA 151 638 0 NA NA NA NA NA NA 396 4175 463 NA NA NA NA NA NA 1057 3262 702 NA NA NA NA NA
1599512400.0 4.36 NA 63 313 0 NA NA NA NA NA NA 141 632 0 NA NA NA NA NA NA 361 4652 375 NA NA NA NA NA NA 800 4383 556 NA NA NA NA NA
1599512400.0 4.37 NA 64 316 0 NA NA NA NA NA NA 141 601 0 NA NA NA NA NA NA 318 5471 386 NA NA NA NA NA NA 546 5489 472 NA NA NA NA NA
1599512400.0 4.4 NA 43 353 0 NA NA NA NA NA NA 112 755 0 NA NA NA NA NA NA 245 4569 362 NA NA NA NA NA NA 652 3266 550 NA NA NA NA NA
1599512400.0 4.41 NA 43 359 0 NA NA NA NA NA NA 112 751 0 NA NA NA NA NA NA 264 5967 367 NA NA NA NA NA NA 808 3714 568 NA NA NA NA NA
1599512400.0 4.42 NA 33 364 0 NA NA NA NA NA NA 111 798 0 NA NA NA NA NA NA 272 6552 366 NA NA NA NA NA NA 674 4303 603 NA NA NA NA NA
1599512400.0 4.43 NA 37 348 0 NA NA NA NA NA NA 112 759 0 NA NA NA NA NA NA 210 4458 358 NA NA NA NA NA NA 367 3574 1887 NA NA NA NA NA
1599512400.0 4.44 NA 30 355 0 NA NA NA NA NA NA 107 765 0 NA NA NA NA NA NA 246 5908 363 NA NA NA NA NA NA 613 3286 568 NA NA NA NA NA
1599512400.0 4.45 NA 30 355 0 NA NA NA NA NA NA 115 833 0 NA NA NA NA NA NA 270 6950 361 NA NA NA NA NA NA 659 3236 549 NA NA NA NA NA
1599512400.0 4.51 NA 32 353 0 NA NA NA NA NA NA 113 758 0 NA NA NA NA NA NA 245 6301 363 NA NA NA NA NA NA 458 3554 715 NA NA NA NA NA
1599512400.0 4.52 NA 37 355 0 NA NA NA NA NA NA 110 837 0 NA NA NA NA NA NA 259 7138 374 NA NA NA NA NA NA 753 3373 739 NA NA NA NA NA
1599512400.0 4.53 NA 44 354 0 NA NA NA NA NA NA 113 769 0 NA NA NA NA NA NA 285 6777 363 NA NA NA NA NA NA 758 3297 614 NA NA NA NA NA
1599512400.0 4.54 NA 41 356 0 NA NA NA NA NA NA 112 778 0 NA NA NA NA NA NA 294 6962 363 NA NA NA NA NA NA 732 3766 622 NA NA NA NA NA
1599512400.0 4.55 NA 34 363 0 NA NA NA NA NA NA 112 778 0 NA NA NA NA NA NA 256 8610 359 NA NA NA NA NA NA 407 4245 503 NA NA NA NA NA
1599512400.0 4.57 NA 56 365 0 NA NA NA NA NA NA 138 737 0 NA NA NA NA NA NA 286 7906 370 NA NA NA NA NA NA 489 3910 471 NA NA NA NA NA
1599512400.0 4.58 NA 59 359 0 NA NA NA NA NA NA 133 810 0 NA NA NA NA NA NA 290 5266 362 NA NA NA NA NA NA 536 2834 519 NA NA NA NA NA
1599512400.0 4.6 NA 314 0 NA NA NA NA NA NA NA 651 0 NA NA NA NA NA NA NA 3296 452 NA NA NA NA NA NA NA 3638 696 NA NA NA NA NA NA
1599512400.0 4.61 NA 44 360 0 NA NA NA NA NA NA 111 835 0 NA NA NA NA NA NA 243 6859 358 NA NA NA NA NA NA 373 3265 566 NA NA NA NA NA
1599512400.0 4.62 NA 36 358 0 NA NA NA NA NA NA 113 821 0 NA NA NA NA NA NA 267 6937 360 NA NA NA NA NA NA 482 3895 487 NA NA NA NA NA
1599512400.0 4.63 NA 36 368 0 NA NA NA NA NA NA 113 783 0 NA NA NA NA NA NA 261 7159 362 NA NA NA NA NA NA 468 3202 455 NA NA NA NA NA
1599512400.0 4.64 NA 43 363 0 NA NA NA NA NA NA 116 760 0 NA NA NA NA NA NA 269 6953 355 NA NA NA NA NA NA 709 3160 439 NA NA NA NA NA
1599512400.0 4.65 NA 32 368 0 NA NA NA NA NA NA 113 794 0 NA NA NA NA NA NA 266 9449 364 NA NA NA NA NA NA 409 4228 491 NA NA NA NA NA
1599512400.0 4.67 NA 61 371 0 NA NA NA NA NA NA 137 795 0 NA NA NA NA NA NA 296 8281 369 NA NA NA NA NA NA 527 3623 484 NA NA NA NA NA
1599512400.0 4.68 NA 47 358 0 NA NA NA NA NA NA 136 803 0 NA NA NA NA NA NA 289 6597 357 NA NA NA NA NA NA 1029 4169 582 NA NA NA NA NA
1599512400.0 4.71 NA 42 356 0 NA NA NA NA NA NA 111 816 0 NA NA NA NA NA NA 318 5778 365 NA NA NA NA NA NA 1009 3238 638 NA NA NA NA NA
1599512400.0 4.72 NA 41 350 0 NA NA NA NA NA NA 113 795 0 NA NA NA NA NA NA 260 6179 380 NA NA NA NA NA NA 706 3100 727 NA NA NA NA NA
1599512400.0 4.73 NA 36 358 0 NA NA NA NA NA NA 116 806 0 NA NA NA NA NA NA 268 6986 370 NA NA NA NA NA NA 1600 3830 487 NA NA NA NA NA
1599512400.0 4.74 NA 43 363 0 NA NA NA NA NA NA 114 773 0 NA NA NA NA NA NA 241 6529 368 NA NA NA NA NA NA 490 3367 660 NA NA NA NA NA
1599512400.0 4.75 NA 44 360 0 NA NA NA NA NA NA 112 763 0 NA NA NA NA NA NA 250 7482 364 NA NA NA NA NA NA 506 3949 458 NA NA NA NA NA
1599512400.0 4.76 NA 57 363 0 NA NA NA NA NA NA 147 769 0 NA NA NA NA NA NA 328 7640 378 NA NA NA NA NA NA 596 3973 502 NA NA NA NA NA
1599512400.0 4.77 NA 72 372 0 NA NA NA NA NA NA 139 746 0 NA NA NA NA NA NA 290 7746 381 NA NA NA NA NA NA 451 4445 706 NA NA NA NA NA
1599512400.0 4.78 NA 48 365 0 NA NA NA NA NA NA 134 787 0 NA NA NA NA NA NA 292 7957 340 NA NA NA NA NA NA 476 4007 385 NA NA NA NA NA
1599512400.0 4000.0 NA 130 311 NA NA NA NA NA NA NA 476 707 NA NA NA NA NA NA NA 2558 4508 NA NA NA NA NA NA NA 1165 2816 NA NA NA NA NA NA
1599512400.0 4001.0 NA 167 358 NA NA NA NA NA NA NA 542 757 NA NA NA NA NA NA NA 1082 2679 NA NA NA NA NA NA NA 759 2598 NA NA NA NA NA NA
1599512400.0 4002.0 NA 128 299 NA NA NA NA NA NA NA 520 684 NA NA NA NA NA NA NA 2519 3244 NA NA NA NA NA NA NA 1493 2618 NA NA NA NA NA NA
1599512400.0 4003.0 NA 130 295 NA NA NA NA NA NA NA 491 687 NA NA NA NA NA NA NA 2218 3362 NA NA NA NA NA NA NA 1031 2532 NA NA NA NA NA NA
1599512400.0 4006.0 65 165 352 NA NA NA NA NA NA 181 542 752 NA NA NA NA NA NA 1802 1060 2590 NA NA NA NA NA NA 1981 929 2657 NA NA NA NA NA NA
1599512400.0 4007.0 57 0 0 NA NA NA NA NA NA 154 0 0 NA NA NA NA NA NA 664 287 2278 NA NA NA NA NA NA 643 682 2646 NA NA NA NA NA NA
1599512400.0 4008.0 63 107 290 NA NA NA NA NA NA 166 476 656 NA NA NA NA NA NA 1091 412 2046 NA NA NA NA NA NA 860 524 2517 NA NA NA NA NA NA
1599512400.0 43.0 NA 144 305 0 NA NA NA NA NA NA 494 639 0 NA NA NA NA NA NA 2449 3812 512 NA NA NA NA NA NA 1234 2820 725 NA NA NA NA NA
1599512400.0 44.0 NA 129 294 0 NA NA NA NA NA NA 489 688 0 NA NA NA NA NA NA 2242 3315 471 NA NA NA NA NA NA 884 2396 756 NA NA NA NA NA
1599512400.0 45.0 NA 129 300 0 NA NA NA NA NA NA 493 715 0 NA NA NA NA NA NA 2685 3534 489 NA NA NA NA NA NA 1377 2487 788 NA NA NA NA NA
1599512400.0 5.1 315 0 NA NA NA NA NA NA NA 867 0 NA NA NA NA NA NA NA 1684 246 NA NA NA NA NA NA NA 1614 331 NA NA NA NA NA NA NA
1599512400.0 5.2 269 0 NA NA NA NA NA NA NA 818 0 NA NA NA NA NA NA NA 1590 227 NA NA NA NA NA NA NA 1307 316 NA NA NA NA NA NA NA
1599512400.0 5.3 269 0 NA NA NA NA NA NA NA 832 0 NA NA NA NA NA NA NA 1716 226 NA NA NA NA NA NA NA 1645 318 NA NA NA NA NA NA NA
1599512400.0 5.4 318 0 NA NA NA NA NA NA NA 921 0 NA NA NA NA NA NA NA 1639 238 NA NA NA NA NA NA NA 1348 328 NA NA NA NA NA NA NA
1599512400.0 5.5 313 0 NA NA NA NA NA NA NA 902 0 NA NA NA NA NA NA NA 1812 238 NA NA NA NA NA NA NA 1907 326 NA NA NA NA NA NA NA
1599512400.0 5.6 316 0 NA NA NA NA NA NA NA 906 0 NA NA NA NA NA NA NA 1659 240 NA NA NA NA NA NA NA 1372 332 NA NA NA NA NA NA NA
1599512400.0 5.7 321 0 NA NA NA NA NA NA NA 966 0 NA NA NA NA NA NA NA 1442 237 NA NA NA NA NA NA NA 1360 327 NA NA NA NA NA NA NA
1599512400.0 500199.0 223 NA NA NA NA NA NA NA NA 692 NA NA NA NA NA NA NA NA 1916 NA NA NA NA NA NA NA NA 1474 NA NA NA NA NA NA NA NA
1599512400.0 500200.0 NA 209 341 0 NA NA NA NA NA NA 606 667 0 NA NA NA NA NA NA 6984 3133 488 NA NA NA NA NA NA 3832 2974 1037 NA NA NA NA NA
1599512400.0 500200.1 88 186 237 NA NA NA NA NA NA 197 557 592 NA NA NA NA NA NA 2222 1036 2235 NA NA NA NA NA NA 1156 800 2157 NA NA NA NA NA NA
1599512400.0 500202.0 NA 211 349 0 NA NA NA NA NA NA 629 740 0 NA NA NA NA NA NA 9039 3081 487 NA NA NA NA NA NA 4611 2183 725 NA NA NA NA NA
1599512400.0 500203.0 NA 221 349 0 NA NA NA NA NA NA 603 745 0 NA NA NA NA NA NA 7430 3083 481 NA NA NA NA NA NA 3294 2495 826 NA NA NA NA NA
1599512400.0 500204.0 NA 205 351 0 NA NA NA NA NA NA 630 717 0 NA NA NA NA NA NA 6823 3288 485 NA NA NA NA NA NA 2965 2403 736 NA NA NA NA NA
1599512400.0 500205.0 NA 208 346 0 NA NA NA NA NA NA 618 646 0 NA NA NA NA NA NA 6763 3222 479 NA NA NA NA NA NA 2712 2399 702 NA NA NA NA NA
1599512400.0 500206.0 NA 205 345 0 NA NA NA NA NA NA 652 680 0 NA NA NA NA NA NA 6850 3048 494 NA NA NA NA NA NA 2931 2428 730 NA NA NA NA NA
1599512400.0 500207.0 NA 201 342 0 NA NA NA NA NA NA 693 718 0 NA NA NA NA NA NA 6224 3100 462 NA NA NA NA NA NA 2937 3123 624 NA NA NA NA NA
1599512400.0 50200.0 NA 227 419 0 NA NA NA NA NA NA 559 817 0 NA NA NA NA NA NA 1955 3507 467 NA NA NA NA NA NA 1788 3221 610 NA NA NA NA NA
1599512400.0 50202.0 NA 222 445 0 NA NA NA NA NA NA 647 797 0 NA NA NA NA NA NA 1956 3558 482 NA NA NA NA NA NA 1346 2712 661 NA NA NA NA NA
1599512400.0 50203.0 NA 217 433 0 NA NA NA NA NA NA 622 740 0 NA NA NA NA NA NA 1613 3201 475 NA NA NA NA NA NA 1197 2617 805 NA NA NA NA NA
1599512400.0 50204.0 NA 219 431 0 NA NA NA NA NA NA 578 812 0 NA NA NA NA NA NA 2042 3252 478 NA NA NA NA NA NA 1232 2722 649 NA NA NA NA NA
1599512400.0 50205.0 NA 225 417 0 NA NA NA NA NA NA 673 813 0 NA NA NA NA NA NA 1884 3391 469 NA NA NA NA NA NA 1351 3045 707 NA NA NA NA NA
1599512400.0 50206.0 NA 227 440 0 NA NA NA NA NA NA 620 844 0 NA NA NA NA NA NA 1856 4003 487 NA NA NA NA NA NA 1250 3105 793 NA NA NA NA NA
1599512400.0 50207.0 NA 221 423 0 NA NA NA NA NA NA 595 789 0 NA NA NA NA NA NA 1690 2927 470 NA NA NA NA NA NA 1055 2892 668 NA NA NA NA NA
1599512400.0 50208.0 NA 225 439 0 NA NA NA NA NA NA 627 824 0 NA NA NA NA NA NA 1827 4233 489 NA NA NA NA NA NA 1303 2853 689 NA NA NA NA NA
1599512400.0 503.0 37 0 NA NA NA NA NA NA NA 110 0 NA NA NA NA NA NA NA 1004 132 NA NA NA NA NA NA NA 951 782 NA NA NA NA NA NA NA
1599512400.0 504.0 41 0 NA NA NA NA NA NA NA 111 0 NA NA NA NA NA NA NA 189 129 NA NA NA NA NA NA NA 817 687 NA NA NA NA NA NA NA
1599512400.0 505.0 37 0 NA NA NA NA NA NA NA 108 0 NA NA NA NA NA NA NA 173 139 NA NA NA NA NA NA NA 523 948 NA NA NA NA NA NA NA
1599512400.0 506.0 41 0 NA NA NA NA NA NA NA 108 0 NA NA NA NA NA NA NA 178 141 NA NA NA NA NA NA NA 597 397 NA NA NA NA NA NA NA
1599512400.0 507.0 36 0 NA NA NA NA NA NA NA 107 0 NA NA NA NA NA NA NA 434 129 NA NA NA NA NA NA NA 642 345 NA NA NA NA NA NA NA
1599512400.0 508.0 42 0 NA NA NA NA NA NA NA 107 0 NA NA NA NA NA NA NA 190 130 NA NA NA NA NA NA NA 838 892 NA NA NA NA NA NA NA
1599512400.0 509.0 48 0 NA NA NA NA NA NA NA 107 0 NA NA NA NA NA NA NA 162 135 NA NA NA NA NA NA NA 588 545 NA NA NA NA NA NA NA
1599512400.0 510.0 37 0 NA NA NA NA NA NA NA 109 0 NA NA NA NA NA NA NA 648 131 NA NA NA NA NA NA NA 855 329 NA NA NA NA NA NA NA
1599512400.0 511.0 53 0 NA NA NA NA NA NA NA 116 0 NA NA NA NA NA NA NA 9111 128 NA NA NA NA NA NA NA 13632 305 NA NA NA NA NA NA NA
1599512400.0 512.0 18 52 0 NA NA NA NA NA NA 82 117 0 NA NA NA NA NA NA 1906 238 138 NA NA NA NA NA NA 7762 533 345 NA NA NA NA NA NA
1599512400.0 513.0 18 50 0 NA NA NA NA NA NA 82 116 0 NA NA NA NA NA NA 538 204 120 NA NA NA NA NA NA 851 375 221 NA NA NA NA NA NA
1599512400.0 514.0 18 41 0 NA NA NA NA NA NA 82 122 0 NA NA NA NA NA NA 348 200 114 NA NA NA NA NA NA 503 246 158 NA NA NA NA NA NA
1599512400.0 515.0 18 46 0 NA NA NA NA NA NA 82 116 0 NA NA NA NA NA NA 1951 234 136 NA NA NA NA NA NA 6643 405 468 NA NA NA NA NA NA
1599512400.0 516.0 18 52 0 NA NA NA NA NA NA 81 117 0 NA NA NA NA NA NA 1986 222 137 NA NA NA NA NA NA 6800 445 484 NA NA NA NA NA NA
1599512400.0 517.0 17 41 0 NA NA NA NA NA NA 82 117 0 NA NA NA NA NA NA 835 224 119 NA NA NA NA NA NA 1352 453 202 NA NA NA NA NA NA
1599512400.0 518.0 18 51 0 NA NA NA NA NA NA 82 115 0 NA NA NA NA NA NA 1917 223 140 NA NA NA NA NA NA 6773 463 497 NA NA NA NA NA NA
1599512400.0 519.0 18 53 0 NA NA NA NA NA NA 82 115 0 NA NA NA NA NA NA 1988 217 136 NA NA NA NA NA NA 10753 453 416 NA NA NA NA NA NA
1599512400.0 520.0 17 41 0 NA NA NA NA NA NA 82 117 0 NA NA NA NA NA NA 833 220 112 NA NA NA NA NA NA 1047 268 144 NA NA NA NA NA NA
1599512400.0 521.0 18 45 0 NA NA NA NA NA NA 82 111 0 NA NA NA NA NA NA 2007 191 138 NA NA NA NA NA NA 9574 396 486 NA NA NA NA NA NA
1599512400.0 522.0 18 38 0 NA NA NA NA NA NA 82 114 0 NA NA NA NA NA NA 540 150 115 NA NA NA NA NA NA 884 298 154 NA NA NA NA NA NA
1599512400.0 523.0 18 48 0 NA NA NA NA NA NA 82 122 0 NA NA NA NA NA NA 763 167 117 NA NA NA NA NA NA 1030 223 178 NA NA NA NA NA NA
1599512400.0 524.0 17 43 0 NA NA NA NA NA NA 82 122 0 NA NA NA NA NA NA 833 178 122 NA NA NA NA NA NA 1220 1515 227 NA NA NA NA NA NA
1599512400.0 525.0 18 39 0 NA NA NA NA NA NA 82 110 0 NA NA NA NA NA NA 2026 192 133 NA NA NA NA NA NA 10680 573 313 NA NA NA NA NA NA
1599512400.0 526.0 18 53 0 NA NA NA NA NA NA 82 114 0 NA NA NA NA NA NA 1957 178 136 NA NA NA NA NA NA 9750 617 390 NA NA NA NA NA NA
1599512400.0 527.0 17 45 0 NA NA NA NA NA NA 81 120 0 NA NA NA NA NA NA 841 162 128 NA NA NA NA NA NA 1418 309 420 NA NA NA NA NA NA
1599512400.0 528.0 18 40 0 NA NA NA NA NA NA 82 115 0 NA NA NA NA NA NA 1956 190 137 NA NA NA NA NA NA 9537 540 273 NA NA NA NA NA NA
1599512400.0 529.0 18 53 0 NA NA NA NA NA NA 82 115 0 NA NA NA NA NA NA 2332 174 136 NA NA NA NA NA NA 6915 452 275 NA NA NA NA NA NA
1599512400.0 530.0 17 51 0 NA NA NA NA NA NA 82 121 0 NA NA NA NA NA NA 845 175 119 NA NA NA NA NA NA 2161 1006 174 NA NA NA NA NA NA
1599512400.0 531.0 61 0 NA NA NA NA NA NA NA 221 0 NA NA NA NA NA NA NA 178 145 NA NA NA NA NA NA NA 580 507 NA NA NA NA NA NA NA
1599512400.0 534.0 195 0 NA NA NA NA NA NA NA 303 0 NA NA NA NA NA NA NA 2038 120 NA NA NA NA NA NA NA 1806 238 NA NA NA NA NA NA NA
1599512400.0 535.0 43 0 NA NA NA NA NA NA NA 120 0 NA NA NA NA NA NA NA 1133 133 NA NA NA NA NA NA NA 1486 664 NA NA NA NA NA NA NA
1599512400.0 536.0 55 0 NA NA NA NA NA NA NA 129 0 NA NA NA NA NA NA NA 254 136 NA NA NA NA NA NA NA 970 519 NA NA NA NA NA NA NA
1599512400.0 541.0 47 0 NA NA NA NA NA NA NA 123 0 NA NA NA NA NA NA NA 202 129 NA NA NA NA NA NA NA 840 591 NA NA NA NA NA NA NA
1599512400.0 545.0 58 0 NA NA NA NA NA NA NA 121 0 NA NA NA NA NA NA NA 244 129 NA NA NA NA NA NA NA 657 655 NA NA NA NA NA NA NA
1599512400.0 551.0 18 53 0 NA NA NA NA NA NA 82 114 0 NA NA NA NA NA NA 755 211 114 NA NA NA NA NA NA 1094 414 157 NA NA NA NA NA NA
1599512400.0 552.0 17 52 0 NA NA NA NA NA NA 82 122 0 NA NA NA NA NA NA 832 211 113 NA NA NA NA NA NA 1047 357 157 NA NA NA NA NA NA
1599512400.0 554.0 17 54 0 NA NA NA NA NA NA 82 117 0 NA NA NA NA NA NA 1443 208 127 NA NA NA NA NA NA 1537 217 879 NA NA NA NA NA NA
1599512400.0 555.0 18 44 0 NA NA NA NA NA NA 82 118 0 NA NA NA NA NA NA 891 217 118 NA NA NA NA NA NA 1472 331 168 NA NA NA NA NA NA
1599512400.0 556.0 18 40 0 NA NA NA NA NA NA 82 117 0 NA NA NA NA NA NA 320 215 130 NA NA NA NA NA NA 454 240 750 NA NA NA NA NA NA
1599512400.0 560.0 44 0 NA NA NA NA NA NA NA 108 0 NA NA NA NA NA NA NA 177 121 NA NA NA NA NA NA NA 635 261 NA NA NA NA NA NA NA
1599512400.0 561.0 48 0 NA NA NA NA NA NA NA 109 0 NA NA NA NA NA NA NA 185 142 NA NA NA NA NA NA NA 621 413 NA NA NA NA NA NA NA
1599512400.0 562.0 18 46 0 NA NA NA NA NA NA 82 115 0 NA NA NA NA NA NA 314 192 119 NA NA NA NA NA NA 721 208 202 NA NA NA NA NA NA
1599512400.0 6.0 NA 114 278 0 NA NA NA NA NA NA 451 679 0 NA NA NA NA NA NA 1949 2472 441 NA NA NA NA NA NA 1081 2423 562 NA NA NA NA NA
1599512400.0 7.0 61 100 130 58 0 NA NA NA NA 156 430 274 136 0 NA NA NA NA 811 455 726 398 219 NA NA NA NA 717 411 634 400 255 NA NA NA NA
1599512400.0 7.1 58 102 128 58 0 NA NA NA NA 155 537 263 135 0 NA NA NA NA 1324 560 711 290 214 NA NA NA NA 909 399 719 416 254 NA NA NA NA
1599512400.0 7.2 63 176 196 60 0 NA NA NA NA 161 557 373 139 0 NA NA NA NA 917 1900 1421 313 338 NA NA NA NA 786 916 915 494 387 NA NA NA NA
1599512400.0 7.21 63 186 194 62 0 NA NA NA NA 159 523 381 140 0 NA NA NA NA 1329 1475 1226 448 346 NA NA NA NA 1772 1117 888 610 480 NA NA NA NA
1599512400.0 7.22 61 130 159 60 0 NA NA NA NA 153 463 294 144 0 NA NA NA NA 995 824 863 202 239 NA NA NA NA 838 914 953 455 378 NA NA NA NA
1599512400.0 7.23 63 144 191 62 0 NA NA NA NA 140 478 365 140 0 NA NA NA NA 873 733 1058 300 351 NA NA NA NA 743 818 852 414 488 NA NA NA NA
1599512400.0 7.24 55 152 194 53 0 NA NA NA NA 131 553 376 131 0 NA NA NA NA 882 750 824 179 352 NA NA NA NA 544 531 813 304 486 NA NA NA NA
1599512400.0 7.3 67 165 188 60 0 NA NA NA NA 154 396 360 145 0 NA NA NA NA 2406 2510 1103 527 338 NA NA NA NA 3132 2593 886 453 402 NA NA NA NA
1599512400.0 7.4 61 172 190 63 0 NA NA NA NA 153 568 367 141 0 NA NA NA NA 721 1395 1328 380 345 NA NA NA NA 842 977 914 373 461 NA NA NA NA
1599512400.0 8.0 NA 107 139 49 0 NA NA NA NA NA 488 273 123 0 NA NA NA NA NA 2100 1069 138 236 NA NA NA NA NA 1629 667 208 367 NA NA NA NA
1599512400.0 8.1 60 204 204 43 0 NA NA NA NA 154 594 378 120 0 NA NA NA NA 730 2647 1318 139 334 NA NA NA NA 1699 1192 869 232 381 NA NA NA NA
1599512400.0 8.2 62 171 206 50 0 NA NA NA NA 138 569 388 119 0 NA NA NA NA 773 1338 1263 141 347 NA NA NA NA 581 777 924 248 449 NA NA NA NA
1599512400.0 9.0 NA 127 297 0 NA NA NA NA NA NA 495 680 0 NA NA NA NA NA NA 2326 4427 495 NA NA NA NA NA NA 914 3136 686 NA NA NA NA NA
