Timestamp WorkflowId PeakValueRss1 PeakValueRss2 PeakValueRss3 PeakValueRss4 PeakValueRss5 PeakValueRss6 PeakValueRss7 PeakValueRss8 PeakValueRss9 PeakValueVsize1 PeakValueVsize2 PeakValueVsize3 PeakValueVsize4 PeakValueVsize5 PeakValueVsize6 PeakValueVsize7 PeakValueVsize8 PeakValueVsize9 TotalJobCPU1 TotalJobCPU2 TotalJobCPU3 TotalJobCPU4 TotalJobCPU5 TotalJobCPU6 TotalJobCPU7 TotalJobCPU8 TotalJobCPU9 TotalJobTime1 TotalJobTime2 TotalJobTime3 TotalJobTime4 TotalJobTime5 TotalJobTime6 TotalJobTime7 TotalJobTime8 TotalJobTime9
1523869200.0 1.0 93 100 174 NA NA NA NA NA NA 176 368 280 NA NA NA NA NA NA 2144 577 982 NA NA NA NA NA NA 1103 442 1052 NA NA NA NA NA NA
1523869200.0 10.0 NA 135 282 0 NA NA NA NA NA NA 370 383 0 NA NA NA NA NA NA 2483 3470 533 NA NA NA NA NA NA 1182 2420 620 NA NA NA NA NA
1523869200.0 1000.0 NA 280 158 0 47 NA NA NA NA NA 385 244 0 90 NA NA NA NA NA 2955 1338 638 288 NA NA NA NA NA 2107 1197 710 333 NA NA NA NA
1523869200.0 10001.0 NA 112 326 67 0 NA NA NA NA NA 388 447 112 0 NA NA NA NA NA 565 2081 313 1229 NA NA NA NA NA 462 2425 458 1307 NA NA NA NA
1523869200.0 10002.0 NA 119 334 66 0 NA NA NA NA NA 387 449 111 0 NA NA NA NA NA 657 1852 404 1144 NA NA NA NA NA 732 1987 429 1219 NA NA NA NA
1523869200.0 10003.0 NA 113 339 66 0 NA NA NA NA NA 387 442 112 0 NA NA NA NA NA 586 2075 422 1154 NA NA NA NA NA 558 2789 445 1247 NA NA NA NA
1523869200.0 10004.0 NA 112 336 75 0 NA NA NA NA NA 387 453 111 0 NA NA NA NA NA 570 1959 420 1138 NA NA NA NA NA 456 2747 512 1210 NA NA NA NA
1523869200.0 10005.0 NA 110 323 66 0 NA NA NA NA NA 387 451 111 0 NA NA NA NA NA 571 1914 308 1152 NA NA NA NA NA 472 2311 423 1264 NA NA NA NA
1523869200.0 10006.0 NA 121 328 65 0 NA NA NA NA NA 387 473 111 0 NA NA NA NA NA 627 1845 406 1144 NA NA NA NA NA 531 2445 424 1214 NA NA NA NA
1523869200.0 10007.0 NA 118 330 75 0 NA NA NA NA NA 383 454 112 0 NA NA NA NA NA 703 1958 379 1144 NA NA NA NA NA 606 1982 406 1215 NA NA NA NA
1523869200.0 10008.0 NA 122 329 73 0 NA NA NA NA NA 387 479 112 0 NA NA NA NA NA 708 2071 323 1312 NA NA NA NA NA 689 2208 504 1403 NA NA NA NA
1523869200.0 10009.0 NA 113 332 65 0 NA NA NA NA NA 388 450 112 0 NA NA NA NA NA 663 2104 314 1137 NA NA NA NA NA 567 2668 463 1223 NA NA NA NA
1523869200.0 1001.0 NA 244 108 0 0 0 0 0 0 NA 313 158 0 0 0 0 0 0 NA 2488 628 78 122 262 126 249 70 NA 2054 672 117 161 345 189 285 131
1523869200.0 1001.2 NA 331 128 0 NA NA NA NA NA NA 510 178 0 NA NA NA NA NA NA 14507 1650 72 NA NA NA NA NA NA 7596 1189 183 NA NA NA NA NA
1523869200.0 1002.0 NA 279 68 NA NA NA NA NA NA NA 385 122 NA NA NA NA NA NA NA 2937 386 NA NA NA NA NA NA NA 2035 265 NA NA NA NA NA NA
1523869200.0 10023.0 NA 120 329 66 0 NA NA NA NA NA 388 447 111 0 NA NA NA NA NA 579 1836 429 1152 NA NA NA NA NA 461 1896 451 1227 NA NA NA NA
1523869200.0 10024.0 NA 133 347 76 0 NA NA NA NA NA 384 481 114 0 NA NA NA NA NA 652 2550 410 1333 NA NA NA NA NA 524 2535 421 1410 NA NA NA NA
1523869200.0 10024.1 NA 124 180 0 NA NA NA NA NA NA 380 263 0 NA NA NA NA NA NA 770 817 330 NA NA NA NA NA NA 533 830 388 NA NA NA NA NA
1523869200.0 10024.2 NA 131 337 0 NA NA NA NA NA NA 384 452 0 NA NA NA NA NA NA 806 2049 1142 NA NA NA NA NA NA 563 1919 1227 NA NA NA NA NA
1523869200.0 10024.3 NA 133 172 0 NA NA NA NA NA NA 388 269 0 NA NA NA NA NA NA 750 796 316 NA NA NA NA NA NA 529 819 380 NA NA NA NA NA
1523869200.0 10024.4 NA 124 340 0 NA NA NA NA NA NA 388 445 0 NA NA NA NA NA NA 820 2108 1186 NA NA NA NA NA NA 682 2228 1272 NA NA NA NA NA
1523869200.0 10024.5 NA 128 93 0 NA NA NA NA NA NA 388 173 0 NA NA NA NA NA NA 626 475 140 NA NA NA NA NA NA 475 590 307 NA NA NA NA NA
1523869200.0 10025.0 NA 128 334 69 0 NA NA NA NA NA 387 447 111 0 NA NA NA NA NA 796 2142 299 1153 NA NA NA NA NA 1751 2192 400 1240 NA NA NA NA
1523869200.0 10026.0 NA 128 351 71 0 NA NA NA NA NA 387 471 113 0 NA NA NA NA NA 977 2750 315 1352 NA NA NA NA NA 1000 2351 468 1477 NA NA NA NA
1523869200.0 1003.0 NA 242 0 NA NA NA NA NA NA NA 312 0 NA NA NA NA NA NA NA 2989 479 NA NA NA NA NA NA NA 1654 535 NA NA NA NA NA NA
1523869200.0 1004.0 NA 209 99 0 0 0 0 NA NA NA 286 138 0 0 0 0 NA NA NA 976 321 78 117 247 256 NA NA NA 1031 365 125 152 289 301 NA NA
1523869200.0 10042.0 NA 126 335 66 0 NA NA NA NA NA 388 451 113 0 NA NA NA NA NA 732 2106 300 1341 NA NA NA NA NA 538 2138 419 1431 NA NA NA NA
1523869200.0 10059.0 NA 133 354 67 0 NA NA NA NA NA 388 462 113 0 NA NA NA NA NA 1115 2874 414 1356 NA NA NA NA NA 1296 3198 445 1462 NA NA NA NA
1523869200.0 10071.0 NA 131 339 74 0 NA NA NA NA NA 380 466 112 0 NA NA NA NA NA 813 2203 294 1232 NA NA NA NA NA 768 2233 408 1325 NA NA NA NA
1523869200.0 101.0 84 NA NA NA NA NA NA NA NA 147 NA NA NA NA NA NA NA NA 965 NA NA NA NA NA NA NA NA 1098 NA NA NA NA NA NA NA NA
1523869200.0 1010.0 NA 28 40 0 NA NA NA NA NA NA 72 86 0 NA NA NA NA NA NA 126 196 132 NA NA NA NA NA NA 220 247 183 NA NA NA NA NA
1523869200.0 102.0 92 NA NA NA NA NA NA NA NA 147 NA NA NA NA NA NA NA NA 862 NA NA NA NA NA NA NA NA 993 NA NA NA NA NA NA NA NA
1523869200.0 1020.0 NA 44 27 0 36 NA NA NA NA NA 111 61 0 104 NA NA NA NA NA 224 105 69 228 NA NA NA NA NA 292 154 105 312 NA NA NA NA
1523869200.0 10224.0 NA 275 569 0 NA NA NA NA NA NA 413 830 0 NA NA NA NA NA NA 3177 5891 1376 NA NA NA NA NA NA 1943 4555 1473 NA NA NA NA NA
1523869200.0 10225.0 NA 275 528 0 NA NA NA NA NA NA 418 766 0 NA NA NA NA NA NA 3272 4173 1245 NA NA NA NA NA NA 1661 2798 1358 NA NA NA NA NA
1523869200.0 103.0 69 91 245 NA NA NA NA NA NA 135 361 359 NA NA NA NA NA NA 1520 469 1647 NA NA NA NA NA NA 1012 623 1846 NA NA NA NA NA NA
1523869200.0 1030.0 NA 164 46 0 NA NA NA NA NA NA 310 85 0 NA NA NA NA NA NA 8205 280 71 NA NA NA NA NA NA 5088 252 156 NA NA NA NA NA
1523869200.0 1040.0 NA 300 29 0 NA NA NA NA NA NA 482 65 0 NA NA NA NA NA NA 11622 126 73 NA NA NA NA NA NA 4261 199 156 NA NA NA NA NA
1523869200.0 1040.1 NA 70 30 0 NA NA NA NA NA NA 127 66 0 NA NA NA NA NA NA 584 123 73 NA NA NA NA NA NA 640 165 176 NA NA NA NA NA
1523869200.0 10424.0 NA 124 341 0 NA NA NA NA NA NA 387 473 0 NA NA NA NA NA NA 787 2466 1246 NA NA NA NA NA NA 867 3417 1315 NA NA NA NA NA
1523869200.0 105.0 93 93 31 NA NA NA NA NA NA 171 369 66 NA NA NA NA NA NA 2580 577 130 NA NA NA NA NA NA 1124 459 181 NA NA NA NA NA NA
1523869200.0 106.0 45 0 0 NA NA NA NA NA NA 91 0 0 NA NA NA NA NA NA 901 365 1389 NA NA NA NA NA NA 575 377 1576 NA NA NA NA NA NA
1523869200.0 107.0 96 93 255 NA NA NA NA NA NA 187 369 357 NA NA NA NA NA NA 4284 604 1761 NA NA NA NA NA NA 1783 428 1797 NA NA NA NA NA NA
1523869200.0 108.0 107 107 258 NA NA NA NA NA NA 186 361 358 NA NA NA NA NA NA 6469 647 1954 NA NA NA NA NA NA 2205 481 1911 NA NA NA NA NA NA
1523869200.0 10801.0 NA 215 356 82 0 NA NA NA NA NA 481 478 124 0 NA NA NA NA NA 2054 2027 492 2007 NA NA NA NA NA 1854 2077 591 2087 NA NA NA NA
1523869200.0 10802.0 NA 224 357 84 0 NA NA NA NA NA 479 500 124 0 NA NA NA NA NA 1723 2110 588 2060 NA NA NA NA NA 1758 2104 612 2150 NA NA NA NA
1523869200.0 10803.0 NA 227 366 84 0 NA NA NA NA NA 478 507 124 0 NA NA NA NA NA 1828 2457 629 2168 NA NA NA NA NA 1922 2869 652 2266 NA NA NA NA
1523869200.0 10804.0 NA 219 356 83 0 NA NA NA NA NA 487 484 124 0 NA NA NA NA NA 1886 2248 591 2170 NA NA NA NA NA 2149 2304 591 2276 NA NA NA NA
1523869200.0 10805.0 NA 225 365 84 0 NA NA NA NA NA 483 467 124 0 NA NA NA NA NA 2088 2397 626 1943 NA NA NA NA NA 2295 2866 653 2024 NA NA NA NA
1523869200.0 10806.0 NA 206 357 84 0 NA NA NA NA NA 481 502 123 0 NA NA NA NA NA 1961 2084 584 1997 NA NA NA NA NA 1976 2095 581 2076 NA NA NA NA
1523869200.0 10807.0 NA 221 355 91 0 NA NA NA NA NA 481 482 134 0 NA NA NA NA NA 1663 2426 499 1945 NA NA NA NA NA 1861 2568 593 2019 NA NA NA NA
1523869200.0 10808.0 NA 200 363 94 0 NA NA NA NA NA 485 490 135 0 NA NA NA NA NA 2088 2182 478 2011 NA NA NA NA NA 2032 2156 586 2101 NA NA NA NA
1523869200.0 10809.0 NA 233 365 86 0 NA NA NA NA NA 477 505 134 0 NA NA NA NA NA 1935 2256 480 2081 NA NA NA NA NA 2760 2186 569 2182 NA NA NA NA
1523869200.0 10823.0 NA 223 355 82 0 NA NA NA NA NA 479 486 123 0 NA NA NA NA NA 1649 2120 551 1945 NA NA NA NA NA 1603 2085 563 2016 NA NA NA NA
1523869200.0 10824.0 NA 244 376 96 0 NA NA NA NA NA 487 526 135 0 NA NA NA NA NA 2068 2542 488 2025 NA NA NA NA NA 1809 2301 583 2107 NA NA NA NA
1523869200.0 10824.1 NA 248 189 0 NA NA NA NA NA NA 480 269 0 NA NA NA NA NA NA 1821 946 313 NA NA NA NA NA NA 1611 949 366 NA NA NA NA NA
1523869200.0 10824.5 NA 242 96 0 NA NA NA NA NA NA 483 194 0 NA NA NA NA NA NA 1819 653 124 NA NA NA NA NA NA 1599 834 166 NA NA NA NA NA
1523869200.0 10824.6 NA 242 375 86 0 NA NA NA NA NA 473 523 135 0 NA NA NA NA NA 1963 2630 492 2066 NA NA NA NA NA 1726 2786 606 2180 NA NA NA NA
1523869200.0 10825.0 NA 229 366 85 0 NA NA NA NA NA 482 491 134 0 NA NA NA NA NA 1723 2129 503 2027 NA NA NA NA NA 1632 2084 618 2128 NA NA NA NA
1523869200.0 10826.0 NA 237 376 85 0 NA NA NA NA NA 472 507 134 0 NA NA NA NA NA 2245 2817 612 1966 NA NA NA NA NA 1777 2445 590 2061 NA NA NA NA
1523869200.0 10842.0 NA 233 364 87 0 NA NA NA NA NA 474 485 135 0 NA NA NA NA NA 1868 2378 509 2071 NA NA NA NA NA 1709 2327 619 2155 NA NA NA NA
1523869200.0 10859.0 NA 249 385 86 0 NA NA NA NA NA 481 481 135 0 NA NA NA NA NA 2191 3497 597 2127 NA NA NA NA NA 1775 3064 623 2223 NA NA NA NA
1523869200.0 10871.0 NA 246 374 93 0 NA NA NA NA NA 487 488 134 0 NA NA NA NA NA 1867 2625 530 2136 NA NA NA NA NA 2219 2320 658 2232 NA NA NA NA
1523869200.0 109.0 103 97 261 NA NA NA NA NA NA 193 361 350 NA NA NA NA NA NA 4459 628 2015 NA NA NA NA NA NA 1715 475 1997 NA NA NA NA NA NA
1523869200.0 11.0 NA 109 266 0 61 NA NA NA NA NA 370 347 0 103 NA NA NA NA NA 2042 1669 604 320 NA NA NA NA NA 1068 1402 679 329 NA NA NA NA
1523869200.0 110.0 63 93 256 NA NA NA NA NA NA 118 369 363 NA NA NA NA NA NA 1126 594 1606 NA NA NA NA NA NA 636 553 1747 NA NA NA NA NA NA
1523869200.0 1102.0 NA 126 285 134 73 NA NA NA NA NA 377 383 211 163 NA NA NA NA NA 2607 4128 1736 338 NA NA NA NA NA 1181 2540 1095 308 NA NA NA NA
1523869200.0 11024.0 NA 488 747 0 NA NA NA NA NA NA 660 1089 0 NA NA NA NA NA NA 7964 8269 2102 NA NA NA NA NA NA 5050 5076 2217 NA NA NA NA NA
1523869200.0 11024.6 NA 486 728 0 NA NA NA NA NA NA 657 1065 0 NA NA NA NA NA NA 8092 8159 2130 NA NA NA NA NA NA 5519 5375 2225 NA NA NA NA NA
1523869200.0 11025.0 NA 478 701 0 NA NA NA NA NA NA 649 1045 0 NA NA NA NA NA NA 7907 7990 2247 NA NA NA NA NA NA 4827 5496 2362 NA NA NA NA NA
1523869200.0 111.0 84 92 257 NA NA NA NA NA NA 163 369 364 NA NA NA NA NA NA 2518 471 1675 NA NA NA NA NA NA 1065 441 1799 NA NA NA NA NA NA
1523869200.0 112.0 103 101 263 NA NA NA NA NA NA 186 369 365 NA NA NA NA NA NA 4376 585 1877 NA NA NA NA NA NA 2162 441 1989 NA NA NA NA NA NA
1523869200.0 11224.0 NA 229 372 0 NA NA NA NA NA NA 477 493 0 NA NA NA NA NA NA 2340 2560 2074 NA NA NA NA NA NA 1862 2410 2164 NA NA NA NA NA
1523869200.0 11224.6 NA 245 374 0 NA NA NA NA NA NA 487 496 0 NA NA NA NA NA NA 1869 2617 2154 NA NA NA NA NA NA 2115 2426 2254 NA NA NA NA NA
1523869200.0 113.0 109 95 254 NA NA NA NA NA NA 190 361 363 NA NA NA NA NA NA 2959 631 1810 NA NA NA NA NA NA 1173 461 1934 NA NA NA NA NA NA
1523869200.0 114.0 105 103 252 NA NA NA NA NA NA 191 369 365 NA NA NA NA NA NA 4395 599 1926 NA NA NA NA NA NA 1919 404 2025 NA NA NA NA NA NA
1523869200.0 115.0 104 96 262 NA NA NA NA NA NA 191 369 348 NA NA NA NA NA NA 4288 635 1966 NA NA NA NA NA NA 2087 505 2098 NA NA NA NA NA NA
1523869200.0 116.0 97 100 268 NA NA NA NA NA NA 191 369 368 NA NA NA NA NA NA 5103 627 1797 NA NA NA NA NA NA 2459 472 1804 NA NA NA NA NA NA
1523869200.0 11623.0 71 123 327 74 0 NA NA NA NA 111 386 453 111 0 NA NA NA NA 2016 831 2102 436 1315 NA NA NA NA 1127 673 2276 454 1390 NA NA NA NA
1523869200.0 11624.0 70 136 303 71 0 NA NA NA NA 119 385 460 113 0 NA NA NA NA 4552 1053 2713 360 1400 NA NA NA NA 1595 775 3198 503 1507 NA NA NA NA
1523869200.0 11625.0 67 123 336 75 0 NA NA NA NA 114 385 443 112 0 NA NA NA NA 3074 847 2246 443 1411 NA NA NA NA 1412 654 2528 463 1526 NA NA NA NA
1523869200.0 11626.0 74 136 337 76 0 NA NA NA NA 123 386 473 113 0 NA NA NA NA 7443 936 3042 345 1356 NA NA NA NA 3203 684 3002 468 1437 NA NA NA NA
1523869200.0 11642.0 62 120 333 73 0 NA NA NA NA 111 385 457 113 0 NA NA NA NA 2355 862 2223 364 1414 NA NA NA NA 1537 739 2624 508 1508 NA NA NA NA
1523869200.0 117.0 112 96 264 NA NA NA NA NA NA 194 362 353 NA NA NA NA NA NA 5144 704 1961 NA NA NA NA NA NA 1963 472 2091 NA NA NA NA NA NA
1523869200.0 118.0 102 100 267 NA NA NA NA NA NA 182 362 360 NA NA NA NA NA NA 5710 704 2165 NA NA NA NA NA NA 1944 482 2212 NA NA NA NA NA NA
1523869200.0 119.0 108 104 255 NA NA NA NA NA NA 186 369 343 NA NA NA NA NA NA 4028 600 1889 NA NA NA NA NA NA 1863 425 2009 NA NA NA NA NA NA
1523869200.0 12.0 NA 131 280 0 NA NA NA NA NA NA 377 377 0 NA NA NA NA NA NA 2307 3348 552 NA NA NA NA NA NA 1121 2181 646 NA NA NA NA NA
1523869200.0 120.0 64 97 249 NA NA NA NA NA NA 131 369 344 NA NA NA NA NA NA 1130 519 1635 NA NA NA NA NA NA 663 482 1770 NA NA NA NA NA NA
1523869200.0 12024.0 69 135 344 0 NA NA NA NA NA 118 385 478 0 NA NA NA NA NA 4773 1016 2594 1393 NA NA NA NA NA 2135 937 3180 1580 NA NA NA NA NA
1523869200.0 121.0 108 98 265 NA NA NA NA NA NA 190 361 354 NA NA NA NA NA NA 6132 639 2046 NA NA NA NA NA NA 2540 461 2032 NA NA NA NA NA NA
1523869200.0 122.0 51 0 0 NA NA NA NA NA NA 92 0 0 NA NA NA NA NA NA 967 301 1448 NA NA NA NA NA NA 608 312 1676 NA NA NA NA NA NA
1523869200.0 123.1 314 NA NA NA NA NA NA NA NA 490 NA NA NA NA NA NA NA NA 1326 NA NA NA NA NA NA NA NA 1106 NA NA NA NA NA NA NA NA
1523869200.0 123.2 312 NA NA NA NA NA NA NA NA 489 NA NA NA NA NA NA NA NA 1278 NA NA NA NA NA NA NA NA 1090 NA NA NA NA NA NA NA NA
1523869200.0 123.3 220 NA NA NA NA NA NA NA NA 488 NA NA NA NA NA NA NA NA 1161 NA NA NA NA NA NA NA NA 1122 NA NA NA NA NA NA NA NA
1523869200.0 124.1 292 NA NA NA NA NA NA NA NA 489 NA NA NA NA NA NA NA NA 1224 NA NA NA NA NA NA NA NA 1163 NA NA NA NA NA NA NA NA
1523869200.0 124.2 305 NA NA NA NA NA NA NA NA 498 NA NA NA NA NA NA NA NA 1367 NA NA NA NA NA NA NA NA 1153 NA NA NA NA NA NA NA NA
1523869200.0 124.4 294 NA NA NA NA NA NA NA NA 489 NA NA NA NA NA NA NA NA 1170 NA NA NA NA NA NA NA NA 1124 NA NA NA NA NA NA NA NA
1523869200.0 124.5 300 NA NA NA NA NA NA NA NA 488 NA NA NA NA NA NA NA NA 1194 NA NA NA NA NA NA NA NA 1162 NA NA NA NA NA NA NA NA
1523869200.0 124.6 220 NA NA NA NA NA NA NA NA 491 NA NA NA NA NA NA NA NA 1178 NA NA NA NA NA NA NA NA 1107 NA NA NA NA NA NA NA NA
1523869200.0 125.0 108 92 257 NA NA NA NA NA NA 190 380 351 NA NA NA NA NA NA 3936 623 1735 NA NA NA NA NA NA 1560 489 1784 NA NA NA NA NA NA
1523869200.0 126.0 78 98 255 NA NA NA NA NA NA 143 369 350 NA NA NA NA NA NA 2008 563 1936 NA NA NA NA NA NA 906 402 2241 NA NA NA NA NA NA
1523869200.0 127.0 64 90 252 NA NA NA NA NA NA 119 369 349 NA NA NA NA NA NA 1495 560 1652 NA NA NA NA NA NA 776 462 1846 NA NA NA NA NA NA
1523869200.0 128.0 65 92 240 NA NA NA NA NA NA 116 361 335 NA NA NA NA NA NA 1070 567 1665 NA NA NA NA NA NA 668 433 1836 NA NA NA NA NA NA
1523869200.0 129.0 65 90 240 NA NA NA NA NA NA 117 369 358 NA NA NA NA NA NA 1136 556 1665 NA NA NA NA NA NA 786 441 1852 NA NA NA NA NA NA
1523869200.0 13.0 NA 108 262 0 NA NA NA NA NA NA 369 372 0 NA NA NA NA NA NA 536 2278 507 NA NA NA NA NA NA 553 1991 567 NA NA NA NA NA
1523869200.0 130.0 70 90 249 NA NA NA NA NA NA 125 369 349 NA NA NA NA NA NA 1027 581 1686 NA NA NA NA NA NA 598 545 1837 NA NA NA NA NA NA
1523869200.0 1301.0 97 108 193 NA NA NA NA NA NA 153 379 281 NA NA NA NA NA NA 1861 576 1036 NA NA NA NA NA NA 885 501 1139 NA NA NA NA NA NA
1523869200.0 1301.17 68 113 194 NA NA NA NA NA NA 126 371 326 NA NA NA NA NA NA 1969 603 1087 NA NA NA NA NA NA 977 474 1212 NA NA NA NA NA NA
1523869200.0 1302.0 98 113 192 NA NA NA NA NA NA 156 371 290 NA NA NA NA NA NA 3817 670 1186 NA NA NA NA NA NA 1500 458 1177 NA NA NA NA NA NA
1523869200.0 1302.17 75 119 204 NA NA NA NA NA NA 132 372 322 NA NA NA NA NA NA 4084 718 1231 NA NA NA NA NA NA 1589 488 1245 NA NA NA NA NA NA
1523869200.0 1303.0 92 118 196 NA NA NA NA NA NA 156 371 295 NA NA NA NA NA NA 6437 554 1374 NA NA NA NA NA NA 3031 451 1235 NA NA NA NA NA NA
1523869200.0 1303.17 79 119 228 NA NA NA NA NA NA 140 379 302 NA NA NA NA NA NA 7289 589 1366 NA NA NA NA NA NA 2778 443 1285 NA NA NA NA NA NA
1523869200.0 1306.0 NA 109 301 0 NA NA NA NA NA NA 383 416 0 NA NA NA NA NA NA 515 1618 724 NA NA NA NA NA NA 494 1723 790 NA NA NA NA NA
1523869200.0 1307.0 NA 104 153 44 0 NA NA NA NA NA 385 229 82 0 NA NA NA NA NA 595 753 151 336 NA NA NA NA NA 944 722 206 447 NA NA NA NA
1523869200.0 1308.0 NA 112 154 42 0 NA NA NA NA NA 385 224 81 0 NA NA NA NA NA 487 617 156 328 NA NA NA NA NA 424 611 216 392 NA NA NA NA
1523869200.0 1309.0 NA 126 319 0 NA NA NA NA NA NA 387 418 0 NA NA NA NA NA NA 596 1859 762 NA NA NA NA NA NA 506 1787 834 NA NA NA NA NA
1523869200.0 131.0 76 99 253 NA NA NA NA NA NA 138 369 365 NA NA NA NA NA NA 1628 632 1678 NA NA NA NA NA NA 840 525 1774 NA NA NA NA NA NA
1523869200.0 1310.0 NA 113 317 0 NA NA NA NA NA NA 388 401 0 NA NA NA NA NA NA 574 1764 751 NA NA NA NA NA NA 536 1761 827 NA NA NA NA NA
1523869200.0 1311.0 NA 107 269 0 57 NA NA NA NA NA 387 360 0 102 NA NA NA NA NA 505 1121 741 327 NA NA NA NA NA 428 1249 813 335 NA NA NA NA
1523869200.0 1312.0 NA 123 312 0 NA NA NA NA NA NA 387 408 0 NA NA NA NA NA NA 661 1867 755 NA NA NA NA NA NA 1822 1795 827 NA NA NA NA NA
1523869200.0 1313.0 NA 120 330 0 NA NA NA NA NA NA 387 428 0 NA NA NA NA NA NA 625 2172 756 NA NA NA NA NA NA 3843 3957 827 NA NA NA NA NA
1523869200.0 1314.0 NA 111 317 0 NA NA NA NA NA NA 387 412 0 NA NA NA NA NA NA 667 1768 756 NA NA NA NA NA NA 806 1746 832 NA NA NA NA NA
1523869200.0 1315.0 NA 105 311 0 NA NA NA NA NA NA 387 409 0 NA NA NA NA NA NA 572 1633 730 NA NA NA NA NA NA 481 1740 803 NA NA NA NA NA
1523869200.0 1316.0 NA 116 311 0 NA NA NA NA NA NA 387 389 0 NA NA NA NA NA NA 555 1703 726 NA NA NA NA NA NA 502 1767 804 NA NA NA NA NA
1523869200.0 1317.0 NA 105 310 0 NA NA NA NA NA NA 387 425 0 NA NA NA NA NA NA 502 1644 733 NA NA NA NA NA NA 417 1767 809 NA NA NA NA NA
1523869200.0 1318.0 NA 110 315 0 NA NA NA NA NA NA 387 408 0 NA NA NA NA NA NA 526 1626 725 NA NA NA NA NA NA 445 1741 792 NA NA NA NA NA
1523869200.0 1319.0 NA 105 310 0 NA NA NA NA NA NA 379 405 0 NA NA NA NA NA NA 608 1640 734 NA NA NA NA NA NA 743 1740 812 NA NA NA NA NA
1523869200.0 132.0 102 104 260 NA NA NA NA NA NA 183 369 352 NA NA NA NA NA NA 4533 715 1910 NA NA NA NA NA NA 1802 552 2126 NA NA NA NA NA NA
1523869200.0 1320.0 NA 114 309 0 NA NA NA NA NA NA 387 416 0 NA NA NA NA NA NA 543 1738 735 NA NA NA NA NA NA 473 3517 816 NA NA NA NA NA
1523869200.0 1321.0 NA 107 308 0 NA NA NA NA NA NA 387 416 0 NA NA NA NA NA NA 522 1705 745 NA NA NA NA NA NA 452 1762 818 NA NA NA NA NA
1523869200.0 1322.0 NA 108 305 0 NA NA NA NA NA NA 387 396 0 NA NA NA NA NA NA 528 1690 735 NA NA NA NA NA NA 477 1761 807 NA NA NA NA NA
1523869200.0 1323.0 NA 112 297 0 NA NA NA NA NA NA 387 417 0 NA NA NA NA NA NA 514 1609 725 NA NA NA NA NA NA 465 1740 784 NA NA NA NA NA
1523869200.0 1324.0 NA 115 322 0 NA NA NA NA NA NA 387 412 0 NA NA NA NA NA NA 573 1829 751 NA NA NA NA NA NA 457 1845 829 NA NA NA NA NA
1523869200.0 1325.0 NA 126 319 0 65 NA NA NA NA NA 387 416 0 110 NA NA NA NA NA 679 1972 790 267 NA NA NA NA NA 554 4979 921 388 NA NA NA NA
1523869200.0 1325.1 NA 127 155 0 NA NA NA NA NA NA 379 237 0 NA NA NA NA NA NA 638 744 289 NA NA NA NA NA NA 631 785 344 NA NA NA NA NA
1523869200.0 1325.2 NA 126 318 0 NA NA NA NA NA NA 387 415 0 NA NA NA NA NA NA 720 1863 765 NA NA NA NA NA NA 793 1746 851 NA NA NA NA NA
1523869200.0 1325.3 NA 121 157 0 NA NA NA NA NA NA 387 219 0 NA NA NA NA NA NA 589 732 272 NA NA NA NA NA NA 457 794 331 NA NA NA NA NA
1523869200.0 1325.4 NA 118 320 0 NA NA NA NA NA NA 387 418 0 NA NA NA NA NA NA 717 1874 759 NA NA NA NA NA NA 831 1772 864 NA NA NA NA NA
1523869200.0 1325.5 NA 174 0 NA NA NA NA NA NA NA 314 0 NA NA NA NA NA NA NA 1947 145 NA NA NA NA NA NA NA 1455 200 NA NA NA NA NA NA
1523869200.0 1325.51 NA 150 0 NA NA NA NA NA NA NA 216 0 NA NA NA NA NA NA NA 1560 155 NA NA NA NA NA NA NA 1560 212 NA NA NA NA NA NA
1523869200.0 1325.6 NA 102 NA NA NA NA NA NA NA NA 165 NA NA NA NA NA NA NA NA 2465 NA NA NA NA NA NA NA NA 2492 NA NA NA NA NA NA NA
1523869200.0 1325.7 NA 105 0 NA NA NA NA NA NA NA 159 0 NA NA NA NA NA NA NA 2378 137 NA NA NA NA NA NA NA 2444 189 NA NA NA NA NA NA
1523869200.0 1325.8 NA 110 0 NA NA NA NA NA NA NA 162 0 NA NA NA NA NA NA NA 2469 137 NA NA NA NA NA NA NA 2516 188 NA NA NA NA NA NA
1523869200.0 1325.9 NA 106 0 NA NA NA NA NA NA NA 163 0 NA NA NA NA NA NA NA 1745 135 NA NA NA NA NA NA NA 1047 188 NA NA NA NA NA NA
1523869200.0 1326.0 NA 121 306 0 NA NA NA NA NA NA 388 410 0 NA NA NA NA NA NA 560 1719 743 NA NA NA NA NA NA 443 1775 812 NA NA NA NA NA
1523869200.0 1327.0 NA 114 315 0 NA NA NA NA NA NA 379 414 0 NA NA NA NA NA NA 547 1704 750 NA NA NA NA NA NA 459 1780 828 NA NA NA NA NA
1523869200.0 1328.0 NA 117 315 0 NA NA NA NA NA NA 387 416 0 NA NA NA NA NA NA 566 1757 753 NA NA NA NA NA NA 496 1728 818 NA NA NA NA NA
1523869200.0 1329.0 NA 110 313 0 NA NA NA NA NA NA 387 407 0 NA NA NA NA NA NA 547 1732 753 NA NA NA NA NA NA 450 1778 827 NA NA NA NA NA
1523869200.0 1329.1 NA 112 0 NA NA NA NA NA NA NA 184 0 NA NA NA NA NA NA NA 1538 132 NA NA NA NA NA NA NA 1060 185 NA NA NA NA NA NA
1523869200.0 133.0 109 99 262 NA NA NA NA NA NA 191 362 372 NA NA NA NA NA NA 7790 695 2042 NA NA NA NA NA NA 5591 698 2074 NA NA NA NA NA NA
1523869200.0 1330.0 NA 111 312 0 NA NA NA NA NA NA 387 407 0 NA NA NA NA NA NA 616 1717 751 NA NA NA NA NA NA 541 1737 832 NA NA NA NA NA
1523869200.0 1331.0 NA 113 310 0 NA NA NA NA NA NA 387 410 0 NA NA NA NA NA NA 640 1739 740 NA NA NA NA NA NA 736 1758 797 NA NA NA NA NA
1523869200.0 1332.0 NA 119 317 0 NA NA NA NA NA NA 387 415 0 NA NA NA NA NA NA 851 1736 726 NA NA NA NA NA NA 829 1715 806 NA NA NA NA NA
1523869200.0 1333.0 NA 112 328 0 NA NA NA NA NA NA 387 397 0 NA NA NA NA NA NA 607 1705 728 NA NA NA NA NA NA 499 1909 792 NA NA NA NA NA
1523869200.0 1334.0 NA 118 320 0 NA NA NA NA NA NA 387 414 0 NA NA NA NA NA NA 881 1770 730 NA NA NA NA NA NA 1051 1852 798 NA NA NA NA NA
1523869200.0 1335.0 NA 111 310 0 NA NA NA NA NA NA 379 400 0 NA NA NA NA NA NA 551 1832 707 NA NA NA NA NA NA 502 1912 789 NA NA NA NA NA
1523869200.0 1336.0 NA 127 317 0 NA NA NA NA NA NA 387 420 0 NA NA NA NA NA NA 688 2276 745 NA NA NA NA NA NA 473 1904 823 NA NA NA NA NA
1523869200.0 1337.0 NA 125 328 0 NA NA NA NA NA NA 387 423 0 NA NA NA NA NA NA 721 2246 776 NA NA NA NA NA NA 545 1858 844 NA NA NA NA NA
1523869200.0 1338.0 NA 116 322 0 NA NA NA NA NA NA 387 421 0 NA NA NA NA NA NA 803 1999 738 NA NA NA NA NA NA 584 2208 819 NA NA NA NA NA
1523869200.0 1339.0 NA 120 328 0 NA NA NA NA NA NA 387 406 0 NA NA NA NA NA NA 753 2112 749 NA NA NA NA NA NA 534 2314 834 NA NA NA NA NA
1523869200.0 134.0 NA 282 37 0 NA NA NA NA NA NA 364 76 0 NA NA NA NA NA NA 3412 144 70 NA NA NA NA NA NA 2283 223 105 NA NA NA NA NA
1523869200.0 134.701 NA 38 320 0 NA NA NA NA NA NA 84 413 0 NA NA NA NA NA NA 304 6129 682 NA NA NA NA NA NA 262 3147 760 NA NA NA NA NA
1523869200.0 134.702 NA 42 312 0 NA NA NA NA NA NA 88 400 0 NA NA NA NA NA NA 297 7581 654 NA NA NA NA NA NA 361 3899 739 NA NA NA NA NA
1523869200.0 134.703 NA 42 331 0 NA NA NA NA NA NA 92 422 0 NA NA NA NA NA NA 349 6961 686 NA NA NA NA NA NA 1159 4413 752 NA NA NA NA NA
1523869200.0 134.704 NA 40 315 0 NA NA NA NA NA NA 87 405 0 NA NA NA NA NA NA 333 6841 670 NA NA NA NA NA NA 509 3454 759 NA NA NA NA NA
1523869200.0 134.705 NA 43 327 0 NA NA NA NA NA NA 87 416 0 NA NA NA NA NA NA 293 7362 731 NA NA NA NA NA NA 255 4422 805 NA NA NA NA NA
1523869200.0 134.706 NA 43 327 0 NA NA NA NA NA NA 90 416 0 NA NA NA NA NA NA 292 7271 719 NA NA NA NA NA NA 297 3256 802 NA NA NA NA NA
1523869200.0 134.707 NA 33 317 0 NA NA NA NA NA NA 86 407 0 NA NA NA NA NA NA 318 6816 652 NA NA NA NA NA NA 284 3473 743 NA NA NA NA NA
1523869200.0 134.708 NA 40 317 0 NA NA NA NA NA NA 88 402 0 NA NA NA NA NA NA 292 7201 687 NA NA NA NA NA NA 261 3539 760 NA NA NA NA NA
1523869200.0 134.709 NA 42 491 0 NA NA NA NA NA NA 87 598 0 NA NA NA NA NA NA 279 6846 664 NA NA NA NA NA NA 279 3475 753 NA NA NA NA NA
1523869200.0 134.71 NA 36 309 0 NA NA NA NA NA NA 82 403 0 NA NA NA NA NA NA 291 4663 646 NA NA NA NA NA NA 242 2663 714 NA NA NA NA NA
1523869200.0 134.801 NA 40 321 0 NA NA NA NA NA NA 88 404 0 NA NA NA NA NA NA 290 4951 650 NA NA NA NA NA NA 231 3086 715 NA NA NA NA NA
1523869200.0 134.802 NA 41 327 0 NA NA NA NA NA NA 92 416 0 NA NA NA NA NA NA 386 9947 636 NA NA NA NA NA NA 329 5372 709 NA NA NA NA NA
1523869200.0 134.803 NA 32 320 0 NA NA NA NA NA NA 94 412 0 NA NA NA NA NA NA 302 7586 656 NA NA NA NA NA NA 278 3415 744 NA NA NA NA NA
1523869200.0 134.804 NA 41 333 0 NA NA NA NA NA NA 92 426 0 NA NA NA NA NA NA 291 9808 662 NA NA NA NA NA NA 244 5091 725 NA NA NA NA NA
1523869200.0 134.805 NA 43 323 0 NA NA NA NA NA NA 95 433 0 NA NA NA NA NA NA 310 9351 686 NA NA NA NA NA NA 338 4467 757 NA NA NA NA NA
1523869200.0 134.806 NA 42 336 0 NA NA NA NA NA NA 89 442 0 NA NA NA NA NA NA 395 10419 652 NA NA NA NA NA NA 425 5009 726 NA NA NA NA NA
1523869200.0 134.807 NA 93 373 0 NA NA NA NA NA NA 197 496 0 NA NA NA NA NA NA 1216 10750 826 NA NA NA NA NA NA 673 5846 909 NA NA NA NA NA
1523869200.0 134.808 NA 97 365 0 NA NA NA NA NA NA 199 482 0 NA NA NA NA NA NA 1227 10835 736 NA NA NA NA NA NA 666 4961 812 NA NA NA NA NA
1523869200.0 134.809 NA 40 317 0 NA NA NA NA NA NA 89 418 0 NA NA NA NA NA NA 288 7681 663 NA NA NA NA NA NA 256 4625 751 NA NA NA NA NA
1523869200.0 134.81 NA 36 321 0 NA NA NA NA NA NA 88 420 0 NA NA NA NA NA NA 304 7668 665 NA NA NA NA NA NA 255 3412 740 NA NA NA NA NA
1523869200.0 134.811 NA 32 330 0 NA NA NA NA NA NA 89 420 0 NA NA NA NA NA NA 314 9558 641 NA NA NA NA NA NA 263 4934 735 NA NA NA NA NA
1523869200.0 134.812 NA 38 312 0 NA NA NA NA NA NA 84 398 0 NA NA NA NA NA NA 265 4788 656 NA NA NA NA NA NA 260 2637 725 NA NA NA NA NA
1523869200.0 134.901 NA 40 309 0 NA NA NA NA NA NA 85 396 0 NA NA NA NA NA NA 273 4885 660 NA NA NA NA NA NA 282 2680 769 NA NA NA NA NA
1523869200.0 134.902 NA 37 319 0 NA NA NA NA NA NA 90 400 0 NA NA NA NA NA NA 271 7239 675 NA NA NA NA NA NA 252 3829 761 NA NA NA NA NA
1523869200.0 134.903 NA 42 309 0 NA NA NA NA NA NA 90 399 0 NA NA NA NA NA NA 295 6380 650 NA NA NA NA NA NA 264 3172 723 NA NA NA NA NA
1523869200.0 134.904 NA 42 322 0 NA NA NA NA NA NA 93 407 0 NA NA NA NA NA NA 303 7428 654 NA NA NA NA NA NA 237 3913 736 NA NA NA NA NA
1523869200.0 134.905 NA 41 315 0 NA NA NA NA NA NA 88 400 0 NA NA NA NA NA NA 323 6537 659 NA NA NA NA NA NA 263 3206 726 NA NA NA NA NA
1523869200.0 134.906 NA 41 315 0 NA NA NA NA NA NA 90 404 0 NA NA NA NA NA NA 380 7007 661 NA NA NA NA NA NA 433 4066 741 NA NA NA NA NA
1523869200.0 134.907 NA 99 344 0 NA NA NA NA NA NA 194 467 0 NA NA NA NA NA NA 1060 7269 717 NA NA NA NA NA NA 659 3653 795 NA NA NA NA NA
1523869200.0 134.908 NA 103 348 0 NA NA NA NA NA NA 195 471 0 NA NA NA NA NA NA 1126 6906 685 NA NA NA NA NA NA 579 3400 756 NA NA NA NA NA
1523869200.0 134.909 NA 36 318 0 NA NA NA NA NA NA 88 399 0 NA NA NA NA NA NA 275 6987 638 NA NA NA NA NA NA 257 3612 716 NA NA NA NA NA
1523869200.0 134.91 NA 44 319 0 NA NA NA NA NA NA 94 399 0 NA NA NA NA NA NA 328 5789 679 NA NA NA NA NA NA 282 2976 747 NA NA NA NA NA
1523869200.0 134.911 NA 33 317 0 NA NA NA NA NA NA 87 400 0 NA NA NA NA NA NA 305 6780 652 NA NA NA NA NA NA 904 3614 724 NA NA NA NA NA
1523869200.0 134.912 NA 33 310 0 NA NA NA NA NA NA 86 407 0 NA NA NA NA NA NA 312 4545 649 NA NA NA NA NA NA 283 2602 738 NA NA NA NA NA
1523869200.0 134.99601 NA 41 322 0 NA NA NA NA NA NA 93 411 0 NA NA NA NA NA NA 319 10416 657 NA NA NA NA NA NA 288 6155 741 NA NA NA NA NA
1523869200.0 134.99602 NA 42 321 0 NA NA NA NA NA NA 88 411 0 NA NA NA NA NA NA 316 5683 658 NA NA NA NA NA NA 263 2923 733 NA NA NA NA NA
1523869200.0 134.99603 NA 41 323 0 NA NA NA NA NA NA 87 421 0 NA NA NA NA NA NA 401 9016 665 NA NA NA NA NA NA 1063 4990 734 NA NA NA NA NA
1523869200.0 134.99901 NA 42 320 0 NA NA NA NA NA NA 92 402 0 NA NA NA NA NA NA 302 6506 641 NA NA NA NA NA NA 277 3268 705 NA NA NA NA NA
1523869200.0 1340.0 NA 111 304 0 NA NA NA NA NA NA 387 411 0 NA NA NA NA NA NA 587 1642 712 NA NA NA NA NA NA 479 1668 777 NA NA NA NA NA
1523869200.0 1341.0 NA 120 321 0 NA NA NA NA NA NA 387 426 0 NA NA NA NA NA NA 682 2103 770 NA NA NA NA NA NA 500 1824 843 NA NA NA NA NA
1523869200.0 1343.0 NA 112 315 0 NA NA NA NA NA NA 380 423 0 NA NA NA NA NA NA 658 1952 736 NA NA NA NA NA NA 541 2202 803 NA NA NA NA NA
1523869200.0 1344.0 NA 116 326 0 NA NA NA NA NA NA 380 410 0 NA NA NA NA NA NA 661 1703 782 NA NA NA NA NA NA 498 1691 859 NA NA NA NA NA
1523869200.0 1345.0 NA 115 311 0 NA NA NA NA NA NA 386 418 0 NA NA NA NA NA NA 588 1709 720 NA NA NA NA NA NA 527 1661 793 NA NA NA NA NA
1523869200.0 1347.0 NA 111 313 0 NA NA NA NA NA NA 387 407 0 NA NA NA NA NA NA 657 1797 756 NA NA NA NA NA NA 528 1888 831 NA NA NA NA NA
1523869200.0 1348.0 NA 111 308 0 NA NA NA NA NA NA 387 414 0 NA NA NA NA NA NA 660 1630 711 NA NA NA NA NA NA 523 1645 781 NA NA NA NA NA
1523869200.0 1349.0 NA 114 313 0 NA NA NA NA NA NA 387 414 0 NA NA NA NA NA NA 588 1644 738 NA NA NA NA NA NA 451 1637 816 NA NA NA NA NA
1523869200.0 135.1 319 0 114 NA NA NA NA NA NA 499 0 181 NA NA NA NA NA NA 1566 259 613 NA NA NA NA NA NA 1322 320 662 NA NA NA NA NA NA
1523869200.0 135.11 320 0 118 NA NA NA NA NA NA 506 0 184 NA NA NA NA NA NA 1649 267 664 NA NA NA NA NA NA 1325 352 681 NA NA NA NA NA NA
1523869200.0 135.12 316 0 115 NA NA NA NA NA NA 503 0 181 NA NA NA NA NA NA 1380 258 612 NA NA NA NA NA NA 1169 319 669 NA NA NA NA NA NA
1523869200.0 135.13 320 0 NA NA NA NA NA NA NA 497 0 NA NA NA NA NA NA NA 1429 303 NA NA NA NA NA NA NA 1168 374 NA NA NA NA NA NA NA
1523869200.0 135.2 238 0 112 NA NA NA NA NA NA 498 0 179 NA NA NA NA NA NA 1231 238 595 NA NA NA NA NA NA 1342 298 691 NA NA NA NA NA NA
1523869200.0 135.3 236 0 118 NA NA NA NA NA NA 506 0 181 NA NA NA NA NA NA 1393 246 568 NA NA NA NA NA NA 1513 328 636 NA NA NA NA NA NA
1523869200.0 135.4 309 0 120 NA NA NA NA NA NA 506 0 179 NA NA NA NA NA NA 1418 252 599 NA NA NA NA NA NA 1449 309 675 NA NA NA NA NA NA
1523869200.0 135.5 310 0 113 NA NA NA NA NA NA 499 0 182 NA NA NA NA NA NA 1344 249 619 NA NA NA NA NA NA 1266 314 682 NA NA NA NA NA NA
1523869200.0 135.6 320 0 116 NA NA NA NA NA NA 506 0 184 NA NA NA NA NA NA 1585 263 628 NA NA NA NA NA NA 1322 352 714 NA NA NA NA NA NA
1523869200.0 135.7 302 0 117 NA NA NA NA NA NA 499 0 182 NA NA NA NA NA NA 1476 254 608 NA NA NA NA NA NA 1428 314 672 NA NA NA NA NA NA
1523869200.0 135.8 147 NA NA NA NA NA NA NA NA 235 NA NA NA NA NA NA NA NA 443 NA NA NA NA NA NA NA NA 455 NA NA NA NA NA NA NA NA
1523869200.0 135.9 300 0 109 NA NA NA NA NA NA 499 0 181 NA NA NA NA NA NA 1338 244 605 NA NA NA NA NA NA 1221 300 683 NA NA NA NA NA NA
1523869200.0 1350.0 NA 114 324 0 NA NA NA NA NA NA 387 414 0 NA NA NA NA NA NA 663 1632 730 NA NA NA NA NA NA 555 1698 796 NA NA NA NA NA
1523869200.0 1351.0 NA 114 323 0 NA NA NA NA NA NA 387 413 0 NA NA NA NA NA NA 608 1657 702 NA NA NA NA NA NA 471 1686 770 NA NA NA NA NA
1523869200.0 1352.0 NA 114 316 0 NA NA NA NA NA NA 387 411 0 NA NA NA NA NA NA 612 1768 775 NA NA NA NA NA NA 488 1888 839 NA NA NA NA NA
1523869200.0 1353.0 NA 116 318 0 NA NA NA NA NA NA 387 427 0 NA NA NA NA NA NA 607 1833 759 NA NA NA NA NA NA 476 1704 831 NA NA NA NA NA
1523869200.0 1354.0 NA 114 315 0 NA NA NA NA NA NA 387 412 0 NA NA NA NA NA NA 620 1721 753 NA NA NA NA NA NA 469 1795 824 NA NA NA NA NA
1523869200.0 1355.0 NA 117 317 0 NA NA NA NA NA NA 387 404 0 NA NA NA NA NA NA 833 1830 725 NA NA NA NA NA NA 955 1838 795 NA NA NA NA NA
1523869200.0 1356.0 96 108 323 0 123 NA NA NA NA 155 372 428 0 185 NA NA NA NA 3641 695 1872 843 616 NA NA NA NA 2073 570 2430 970 717 NA NA NA NA
1523869200.0 136.721 NA 72 331 0 NA NA NA NA NA NA 133 422 0 NA NA NA NA NA NA 721 9218 782 NA NA NA NA NA NA 488 4871 872 NA NA NA NA NA
1523869200.0 136.722 NA 78 346 0 NA NA NA NA NA NA 136 470 0 NA NA NA NA NA NA 594 10990 785 NA NA NA NA NA NA 394 4927 874 NA NA NA NA NA
1523869200.0 136.723 NA 72 331 0 NA NA NA NA NA NA 136 421 0 NA NA NA NA NA NA 680 9841 805 NA NA NA NA NA NA 534 5316 881 NA NA NA NA NA
1523869200.0 136.724 NA 73 344 0 NA NA NA NA NA NA 135 477 0 NA NA NA NA NA NA 711 11879 790 NA NA NA NA NA NA 480 5197 872 NA NA NA NA NA
1523869200.0 136.725 NA 80 365 0 NA NA NA NA NA NA 135 513 0 NA NA NA NA NA NA 684 10810 771 NA NA NA NA NA NA 538 5662 840 NA NA NA NA NA
1523869200.0 136.726 NA 71 339 0 NA NA NA NA NA NA 136 433 0 NA NA NA NA NA NA 728 11211 757 NA NA NA NA NA NA 479 5834 845 NA NA NA NA NA
1523869200.0 136.727 NA 141 365 0 NA NA NA NA NA NA 245 495 0 NA NA NA NA NA NA 1618 10981 777 NA NA NA NA NA NA 1113 5677 858 NA NA NA NA NA
1523869200.0 136.728 NA 140 365 0 NA NA NA NA NA NA 246 503 0 NA NA NA NA NA NA 1803 8916 789 NA NA NA NA NA NA 1470 4011 871 NA NA NA NA NA
1523869200.0 136.729 NA 79 339 0 NA NA NA NA NA NA 131 432 0 NA NA NA NA NA NA 621 8045 870 NA NA NA NA NA NA 471 3913 938 NA NA NA NA NA
1523869200.0 136.73 NA 82 357 0 NA NA NA NA NA NA 133 493 0 NA NA NA NA NA NA 693 8016 875 NA NA NA NA NA NA 1253 3671 960 NA NA NA NA NA
1523869200.0 136.731 NA 81 369 0 NA NA NA NA NA NA 133 516 0 NA NA NA NA NA NA 498 8113 782 NA NA NA NA NA NA 463 4461 877 NA NA NA NA NA
1523869200.0 136.732 NA 83 334 0 NA NA NA NA NA NA 138 425 0 NA NA NA NA NA NA 1112 6411 791 NA NA NA NA NA NA 2948 3552 892 NA NA NA NA NA
1523869200.0 136.7321 NA 96 346 0 NA NA NA NA NA NA 151 447 0 NA NA NA NA NA NA 517 6487 773 NA NA NA NA NA NA 508 3740 845 NA NA NA NA NA
1523869200.0 136.733 NA 163 62 0 NA NA NA NA NA NA 257 110 0 NA NA NA NA NA NA 1193 243 347 NA NA NA NA NA NA 982 489 421 NA NA NA NA NA
1523869200.0 136.734 NA 76 340 0 NA NA NA NA NA NA 135 431 0 NA NA NA NA NA NA 876 8115 786 NA NA NA NA NA NA 560 4177 867 NA NA NA NA NA
1523869200.0 136.735 NA 86 274 0 NA NA NA NA NA NA 137 365 0 NA NA NA NA NA NA 1052 2663 676 NA NA NA NA NA NA 2191 3066 742 NA NA NA NA NA
1523869200.0 136.736 NA 81 354 0 NA NA NA NA NA NA 138 462 0 NA NA NA NA NA NA 711 11974 789 NA NA NA NA NA NA 553 5918 950 NA NA NA NA NA
1523869200.0 136.737 NA 80 384 0 NA NA NA NA NA NA 131 507 0 NA NA NA NA NA NA 765 13103 787 NA NA NA NA NA NA 3192 5892 867 NA NA NA NA NA
1523869200.0 136.738 NA 80 352 0 NA NA NA NA NA NA 137 450 0 NA NA NA NA NA NA 776 13315 808 NA NA NA NA NA NA 517 5403 894 NA NA NA NA NA
1523869200.0 136.739 NA 80 361 0 NA NA NA NA NA NA 129 507 0 NA NA NA NA NA NA 780 14848 793 NA NA NA NA NA NA 762 5875 887 NA NA NA NA NA
1523869200.0 136.74 NA 81 379 0 NA NA NA NA NA NA 137 554 0 NA NA NA NA NA NA 636 13431 820 NA NA NA NA NA NA 530 5350 888 NA NA NA NA NA
1523869200.0 136.741 NA 75 348 0 NA NA NA NA NA NA 135 459 0 NA NA NA NA NA NA 668 13351 784 NA NA NA NA NA NA 479 5992 860 NA NA NA NA NA
1523869200.0 136.742 NA 80 344 0 NA NA NA NA NA NA 132 450 0 NA NA NA NA NA NA 664 12245 867 NA NA NA NA NA NA 599 5547 942 NA NA NA NA NA
1523869200.0 136.743 NA 78 344 0 NA NA NA NA NA NA 133 454 0 NA NA NA NA NA NA 652 11866 899 NA NA NA NA NA NA 483 6508 975 NA NA NA NA NA
1523869200.0 136.744 NA 73 371 0 NA NA NA NA NA NA 134 538 0 NA NA NA NA NA NA 654 13430 801 NA NA NA NA NA NA 446 5715 892 NA NA NA NA NA
1523869200.0 136.745 NA 81 336 0 NA NA NA NA NA NA 136 440 0 NA NA NA NA NA NA 624 9348 783 NA NA NA NA NA NA 422 5339 881 NA NA NA NA NA
1523869200.0 136.746 NA 79 351 0 NA NA NA NA NA NA 139 455 0 NA NA NA NA NA NA 862 12429 800 NA NA NA NA NA NA 559 5601 880 NA NA NA NA NA
1523869200.0 136.747 NA 80 349 0 NA NA NA NA NA NA 136 459 0 NA NA NA NA NA NA 712 11943 799 NA NA NA NA NA NA 525 5884 876 NA NA NA NA NA
1523869200.0 136.748 NA 71 348 0 NA NA NA NA NA NA 136 456 0 NA NA NA NA NA NA 583 11958 785 NA NA NA NA NA NA 565 6529 857 NA NA NA NA NA
1523869200.0 136.749 NA 80 355 0 NA NA NA NA NA NA 129 463 0 NA NA NA NA NA NA 960 13166 797 NA NA NA NA NA NA 1754 5831 961 NA NA NA NA NA
1523869200.0 136.75 NA 80 369 0 NA NA NA NA NA NA 133 518 0 NA NA NA NA NA NA 715 15565 801 NA NA NA NA NA NA 468 6586 884 NA NA NA NA NA
1523869200.0 136.751 NA 80 376 0 NA NA NA NA NA NA 138 557 0 NA NA NA NA NA NA 598 15604 792 NA NA NA NA NA NA 432 8166 878 NA NA NA NA NA
1523869200.0 136.752 NA 78 363 0 NA NA NA NA NA NA 131 460 0 NA NA NA NA NA NA 839 12676 834 NA NA NA NA NA NA 533 6806 917 NA NA NA NA NA
1523869200.0 136.753 NA 80 347 0 NA NA NA NA NA NA 131 459 0 NA NA NA NA NA NA 684 13016 887 NA NA NA NA NA NA 550 6741 962 NA NA NA NA NA
1523869200.0 136.754 NA 87 354 0 NA NA NA NA NA NA 140 470 0 NA NA NA NA NA NA 667 10663 942 NA NA NA NA NA NA 647 5641 1055 NA NA NA NA NA
1523869200.0 136.755 NA 81 371 0 NA NA NA NA NA NA 132 539 0 NA NA NA NA NA NA 763 14313 784 NA NA NA NA NA NA 1184 7156 861 NA NA NA NA NA
1523869200.0 136.756 NA 81 341 0 NA NA NA NA NA NA 133 443 0 NA NA NA NA NA NA 688 8698 784 NA NA NA NA NA NA 632 5442 889 NA NA NA NA NA
1523869200.0 136.757 NA 77 357 0 NA NA NA NA NA NA 141 460 0 NA NA NA NA NA NA 879 12300 814 NA NA NA NA NA NA 1332 5979 911 NA NA NA NA NA
1523869200.0 136.758 NA 80 346 0 NA NA NA NA NA NA 135 477 0 NA NA NA NA NA NA 799 14433 796 NA NA NA NA NA NA 2933 5931 877 NA NA NA NA NA
1523869200.0 136.759 NA 79 367 0 NA NA NA NA NA NA 131 523 0 NA NA NA NA NA NA 668 17465 792 NA NA NA NA NA NA 418 6450 918 NA NA NA NA NA
1523869200.0 136.76 NA 79 377 0 NA NA NA NA NA NA 135 488 0 NA NA NA NA NA NA 967 18275 803 NA NA NA NA NA NA 2435 8260 881 NA NA NA NA NA
1523869200.0 136.761 NA 80 384 0 NA NA NA NA NA NA 133 547 0 NA NA NA NA NA NA 875 19954 811 NA NA NA NA NA NA 717 8927 881 NA NA NA NA NA
1523869200.0 136.7611 NA 165 0 NA NA NA NA NA NA NA 324 0 NA NA NA NA NA NA NA 2361 146 NA NA NA NA NA NA NA 1537 197 NA NA NA NA NA NA
1523869200.0 136.762 NA 80 394 0 NA NA NA NA NA NA 139 560 0 NA NA NA NA NA NA 635 22999 802 NA NA NA NA NA NA 690 9630 906 NA NA NA NA NA
1523869200.0 136.763 NA 79 359 0 NA NA NA NA NA NA 137 484 0 NA NA NA NA NA NA 686 18050 805 NA NA NA NA NA NA 690 8490 882 NA NA NA NA NA
1523869200.0 136.764 NA 74 358 0 NA NA NA NA NA NA 131 486 0 NA NA NA NA NA NA 684 18007 895 NA NA NA NA NA NA 1621 8444 975 NA NA NA NA NA
1523869200.0 136.765 NA 80 358 0 NA NA NA NA NA NA 133 476 0 NA NA NA NA NA NA 791 14792 885 NA NA NA NA NA NA 667 5658 1039 NA NA NA NA NA
1523869200.0 136.766 NA 74 379 0 NA NA NA NA NA NA 130 561 0 NA NA NA NA NA NA 628 18175 811 NA NA NA NA NA NA 458 7016 890 NA NA NA NA NA
1523869200.0 136.767 NA 73 348 0 NA NA NA NA NA NA 130 462 0 NA NA NA NA NA NA 745 12479 780 NA NA NA NA NA NA 632 6740 857 NA NA NA NA NA
1523869200.0 136.768 NA 72 354 0 NA NA NA NA NA NA 136 476 0 NA NA NA NA NA NA 873 16768 796 NA NA NA NA NA NA 555 6141 876 NA NA NA NA NA
1523869200.0 136.769 NA 75 348 0 NA NA NA NA NA NA 137 460 0 NA NA NA NA NA NA 632 11291 778 NA NA NA NA NA NA 511 5602 840 NA NA NA NA NA
1523869200.0 136.77 NA 81 359 0 NA NA NA NA NA NA 133 497 0 NA NA NA NA NA NA 591 12141 786 NA NA NA NA NA NA 510 5792 893 NA NA NA NA NA
1523869200.0 136.771 NA 80 351 0 NA NA NA NA NA NA 136 447 0 NA NA NA NA NA NA 759 11333 782 NA NA NA NA NA NA 675 5750 864 NA NA NA NA NA
1523869200.0 136.772 NA 78 367 0 NA NA NA NA NA NA 137 504 0 NA NA NA NA NA NA 649 13823 790 NA NA NA NA NA NA 3875 6138 874 NA NA NA NA NA
1523869200.0 136.7721 NA 165 0 NA NA NA NA NA NA NA 310 0 NA NA NA NA NA NA NA 2064 144 NA NA NA NA NA NA NA 1469 204 NA NA NA NA NA NA
1523869200.0 136.7722 NA 107 0 NA NA NA NA NA NA NA 159 0 NA NA NA NA NA NA NA 1191 133 NA NA NA NA NA NA NA 936 181 NA NA NA NA NA NA
1523869200.0 136.773 NA 82 376 0 NA NA NA NA NA NA 137 536 0 NA NA NA NA NA NA 683 12421 780 NA NA NA NA NA NA 772 6045 858 NA NA NA NA NA
1523869200.0 136.774 NA 82 350 0 NA NA NA NA NA NA 134 456 0 NA NA NA NA NA NA 757 12514 782 NA NA NA NA NA NA 550 5701 849 NA NA NA NA NA
1523869200.0 136.775 NA 79 356 0 NA NA NA NA NA NA 132 446 0 NA NA NA NA NA NA 672 11175 878 NA NA NA NA NA NA 621 5231 945 NA NA NA NA NA
1523869200.0 136.776 NA 81 344 0 NA NA NA NA NA NA 130 440 0 NA NA NA NA NA NA 651 10784 911 NA NA NA NA NA NA 1717 5623 991 NA NA NA NA NA
1523869200.0 136.777 NA 80 389 0 NA NA NA NA NA NA 133 532 0 NA NA NA NA NA NA 657 12655 769 NA NA NA NA NA NA 571 6125 847 NA NA NA NA NA
1523869200.0 136.778 NA 84 343 0 NA NA NA NA NA NA 133 433 0 NA NA NA NA NA NA 670 7833 784 NA NA NA NA NA NA 2963 4085 873 NA NA NA NA NA
1523869200.0 136.779 NA 82 347 0 NA NA NA NA NA NA 139 449 0 NA NA NA NA NA NA 971 11552 777 NA NA NA NA NA NA 1247 5704 857 NA NA NA NA NA
1523869200.0 136.78 NA 87 387 0 NA NA NA NA NA NA 145 560 0 NA NA NA NA NA NA 713 16387 1125 NA NA NA NA NA NA 586 7264 1213 NA NA NA NA NA
1523869200.0 136.7801 NA 90 0 NA NA NA NA NA NA NA 148 0 NA NA NA NA NA NA NA 419 191 NA NA NA NA NA NA NA 466 265 NA NA NA NA NA NA
1523869200.0 136.7802 NA 107 0 NA NA NA NA NA NA NA 155 0 NA NA NA NA NA NA NA 399 208 NA NA NA NA NA NA NA 519 272 NA NA NA NA NA NA
1523869200.0 136.7803 NA 91 0 NA NA NA NA NA NA NA 153 0 NA NA NA NA NA NA NA 774 159 NA NA NA NA NA NA NA 1203 214 NA NA NA NA NA NA
1523869200.0 136.781 NA 88 394 0 NA NA NA NA NA NA 139 635 0 NA NA NA NA NA NA 627 17708 1146 NA NA NA NA NA NA 428 8259 1244 NA NA NA NA NA
1523869200.0 136.782 NA 86 394 0 NA NA NA NA NA NA 140 583 0 NA NA NA NA NA NA 949 19047 1129 NA NA NA NA NA NA 566 7962 1210 NA NA NA NA NA
1523869200.0 136.783 NA 88 409 0 NA NA NA NA NA NA 143 686 0 NA NA NA NA NA NA 772 21805 1132 NA NA NA NA NA NA 690 9173 1225 NA NA NA NA NA
1523869200.0 136.784 NA 87 431 0 NA NA NA NA NA NA 141 693 0 NA NA NA NA NA NA 631 17001 1107 NA NA NA NA NA NA 476 6399 1211 NA NA NA NA NA
1523869200.0 136.785 NA 78 390 0 NA NA NA NA NA NA 142 601 0 NA NA NA NA NA NA 813 18354 1123 NA NA NA NA NA NA 670 7356 1193 NA NA NA NA NA
1523869200.0 136.786 NA 87 392 0 NA NA NA NA NA NA 140 591 0 NA NA NA NA NA NA 523 17178 1098 NA NA NA NA NA NA 417 8590 1172 NA NA NA NA NA
1523869200.0 136.787 NA 80 409 0 NA NA NA NA NA NA 140 659 0 NA NA NA NA NA NA 686 15980 1106 NA NA NA NA NA NA 512 7347 1180 NA NA NA NA NA
1523869200.0 136.788 NA 88 414 0 NA NA NA NA NA NA 145 662 0 NA NA NA NA NA NA 787 19582 1139 NA NA NA NA NA NA 540 8484 1209 NA NA NA NA NA
1523869200.0 136.789 NA 78 381 0 NA NA NA NA NA NA 136 575 0 NA NA NA NA NA NA 685 15139 1091 NA NA NA NA NA NA 817 7078 1179 NA NA NA NA NA
1523869200.0 136.79 NA 95 386 0 NA NA NA NA NA NA 149 533 0 NA NA NA NA NA NA 1454 9633 1153 NA NA NA NA NA NA 1129 4004 1208 NA NA NA NA NA
1523869200.0 136.791 NA 93 312 0 NA NA NA NA NA NA 146 426 0 NA NA NA NA NA NA 1008 2436 1025 NA NA NA NA NA NA 1221 1900 1083 NA NA NA NA NA
1523869200.0 136.792 NA 91 386 0 NA NA NA NA NA NA 143 540 0 NA NA NA NA NA NA 779 12988 1151 NA NA NA NA NA NA 1516 5392 1236 NA NA NA NA NA
1523869200.0 136.793 NA 89 393 0 NA NA NA NA NA NA 138 561 0 NA NA NA NA NA NA 547 13175 1173 NA NA NA NA NA NA 431 5097 1233 NA NA NA NA NA
1523869200.0 136.794 NA 90 385 0 NA NA NA NA NA NA 148 540 0 NA NA NA NA NA NA 929 13657 1137 NA NA NA NA NA NA 890 7238 1235 NA NA NA NA NA
1523869200.0 136.795 NA 89 411 0 NA NA NA NA NA NA 140 590 0 NA NA NA NA NA NA 534 14376 1159 NA NA NA NA NA NA 545 5288 1235 NA NA NA NA NA
1523869200.0 136.7952 NA 121 0 NA NA NA NA NA NA NA 173 0 NA NA NA NA NA NA NA 1286 127 NA NA NA NA NA NA NA 1214 206 NA NA NA NA NA NA
1523869200.0 136.796 NA 89 398 0 NA NA NA NA NA NA 142 575 0 NA NA NA NA NA NA 588 13665 1154 NA NA NA NA NA NA 3209 6526 1244 NA NA NA NA NA
1523869200.0 136.797 NA 81 394 0 NA NA NA NA NA NA 148 544 0 NA NA NA NA NA NA 677 14658 1167 NA NA NA NA NA NA 7060 6770 1239 NA NA NA NA NA
1523869200.0 136.798 NA 87 375 0 NA NA NA NA NA NA 141 546 0 NA NA NA NA NA NA 643 13376 1120 NA NA NA NA NA NA 501 6333 1199 NA NA NA NA NA
1523869200.0 136.799 NA 78 408 0 NA NA NA NA NA NA 148 612 0 NA NA NA NA NA NA 723 12921 1204 NA NA NA NA NA NA 505 6962 1295 NA NA NA NA NA
1523869200.0 136.8 NA 90 412 0 NA NA NA NA NA NA 144 646 0 NA NA NA NA NA NA 998 14749 1124 NA NA NA NA NA NA 4836 6715 1224 NA NA NA NA NA
1523869200.0 136.801 NA 89 377 0 NA NA NA NA NA NA 141 501 0 NA NA NA NA NA NA 515 9069 1139 NA NA NA NA NA NA 507 4969 1259 NA NA NA NA NA
1523869200.0 136.802 NA 87 373 0 NA NA NA NA NA NA 145 518 0 NA NA NA NA NA NA 719 12527 1197 NA NA NA NA NA NA 632 5116 1276 NA NA NA NA NA
1523869200.0 136.803 NA 83 305 0 NA NA NA NA NA NA 144 438 0 NA NA NA NA NA NA 764 2503 1031 NA NA NA NA NA NA 488 1929 1087 NA NA NA NA NA
1523869200.0 136.804 NA 90 393 0 NA NA NA NA NA NA 149 531 0 NA NA NA NA NA NA 697 12742 1168 NA NA NA NA NA NA 524 4888 1250 NA NA NA NA NA
1523869200.0 136.805 NA 90 404 0 NA NA NA NA NA NA 148 570 0 NA NA NA NA NA NA 535 14528 1194 NA NA NA NA NA NA 494 7066 1281 NA NA NA NA NA
1523869200.0 136.806 NA 90 379 0 NA NA NA NA NA NA 145 528 0 NA NA NA NA NA NA 722 12716 1197 NA NA NA NA NA NA 610 4826 1264 NA NA NA NA NA
1523869200.0 136.807 NA 89 411 0 NA NA NA NA NA NA 142 595 0 NA NA NA NA NA NA 577 14678 1189 NA NA NA NA NA NA 2539 6848 1282 NA NA NA NA NA
1523869200.0 136.808 NA 90 421 0 NA NA NA NA NA NA 143 628 0 NA NA NA NA NA NA 781 14411 1281 NA NA NA NA NA NA 771 6838 1446 NA NA NA NA NA
1523869200.0 136.809 NA 80 393 0 NA NA NA NA NA NA 144 554 0 NA NA NA NA NA NA 812 13724 1203 NA NA NA NA NA NA 546 6596 1309 NA NA NA NA NA
1523869200.0 136.81 NA 83 383 0 NA NA NA NA NA NA 140 541 0 NA NA NA NA NA NA 635 12937 1222 NA NA NA NA NA NA 448 4968 1299 NA NA NA NA NA
1523869200.0 136.811 NA 88 403 0 NA NA NA NA NA NA 137 595 0 NA NA NA NA NA NA 687 13027 1227 NA NA NA NA NA NA 451 6601 1316 NA NA NA NA NA
1523869200.0 136.812 NA 90 422 0 NA NA NA NA NA NA 143 627 0 NA NA NA NA NA NA 616 15413 1190 NA NA NA NA NA NA 2153 7062 1278 NA NA NA NA NA
1523869200.0 136.813 NA 86 374 0 NA NA NA NA NA NA 142 513 0 NA NA NA NA NA NA 599 9049 1148 NA NA NA NA NA NA 449 4031 1214 NA NA NA NA NA
1523869200.0 136.814 NA 80 391 0 NA NA NA NA NA NA 146 543 0 NA NA NA NA NA NA 825 13568 1228 NA NA NA NA NA NA 533 6898 1339 NA NA NA NA NA
1523869200.0 136.815 NA 92 315 0 NA NA NA NA NA NA 145 419 0 NA NA NA NA NA NA 726 2590 1021 NA NA NA NA NA NA 472 1932 1074 NA NA NA NA NA
1523869200.0 136.816 NA 90 399 0 NA NA NA NA NA NA 143 633 0 NA NA NA NA NA NA 711 20162 1218 NA NA NA NA NA NA 449 7938 1296 NA NA NA NA NA
1523869200.0 136.817 NA 88 410 0 NA NA NA NA NA NA 143 629 0 NA NA NA NA NA NA 555 18326 1200 NA NA NA NA NA NA 443 7856 1303 NA NA NA NA NA
1523869200.0 136.818 NA 80 412 0 NA NA NA NA NA NA 145 592 0 NA NA NA NA NA NA 801 18835 1192 NA NA NA NA NA NA 477 7365 1265 NA NA NA NA NA
1523869200.0 136.819 NA 89 423 0 NA NA NA NA NA NA 143 665 0 NA NA NA NA NA NA 669 20985 1262 NA NA NA NA NA NA 484 7231 1406 NA NA NA NA NA
1523869200.0 136.82 NA 83 422 0 NA NA NA NA NA NA 148 659 0 NA NA NA NA NA NA 665 20923 1195 NA NA NA NA NA NA 439 7212 1295 NA NA NA NA NA
1523869200.0 136.821 NA 89 392 0 NA NA NA NA NA NA 144 574 0 NA NA NA NA NA NA 666 17949 1200 NA NA NA NA NA NA 488 6413 1288 NA NA NA NA NA
1523869200.0 136.822 NA 88 392 0 NA NA NA NA NA NA 141 591 0 NA NA NA NA NA NA 649 17997 1203 NA NA NA NA NA NA 509 6895 1276 NA NA NA NA NA
1523869200.0 136.823 NA 85 425 0 NA NA NA NA NA NA 141 671 0 NA NA NA NA NA NA 716 16854 1189 NA NA NA NA NA NA 442 6444 1285 NA NA NA NA NA
1523869200.0 136.824 NA 89 438 0 NA NA NA NA NA NA 144 698 0 NA NA NA NA NA NA 640 22942 1181 NA NA NA NA NA NA 388 9109 1272 NA NA NA NA NA
1523869200.0 136.825 NA 80 398 0 NA NA NA NA NA NA 143 559 0 NA NA NA NA NA NA 526 12175 1235 NA NA NA NA NA NA 446 5379 1325 NA NA NA NA NA
1523869200.0 136.826 NA 87 410 0 NA NA NA NA NA NA 139 596 0 NA NA NA NA NA NA 772 18762 1230 NA NA NA NA NA NA 3156 7534 1321 NA NA NA NA NA
1523869200.0 136.827 NA 93 316 0 NA NA NA NA NA NA 145 411 0 NA NA NA NA NA NA 683 2679 1019 NA NA NA NA NA NA 1236 1976 1073 NA NA NA NA NA
1523869200.0 136.828 NA 87 410 0 NA NA NA NA NA NA 146 616 0 NA NA NA NA NA NA 790 19076 1168 NA NA NA NA NA NA 556 7000 1257 NA NA NA NA NA
1523869200.0 136.829 NA 79 420 0 NA NA NA NA NA NA 139 657 0 NA NA NA NA NA NA 660 20413 1200 NA NA NA NA NA NA 548 7900 1284 NA NA NA NA NA
1523869200.0 136.83 NA 89 398 0 NA NA NA NA NA NA 145 595 0 NA NA NA NA NA NA 863 19236 1232 NA NA NA NA NA NA 627 10193 1315 NA NA NA NA NA
1523869200.0 136.831 NA 81 420 0 NA NA NA NA NA NA 147 649 0 NA NA NA NA NA NA 707 21117 1253 NA NA NA NA NA NA 434 9802 1349 NA NA NA NA NA
1523869200.0 136.8311 NA 163 0 NA NA NA NA NA NA NA 242 0 NA NA NA NA NA NA NA 2273 129 NA NA NA NA NA NA NA 1552 214 NA NA NA NA NA NA
1523869200.0 136.832 NA 89 445 0 NA NA NA NA NA NA 137 729 0 NA NA NA NA NA NA 657 23918 1218 NA NA NA NA NA NA 414 8368 1316 NA NA NA NA NA
1523869200.0 136.833 NA 88 401 0 NA NA NA NA NA NA 149 626 0 NA NA NA NA NA NA 762 20706 1224 NA NA NA NA NA NA 998 9861 1317 NA NA NA NA NA
1523869200.0 136.834 NA 84 393 0 NA NA NA NA NA NA 141 596 0 NA NA NA NA NA NA 678 19257 1222 NA NA NA NA NA NA 484 8080 1322 NA NA NA NA NA
1523869200.0 136.835 NA 89 425 0 NA NA NA NA NA NA 139 654 0 NA NA NA NA NA NA 769 19465 1218 NA NA NA NA NA NA 486 7943 1318 NA NA NA NA NA
1523869200.0 136.836 NA 87 434 0 NA NA NA NA NA NA 145 725 0 NA NA NA NA NA NA 665 21948 1213 NA NA NA NA NA NA 395 9184 1315 NA NA NA NA NA
1523869200.0 136.837 NA 86 400 0 NA NA NA NA NA NA 146 595 0 NA NA NA NA NA NA 808 14694 1263 NA NA NA NA NA NA 3469 6940 1343 NA NA NA NA NA
1523869200.0 136.838 NA 88 402 0 NA NA NA NA NA NA 145 609 0 NA NA NA NA NA NA 900 19012 1195 NA NA NA NA NA NA 525 7985 1277 NA NA NA NA NA
1523869200.0 136.839 NA 99 315 0 NA NA NA NA NA NA 151 414 0 NA NA NA NA NA NA 749 2740 1066 NA NA NA NA NA NA 488 2040 1122 NA NA NA NA NA
1523869200.0 136.8391 NA 131 412 0 NA NA NA NA NA NA 195 643 0 NA NA NA NA NA NA 6999 17225 1018 NA NA NA NA NA NA 7300 9861 1085 NA NA NA NA NA
1523869200.0 136.84 NA 90 404 0 NA NA NA NA NA NA 145 579 0 NA NA NA NA NA NA 649 15481 1251 NA NA NA NA NA NA 679 7317 1346 NA NA NA NA NA
1523869200.0 136.841 NA 92 405 0 NA NA NA NA NA NA 150 607 0 NA NA NA NA NA NA 750 16309 1252 NA NA NA NA NA NA 650 7340 1330 NA NA NA NA NA
1523869200.0 136.842 NA 91 413 0 NA NA NA NA NA NA 149 645 0 NA NA NA NA NA NA 671 22131 1199 NA NA NA NA NA NA 394 9159 1258 NA NA NA NA NA
1523869200.0 136.843 NA 79 420 0 NA NA NA NA NA NA 143 660 0 NA NA NA NA NA NA 762 23921 1242 NA NA NA NA NA NA 527 7986 1355 NA NA NA NA NA
1523869200.0 136.844 NA 88 402 0 NA NA NA NA NA NA 143 579 0 NA NA NA NA NA NA 909 15317 1069 NA NA NA NA NA NA 749 6959 1157 NA NA NA NA NA
1523869200.0 136.845 NA 88 382 0 NA NA NA NA NA NA 149 544 0 NA NA NA NA NA NA 1436 13017 1167 NA NA NA NA NA NA 3306 5578 1255 NA NA NA NA NA
1523869200.0 136.846 NA 89 382 0 NA NA NA NA NA NA 141 539 0 NA NA NA NA NA NA 713 12470 1184 NA NA NA NA NA NA 576 6146 1272 NA NA NA NA NA
1523869200.0 136.847 NA 83 410 0 NA NA NA NA NA NA 146 610 0 NA NA NA NA NA NA 1181 19056 1205 NA NA NA NA NA NA 3422 6734 1283 NA NA NA NA NA
1523869200.0 136.848 NA 82 411 0 NA NA NA NA NA NA 145 632 0 NA NA NA NA NA NA 831 21023 1214 NA NA NA NA NA NA 480 9667 1293 NA NA NA NA NA
1523869200.0 1360.0 81 110 322 0 NA NA NA NA NA 142 379 413 0 NA NA NA NA NA 3940 457 1760 761 NA NA NA NA NA 2266 391 1826 835 NA NA NA NA NA
1523869200.0 1361.0 96 112 319 0 NA NA NA NA NA 161 379 423 0 NA NA NA NA NA 4897 599 1734 724 NA NA NA NA NA 2677 477 1797 787 NA NA NA NA NA
1523869200.0 1361.17 71 126 339 0 NA NA NA NA NA 131 380 469 0 NA NA NA NA NA 4143 767 1873 1168 NA NA NA NA NA 2403 573 1830 1262 NA NA NA NA NA
1523869200.0 1362.0 102 115 313 0 NA NA NA NA NA 163 371 419 0 NA NA NA NA NA 4783 581 1649 705 NA NA NA NA NA 2936 434 1665 770 NA NA NA NA NA
1523869200.0 1362.17 74 118 337 0 NA NA NA NA NA 132 380 452 0 NA NA NA NA NA 5262 732 1843 1166 NA NA NA NA NA 3273 528 2048 1265 NA NA NA NA NA
1523869200.0 1363.0 95 118 318 0 NA NA NA NA NA 164 379 420 0 NA NA NA NA NA 5102 582 1734 734 NA NA NA NA NA 3527 437 1694 795 NA NA NA NA NA
1523869200.0 1363.17 77 118 335 0 NA NA NA NA NA 138 379 463 0 NA NA NA NA NA 5783 745 1904 1271 NA NA NA NA NA 3406 529 1810 1363 NA NA NA NA NA
1523869200.0 1364.0 NA 112 309 0 NA NA NA NA NA NA 387 406 0 NA NA NA NA NA NA 624 1647 725 NA NA NA NA NA NA 478 1649 790 NA NA NA NA NA
1523869200.0 1365.0 NA 115 316 0 NA NA NA NA NA NA 387 403 0 NA NA NA NA NA NA 619 1822 735 NA NA NA NA NA NA 494 1811 809 NA NA NA NA NA
1523869200.0 1366.0 NA 112 324 0 NA NA NA NA NA NA 387 405 0 NA NA NA NA NA NA 569 1610 721 NA NA NA NA NA NA 478 1650 792 NA NA NA NA NA
1523869200.0 139901.0 NA 121 317 0 NA NA NA NA NA NA 387 425 0 NA NA NA NA NA NA 579 1850 736 NA NA NA NA NA NA 450 1905 805 NA NA NA NA NA
1523869200.0 139902.0 NA 112 321 0 NA NA NA NA NA NA 380 413 0 NA NA NA NA NA NA 729 2005 747 NA NA NA NA NA NA 630 1992 837 NA NA NA NA NA
1523869200.0 13992501.0 NA 268 536 0 NA NA NA NA NA NA 403 762 0 NA NA NA NA NA NA 3117 3935 760 NA NA NA NA NA NA 2093 3259 828 NA NA NA NA NA
1523869200.0 13992502.0 NA 258 566 0 NA NA NA NA NA NA 406 778 0 NA NA NA NA NA NA 3490 4185 756 NA NA NA NA NA NA 1985 3072 841 NA NA NA NA NA
1523869200.0 14.0 NA 125 285 0 NA NA NA NA NA NA 370 379 0 NA NA NA NA NA NA 3107 5647 547 NA NA NA NA NA NA 1271 3043 625 NA NA NA NA NA
1523869200.0 140.0 85 111 189 0 NA NA NA NA NA 135 369 282 0 NA NA NA NA NA 6977 532 804 233 NA NA NA NA NA 5265 954 953 293 NA NA NA NA NA
1523869200.0 140.51 NA 46 215 0 NA NA NA NA NA NA 103 287 0 NA NA NA NA NA NA 562 1850 284 NA NA NA NA NA NA 402 1482 338 NA NA NA NA NA
1523869200.0 140.52 NA 254 209 0 NA NA NA NA NA NA 350 293 0 NA NA NA NA NA NA 2084 1884 275 NA NA NA NA NA NA 1231 1476 328 NA NA NA NA NA
1523869200.0 140.53 NA 291 0 NA NA NA NA NA NA NA 413 0 NA NA NA NA NA NA NA 3132 296 NA NA NA NA NA NA NA 1538 349 NA NA NA NA NA NA
1523869200.0 140.54 NA 231 0 NA NA NA NA NA NA NA 340 0 NA NA NA NA NA NA NA 1300 371 NA NA NA NA NA NA NA 1151 462 NA NA NA NA NA NA
1523869200.0 144.6 NA 273 NA NA NA NA NA NA NA NA 359 NA NA NA NA NA NA NA NA 2375 NA NA NA NA NA NA NA NA 2030 NA NA NA NA NA NA NA
1523869200.0 145.0 74 110 199 0 NA NA NA NA NA 124 364 284 0 NA NA NA NA NA 2889 642 827 239 NA NA NA NA NA 4203 499 1009 425 NA NA NA NA NA
1523869200.0 148.0 145 192 484 0 NA NA NA NA NA 218 413 590 0 NA NA NA NA NA 14647 1479 11669 1119 NA NA NA NA NA 14581 3060 5810 1182 NA NA NA NA NA
1523869200.0 149.0 67 117 321 0 NA NA NA NA NA 114 380 478 0 NA NA NA NA NA 2076 387 1533 1082 NA NA NA NA NA 4144 379 2436 1149 NA NA NA NA NA
1523869200.0 15.0 NA 107 256 0 NA NA NA NA NA NA 377 374 0 NA NA NA NA NA NA 2090 2195 486 NA NA NA NA NA NA 1014 2060 544 NA NA NA NA NA
1523869200.0 150.0 68 129 233 0 NA NA NA NA NA 113 380 346 0 NA NA NA NA NA 2820 625 913 391 NA NA NA NA NA 4051 465 970 448 NA NA NA NA NA
1523869200.0 150.1 NA 114 219 0 NA NA NA NA NA NA 380 331 0 NA NA NA NA NA NA 432 853 379 NA NA NA NA NA NA 782 847 451 NA NA NA NA NA
1523869200.0 150.2 NA 116 218 0 NA NA NA NA NA NA 388 338 0 NA NA NA NA NA NA 533 824 383 NA NA NA NA NA NA 1919 847 439 NA NA NA NA NA
1523869200.0 150.3 NA 112 215 0 NA NA NA NA NA NA 387 337 0 NA NA NA NA NA NA 407 860 382 NA NA NA NA NA NA 610 905 452 NA NA NA NA NA
1523869200.0 158.0 68 128 340 0 NA NA NA NA NA 114 380 445 0 NA NA NA NA NA 2629 647 1699 1082 NA NA NA NA NA 2488 751 4204 1155 NA NA NA NA NA
1523869200.0 16.0 NA 114 274 0 NA NA NA NA NA NA 369 372 0 NA NA NA NA NA NA 2314 2757 509 NA NA NA NA NA NA 1000 2526 569 NA NA NA NA NA
1523869200.0 17.0 NA 103 253 0 NA NA NA NA NA NA 369 383 0 NA NA NA NA NA NA 2010 2389 507 NA NA NA NA NA NA 1273 2090 568 NA NA NA NA NA
1523869200.0 18.0 NA 100 251 0 NA NA NA NA NA NA 377 345 0 NA NA NA NA NA NA 2079 2196 474 NA NA NA NA NA NA 1104 2037 542 NA NA NA NA NA
1523869200.0 19.0 NA 113 255 0 NA NA NA NA NA NA 377 378 0 NA NA NA NA NA NA 2314 2246 502 NA NA NA NA NA NA 1147 2017 578 NA NA NA NA NA
1523869200.0 2.0 107 104 202 NA NA NA NA NA NA 189 361 273 NA NA NA NA NA NA 5058 634 1105 NA NA NA NA NA NA 1983 471 1130 NA NA NA NA NA NA
1523869200.0 20.0 NA 97 253 0 NA NA NA NA NA NA 377 350 0 NA NA NA NA NA NA 2280 2680 539 NA NA NA NA NA NA 987 2442 608 NA NA NA NA NA
1523869200.0 200.0 NA 150 324 0 NA NA NA NA NA NA 380 419 0 NA NA NA NA NA NA 785 1853 480 NA NA NA NA NA NA 678 1808 544 NA NA NA NA NA
1523869200.0 20034.0 NA 290 387 0 NA NA NA NA NA NA 393 502 0 NA NA NA NA NA NA 4030 3115 725 NA NA NA NA NA NA 2237 2415 809 NA NA NA NA NA
1523869200.0 20034.1 NA 287 198 0 NA NA NA NA NA NA 399 270 0 NA NA NA NA NA NA 4511 1463 269 NA NA NA NA NA NA 2922 1366 375 NA NA NA NA NA
1523869200.0 20034.11 NA 286 389 0 NA NA NA NA NA NA 399 495 0 NA NA NA NA NA NA 3913 3120 763 NA NA NA NA NA NA 2329 2488 915 NA NA NA NA NA
1523869200.0 202.0 NA 190 348 0 NA NA NA NA NA NA 387 468 0 NA NA NA NA NA NA 1030 2344 506 NA NA NA NA NA NA 746 2340 571 NA NA NA NA NA
1523869200.0 20261.98 447 NA NA NA NA NA NA NA NA 596 NA NA NA NA NA NA NA NA 9537 NA NA NA NA NA NA NA NA 5143 NA NA NA NA NA NA NA NA
1523869200.0 203.0 NA 169 346 0 NA NA NA NA NA NA 381 460 0 NA NA NA NA NA NA 1068 2139 497 NA NA NA NA NA NA 4845 1870 563 NA NA NA NA NA
1523869200.0 204.0 107 173 351 0 NA NA NA NA NA 186 386 438 0 NA NA NA NA NA 3482 1069 2065 483 NA NA NA NA NA 1994 1087 1905 548 NA NA NA NA NA
1523869200.0 20434.0 102 311 401 0 NA NA NA NA NA 155 393 506 0 NA NA NA NA NA 9698 4220 3459 732 NA NA NA NA NA 3584 2810 2817 829 NA NA NA NA NA
1523869200.0 205.0 NA 177 342 0 NA NA NA NA NA NA 380 460 0 NA NA NA NA NA NA 1017 2143 495 NA NA NA NA NA NA 813 1885 562 NA NA NA NA NA
1523869200.0 21.0 NA 98 250 0 NA NA NA NA NA NA 369 354 0 NA NA NA NA NA NA 2396 2751 544 NA NA NA NA NA NA 1554 2176 614 NA NA NA NA NA
1523869200.0 21234.0 93 279 394 0 NA NA NA NA NA 147 382 506 0 NA NA NA NA NA 11206 3991 3001 772 NA NA NA NA NA 5092 2317 2443 978 NA NA NA NA NA
1523869200.0 21234.11 102 293 400 0 NA NA NA NA NA 153 387 503 0 NA NA NA NA NA 11024 3672 3444 753 NA NA NA NA NA 5090 2229 2965 831 NA NA NA NA NA
1523869200.0 21634.0 95 291 394 0 NA NA NA NA NA 145 373 514 0 NA NA NA NA NA 11054 3895 3088 767 NA NA NA NA NA 4943 2119 2644 996 NA NA NA NA NA
1523869200.0 22.0 NA 109 261 0 NA NA NA NA NA NA 369 366 0 NA NA NA NA NA NA 2384 3107 547 NA NA NA NA NA NA 1520 2241 615 NA NA NA NA NA
1523869200.0 22034.0 93 285 396 0 NA NA NA NA NA 143 393 497 0 NA NA NA NA NA 10223 3869 3160 655 NA NA NA NA NA 3990 2283 2636 716 NA NA NA NA NA
1523869200.0 23.0 NA 132 278 0 NA NA NA NA NA NA 377 399 0 NA NA NA NA NA NA 2640 3353 563 NA NA NA NA NA NA 1144 2312 621 NA NA NA NA NA
1523869200.0 24.0 NA 126 281 0 NA NA NA NA NA NA 388 397 0 NA NA NA NA NA NA 3231 4200 550 NA NA NA NA NA NA 1295 2664 628 NA NA NA NA NA
1523869200.0 25.0 NA 134 297 0 78 NA NA NA NA NA 370 400 0 118 NA NA NA NA NA 3473 5495 615 291 NA NA NA NA NA 1523 3199 733 377 NA NA NA NA
1523869200.0 250199.0 282 NA NA NA NA NA NA NA NA 427 NA NA NA NA NA NA NA NA 3728 NA NA NA NA NA NA NA NA 2125 NA NA NA NA NA NA NA NA
1523869200.0 250199.17 292 NA NA NA NA NA NA NA NA 428 NA NA NA NA NA NA NA NA 3466 NA NA NA NA NA NA NA NA 1941 NA NA NA NA NA NA NA NA
1523869200.0 250199.18 355 NA NA NA NA NA NA NA NA 544 NA NA NA NA NA NA NA NA 5070 NA NA NA NA NA NA NA NA 2603 NA NA NA NA NA NA NA NA
1523869200.0 250200.0 NA 263 387 0 NA NA NA NA NA NA 499 503 0 NA NA NA NA NA NA 13464 3018 732 NA NA NA NA NA NA 6804 2203 795 NA NA NA NA NA
1523869200.0 250200.1 99 256 227 NA NA NA NA NA NA 155 455 329 NA NA NA NA NA NA 2748 1606 2028 NA NA NA NA NA NA 1455 1018 1635 NA NA NA NA NA NA
1523869200.0 250200.117 69 281 232 NA NA NA NA NA NA 128 447 358 NA NA NA NA NA NA 3002 1589 1794 NA NA NA NA NA NA 2323 1080 1368 NA NA NA NA NA NA
1523869200.0 250200.17 NA 296 425 0 NA NA NA NA NA NA 549 604 0 NA NA NA NA NA NA 13640 3620 1166 NA NA NA NA NA NA 7169 3277 1232 NA NA NA NA NA
1523869200.0 250200.18 NA 505 504 0 NA NA NA NA NA NA 963 676 0 NA NA NA NA NA NA 30025 4760 2045 NA NA NA NA NA NA 12256 3428 2139 NA NA NA NA NA
1523869200.0 250202.0 NA 270 399 0 NA NA NA NA NA NA 479 537 0 NA NA NA NA NA NA 13008 3409 754 NA NA NA NA NA NA 6758 2264 840 NA NA NA NA NA
1523869200.0 250202.17 NA 303 435 0 NA NA NA NA NA NA 557 611 0 NA NA NA NA NA NA 14780 3963 1184 NA NA NA NA NA NA 7354 2855 1282 NA NA NA NA NA
1523869200.0 250202.18 NA 531 520 0 NA NA NA NA NA NA 993 684 0 NA NA NA NA NA NA 31606 5953 1975 NA NA NA NA NA NA 12920 3913 2106 NA NA NA NA NA
1523869200.0 250203.0 NA 267 401 0 NA NA NA NA NA NA 505 533 0 NA NA NA NA NA NA 13246 3523 754 NA NA NA NA NA NA 6679 2500 831 NA NA NA NA NA
1523869200.0 250203.17 NA 300 423 0 NA NA NA NA NA NA 559 593 0 NA NA NA NA NA NA 14319 3479 1164 NA NA NA NA NA NA 7114 2455 1239 NA NA NA NA NA
1523869200.0 250203.18 NA 499 500 0 NA NA NA NA NA NA 970 681 0 NA NA NA NA NA NA 29414 5140 2030 NA NA NA NA NA NA 12808 3491 2152 NA NA NA NA NA
1523869200.0 250204.0 NA 264 403 0 NA NA NA NA NA NA 485 536 0 NA NA NA NA NA NA 13385 3247 750 NA NA NA NA NA NA 6735 2296 824 NA NA NA NA NA
1523869200.0 250204.17 NA 294 418 0 NA NA NA NA NA NA 570 580 0 NA NA NA NA NA NA 13986 3515 1215 NA NA NA NA NA NA 7799 3146 1327 NA NA NA NA NA
1523869200.0 250204.18 NA 512 494 0 NA NA NA NA NA NA 954 660 0 NA NA NA NA NA NA 29527 5349 2018 NA NA NA NA NA NA 12161 4029 2156 NA NA NA NA NA
1523869200.0 250205.0 NA 267 390 0 NA NA NA NA NA NA 499 508 0 NA NA NA NA NA NA 13067 2918 747 NA NA NA NA NA NA 6670 2312 815 NA NA NA NA NA
1523869200.0 250205.17 NA 290 424 0 NA NA NA NA NA NA 540 603 0 NA NA NA NA NA NA 13485 3620 1188 NA NA NA NA NA NA 7164 3731 1274 NA NA NA NA NA
1523869200.0 250205.18 NA 497 499 0 NA NA NA NA NA NA 1078 672 0 NA NA NA NA NA NA 29086 4716 1983 NA NA NA NA NA NA 11659 3214 2073 NA NA NA NA NA
1523869200.0 250206.0 NA 272 397 0 NA NA NA NA NA NA 519 523 0 NA NA NA NA NA NA 12905 3179 746 NA NA NA NA NA NA 6022 2337 845 NA NA NA NA NA
1523869200.0 250206.17 NA 294 409 0 NA NA NA NA NA NA 574 555 0 NA NA NA NA NA NA 14650 3442 1184 NA NA NA NA NA NA 7223 2829 1316 NA NA NA NA NA
1523869200.0 250206.18 NA 501 506 0 NA NA NA NA NA NA 931 680 0 NA NA NA NA NA NA 29425 5286 2033 NA NA NA NA NA NA 12290 3556 2128 NA NA NA NA NA
1523869200.0 250207.0 NA 252 392 0 NA NA NA NA NA NA 518 526 0 NA NA NA NA NA NA 13117 3105 736 NA NA NA NA NA NA 7083 2547 804 NA NA NA NA NA
1523869200.0 250207.17 NA 275 413 0 NA NA NA NA NA NA 551 584 0 NA NA NA NA NA NA 12828 3003 1159 NA NA NA NA NA NA 6036 3200 1282 NA NA NA NA NA
1523869200.0 250207.18 NA 479 475 0 NA NA NA NA NA NA 932 672 0 NA NA NA NA NA NA 28096 4389 1960 NA NA NA NA NA NA 11743 3040 2050 NA NA NA NA NA
1523869200.0 250208.17 NA 311 444 0 NA NA NA NA NA NA 577 597 0 NA NA NA NA NA NA 15862 5029 1195 NA NA NA NA NA NA 7028 3453 1280 NA NA NA NA NA
1523869200.0 250208.18 NA 552 530 0 NA NA NA NA NA NA 1029 708 0 NA NA NA NA NA NA 35635 7811 2011 NA NA NA NA NA NA 13575 4866 2117 NA NA NA NA NA
1523869200.0 250399.0 259 NA NA NA NA NA NA NA NA 429 NA NA NA NA NA NA NA NA 1191 NA NA NA NA NA NA NA NA 1202 NA NA NA NA NA NA NA NA
1523869200.0 250400.0 349 0 118 NA NA NA NA NA NA 516 0 187 NA NA NA NA NA NA 1503 264 695 NA NA NA NA NA NA 1385 327 739 NA NA NA NA NA NA
1523869200.0 250402.0 360 0 122 NA NA NA NA NA NA 524 0 190 NA NA NA NA NA NA 1702 280 712 NA NA NA NA NA NA 1498 336 732 NA NA NA NA NA NA
1523869200.0 250403.0 354 0 117 NA NA NA NA NA NA 524 0 187 NA NA NA NA NA NA 1506 266 702 NA NA NA NA NA NA 1376 324 728 NA NA NA NA NA NA
1523869200.0 250405.0 350 0 115 NA NA NA NA NA NA 516 0 187 NA NA NA NA NA NA 1545 266 693 NA NA NA NA NA NA 1416 323 732 NA NA NA NA NA NA
1523869200.0 250406.0 343 0 119 NA NA NA NA NA NA 520 0 188 NA NA NA NA NA NA 1370 256 662 NA NA NA NA NA NA 1261 304 744 NA NA NA NA NA NA
1523869200.0 250407.0 277 0 117 NA NA NA NA NA NA 524 0 189 NA NA NA NA NA NA 1340 246 678 NA NA NA NA NA NA 1284 300 740 NA NA NA NA NA NA
1523869200.0 250408.0 362 0 117 NA NA NA NA NA NA 517 0 189 NA NA NA NA NA NA 1704 269 711 NA NA NA NA NA NA 1456 325 721 NA NA NA NA NA NA
1523869200.0 250409.0 364 0 120 NA NA NA NA NA NA 516 0 191 NA NA NA NA NA NA 2039 276 836 NA NA NA NA NA NA 1660 339 772 NA NA NA NA NA NA
1523869200.0 25200.0 NA 249 543 0 NA NA NA NA NA NA 400 758 0 NA NA NA NA NA NA 3677 4582 830 NA NA NA NA NA NA 2243 3608 920 NA NA NA NA NA
1523869200.0 25202.0 NA 261 516 0 NA NA NA NA NA NA 403 758 0 NA NA NA NA NA NA 3794 5616 869 NA NA NA NA NA NA 2124 4508 969 NA NA NA NA NA
1523869200.0 25203.0 NA 270 566 0 NA NA NA NA NA NA 403 775 0 NA NA NA NA NA NA 3772 5385 815 NA NA NA NA NA NA 2365 4498 904 NA NA NA NA NA
1523869200.0 25204.0 NA 264 546 0 NA NA NA NA NA NA 394 751 0 NA NA NA NA NA NA 4048 4662 911 NA NA NA NA NA NA 2166 3156 1143 NA NA NA NA NA
1523869200.0 25205.0 NA 272 479 0 NA NA NA NA NA NA 403 765 0 NA NA NA NA NA NA 3684 4885 825 NA NA NA NA NA NA 2071 3744 901 NA NA NA NA NA
1523869200.0 25206.0 NA 258 540 0 NA NA NA NA NA NA 400 726 0 NA NA NA NA NA NA 3365 4487 828 NA NA NA NA NA NA 2037 3964 910 NA NA NA NA NA
1523869200.0 25207.0 NA 259 546 0 NA NA NA NA NA NA 399 733 0 NA NA NA NA NA NA 3532 4271 819 NA NA NA NA NA NA 2032 3547 911 NA NA NA NA NA
1523869200.0 25208.0 NA 267 518 0 NA NA NA NA NA NA 410 784 0 NA NA NA NA NA NA 3621 6436 880 NA NA NA NA NA NA 1987 4078 982 NA NA NA NA NA
1523869200.0 25209.0 NA 260 520 0 NA NA NA NA NA NA 402 776 0 NA NA NA NA NA NA 3891 5032 827 NA NA NA NA NA NA 2178 4095 921 NA NA NA NA NA
1523869200.0 25210.0 83 191 430 0 NA NA NA NA NA 140 395 550 0 NA NA NA NA NA 3080 1463 2281 840 NA NA NA NA NA 1870 917 2613 927 NA NA NA NA NA
1523869200.0 25211.0 98 263 572 0 NA NA NA NA NA 163 407 749 0 NA NA NA NA NA 4772 4082 5503 876 NA NA NA NA NA 3444 2320 4611 959 NA NA NA NA NA
1523869200.0 25211.17 73 267 427 0 NA NA NA NA NA 132 413 590 0 NA NA NA NA NA 5112 3788 4586 1277 NA NA NA NA NA 3698 2529 3224 1380 NA NA NA NA NA
1523869200.0 25212.0 96 257 532 0 NA NA NA NA NA 162 405 765 0 NA NA NA NA NA 4704 3513 5067 818 NA NA NA NA NA 3639 2635 4381 928 NA NA NA NA NA
1523869200.0 25212.17 74 267 421 0 NA NA NA NA NA 132 398 588 0 NA NA NA NA NA 5541 4197 3985 1315 NA NA NA NA NA 3522 2882 2701 1451 NA NA NA NA NA
1523869200.0 25213.0 94 255 493 0 NA NA NA NA NA 163 401 731 0 NA NA NA NA NA 5016 3413 5130 823 NA NA NA NA NA 3459 2103 4106 910 NA NA NA NA NA
1523869200.0 25213.17 74 279 427 0 NA NA NA NA NA 133 407 584 0 NA NA NA NA NA 6930 3373 4843 1260 NA NA NA NA NA 4710 1712 3028 1364 NA NA NA NA NA
1523869200.0 25214.0 NA 266 521 0 NA NA NA NA NA NA 402 774 0 NA NA NA NA NA NA 3684 5706 839 NA NA NA NA NA NA 2763 4158 945 NA NA NA NA NA
1523869200.0 25400.0 460 0 122 NA NA NA NA NA NA 584 0 185 NA NA NA NA NA NA 4858 270 764 NA NA NA NA NA NA 3412 328 817 NA NA NA NA NA NA
1523869200.0 25402.0 457 0 116 NA NA NA NA NA NA 592 0 188 NA NA NA NA NA NA 5121 303 827 NA NA NA NA NA NA 2968 389 844 NA NA NA NA NA NA
1523869200.0 25403.0 472 0 116 NA NA NA NA NA NA 594 0 187 NA NA NA NA NA NA 4796 308 797 NA NA NA NA NA NA 3235 388 835 NA NA NA NA NA NA
1523869200.0 25405.0 469 0 116 NA NA NA NA NA NA 615 0 186 NA NA NA NA NA NA 5245 289 804 NA NA NA NA NA NA 3307 386 873 NA NA NA NA NA NA
1523869200.0 25406.0 459 0 118 NA NA NA NA NA NA 580 0 184 NA NA NA NA NA NA 2639 277 654 NA NA NA NA NA NA 2259 332 717 NA NA NA NA NA NA
1523869200.0 25407.0 402 0 114 NA NA NA NA NA NA 544 0 187 NA NA NA NA NA NA 3665 274 678 NA NA NA NA NA NA 3032 344 723 NA NA NA NA NA NA
1523869200.0 25408.0 481 0 120 NA NA NA NA NA NA 610 0 189 NA NA NA NA NA NA 4883 293 959 NA NA NA NA NA NA 2631 360 1231 NA NA NA NA NA NA
1523869200.0 25409.0 467 0 121 NA NA NA NA NA NA 586 0 190 NA NA NA NA NA NA 3843 286 717 NA NA NA NA NA NA 2321 353 727 NA NA NA NA NA NA
1523869200.0 26.0 NA 123 285 0 NA NA NA NA NA NA 377 389 0 NA NA NA NA NA NA 2701 3045 539 NA NA NA NA NA NA 1099 2528 618 NA NA NA NA NA
1523869200.0 27.0 NA 128 281 0 NA NA NA NA NA NA 377 390 0 NA NA NA NA NA NA 2853 3169 546 NA NA NA NA NA NA 1486 2289 617 NA NA NA NA NA
1523869200.0 28.0 NA 134 282 0 NA NA NA NA NA NA 377 395 0 NA NA NA NA NA NA 3209 3897 549 NA NA NA NA NA NA 1375 2399 626 NA NA NA NA NA
1523869200.0 280.0 136 104 250 0 NA NA NA NA NA 260 369 349 0 NA NA NA NA NA 3908 596 1470 471 NA NA NA NA NA 1854 528 6372 550 NA NA NA NA NA
1523869200.0 281.0 126 116 287 0 NA NA NA NA NA 271 381 391 0 NA NA NA NA NA 2558 558 1079 671 NA NA NA NA NA 1201 449 1257 732 NA NA NA NA NA
1523869200.0 29.0 NA 126 289 0 NA NA NA NA NA NA 377 400 0 NA NA NA NA NA NA 2815 3218 529 NA NA NA NA NA NA 1147 2779 588 NA NA NA NA NA
1523869200.0 3.0 86 101 189 NA NA NA NA NA NA 167 361 275 NA NA NA NA NA NA 6300 512 1267 NA NA NA NA NA NA 2497 470 1195 NA NA NA NA NA NA
1523869200.0 30.0 NA 136 280 0 NA NA NA NA NA NA 370 376 0 NA NA NA NA NA NA 3130 3392 572 NA NA NA NA NA NA 1629 2358 660 NA NA NA NA NA
1523869200.0 300.0 71 143 249 0 NA NA NA NA NA 130 391 396 0 NA NA NA NA NA 1174 617 1001 378 NA NA NA NA NA 1154 694 1027 434 NA NA NA NA NA
1523869200.0 301.0 73 139 249 0 NA NA NA NA NA 131 391 382 0 NA NA NA NA NA 1272 583 1035 378 NA NA NA NA NA 1230 1726 1100 436 NA NA NA NA NA
1523869200.0 302.0 71 147 248 0 NA NA NA NA NA 130 399 376 0 NA NA NA NA NA 1173 503 1060 379 NA NA NA NA NA 1116 724 1115 444 NA NA NA NA NA
1523869200.0 31.0 NA 119 287 0 NA NA NA NA NA NA 377 379 0 NA NA NA NA NA NA 3216 3270 693 NA NA NA NA NA NA 1638 2246 974 NA NA NA NA NA
1523869200.0 32.0 NA 131 281 0 NA NA NA NA NA NA 370 382 0 NA NA NA NA NA NA 3123 3261 537 NA NA NA NA NA NA 1387 2128 599 NA NA NA NA NA
1523869200.0 33.0 NA 127 277 0 NA NA NA NA NA NA 377 393 0 NA NA NA NA NA NA 2540 3094 510 NA NA NA NA NA NA 1190 2266 574 NA NA NA NA NA
1523869200.0 34.0 101 103 257 0 NA NA NA NA NA 191 369 352 0 NA NA NA NA NA 5034 615 1732 503 NA NA NA NA NA 2307 563 1814 563 NA NA NA NA NA
1523869200.0 35.0 NA 132 293 0 NA NA NA NA NA NA 378 376 0 NA NA NA NA NA NA 3509 3721 534 NA NA NA NA NA NA 1736 2393 588 NA NA NA NA NA
1523869200.0 36.0 NA 121 287 0 NA NA NA NA NA NA 377 391 0 NA NA NA NA NA NA 3425 11769 618 NA NA NA NA NA NA 2074 4395 707 NA NA NA NA NA
1523869200.0 37.0 NA 122 294 0 NA NA NA NA NA NA 369 393 0 NA NA NA NA NA NA 3289 4445 566 NA NA NA NA NA NA 1856 2739 650 NA NA NA NA NA
1523869200.0 38.0 NA 122 281 0 NA NA NA NA NA NA 370 369 0 NA NA NA NA NA NA 3452 4297 535 NA NA NA NA NA NA 1812 2562 604 NA NA NA NA NA
1523869200.0 39.0 NA 126 291 0 NA NA NA NA NA NA 377 381 0 NA NA NA NA NA NA 3930 7836 548 NA NA NA NA NA NA 1908 3893 640 NA NA NA NA NA
1523869200.0 4.17 NA 37 270 0 165 NA NA NA NA NA 78 355 0 250 NA NA NA NA NA 298 3089 570 1389 NA NA NA NA NA 1061 2970 639 1162 NA NA NA NA
1523869200.0 4.22 NA 141 62 61 0 NA NA NA NA NA 240 109 124 0 NA NA NA NA NA 1044 333 383 245 NA NA NA NA NA 828 362 448 324 NA NA NA NA
1523869200.0 4.23 NA 74 286 0 NA NA NA NA NA NA 113 362 0 NA NA NA NA NA NA 418 2987 773 NA NA NA NA NA NA 504 2394 853 NA NA NA NA NA
1523869200.0 4.24 NA 67 289 0 NA NA NA NA NA NA 104 363 0 NA NA NA NA NA NA 395 3220 641 NA NA NA NA NA NA 897 2385 706 NA NA NA NA NA
1523869200.0 4.25 NA 59 281 0 NA NA NA NA NA NA 105 367 0 NA NA NA NA NA NA 356 3069 644 NA NA NA NA NA NA 486 2128 729 NA NA NA NA NA
1523869200.0 4.26 NA 65 286 0 NA NA NA NA NA NA 103 361 0 NA NA NA NA NA NA 388 3498 684 NA NA NA NA NA NA 512 2292 745 NA NA NA NA NA
1523869200.0 4.27 NA 66 288 0 NA NA NA NA NA NA 107 366 0 NA NA NA NA NA NA 456 3805 727 NA NA NA NA NA NA 664 2592 817 NA NA NA NA NA
1523869200.0 4.28 NA 71 272 0 NA NA NA NA NA NA 118 350 0 NA NA NA NA NA NA 395 2983 2301 NA NA NA NA NA NA 553 3390 2397 NA NA NA NA NA
1523869200.0 4.29 NA 40 276 0 172 NA NA NA NA NA 80 377 0 257 NA NA NA NA NA 361 3574 585 1467 NA NA NA NA NA 308 2752 656 1216 NA NA NA NA
1523869200.0 4.34 NA 71 295 0 NA NA NA NA NA NA 115 376 0 NA NA NA NA NA NA 533 3637 717 NA NA NA NA NA NA 1651 2775 785 NA NA NA NA NA
1523869200.0 4.36 NA 69 286 0 NA NA NA NA NA NA 108 364 0 NA NA NA NA NA NA 475 3922 638 NA NA NA NA NA NA 634 2600 733 NA NA NA NA NA
1523869200.0 4.37 NA 67 300 0 NA NA NA NA NA NA 105 375 0 NA NA NA NA NA NA 488 4293 636 NA NA NA NA NA NA 782 2667 711 NA NA NA NA NA
1523869200.0 4.4 NA 37 292 0 NA NA NA NA NA NA 81 375 0 NA NA NA NA NA NA 363 3986 585 NA NA NA NA NA NA 989 2450 662 NA NA NA NA NA
1523869200.0 4.41 NA 37 304 0 NA NA NA NA NA NA 81 388 0 NA NA NA NA NA NA 346 5383 596 NA NA NA NA NA NA 1123 3043 675 NA NA NA NA NA
1523869200.0 4.42 NA 37 306 0 NA NA NA NA NA NA 79 388 0 NA NA NA NA NA NA 362 6384 639 NA NA NA NA NA NA 311 3123 781 NA NA NA NA NA
1523869200.0 4.43 NA 39 283 0 NA NA NA NA NA NA 83 374 0 NA NA NA NA NA NA 466 3877 593 NA NA NA NA NA NA 1003 2451 656 NA NA NA NA NA
1523869200.0 4.44 NA 36 300 0 NA NA NA NA NA NA 78 372 0 NA NA NA NA NA NA 332 4944 586 NA NA NA NA NA NA 501 2906 673 NA NA NA NA NA
1523869200.0 4.45 NA 35 304 0 NA NA NA NA NA NA 80 388 0 NA NA NA NA NA NA 361 6874 594 NA NA NA NA NA NA 955 3702 657 NA NA NA NA NA
1523869200.0 4.51 NA 37 302 0 NA NA NA NA NA NA 82 393 0 NA NA NA NA NA NA 293 5920 578 NA NA NA NA NA NA 395 3038 658 NA NA NA NA NA
1523869200.0 4.52 NA 37 301 0 NA NA NA NA NA NA 80 391 0 NA NA NA NA NA NA 418 7141 631 NA NA NA NA NA NA 471 4298 774 NA NA NA NA NA
1523869200.0 4.53 NA 37 301 0 NA NA NA NA NA NA 81 388 0 NA NA NA NA NA NA 306 6622 584 NA NA NA NA NA NA 803 3780 674 NA NA NA NA NA
1523869200.0 4.54 NA 37 297 0 NA NA NA NA NA NA 80 386 0 NA NA NA NA NA NA 301 6797 589 NA NA NA NA NA NA 876 3365 660 NA NA NA NA NA
1523869200.0 4.55 NA 37 301 0 NA NA NA NA NA NA 81 399 0 NA NA NA NA NA NA 309 8115 588 NA NA NA NA NA NA 292 3659 671 NA NA NA NA NA
1523869200.0 4.57 NA 65 324 0 NA NA NA NA NA NA 102 399 0 NA NA NA NA NA NA 405 8044 608 NA NA NA NA NA NA 421 3833 700 NA NA NA NA NA
1523869200.0 4.58 NA 55 286 0 NA NA NA NA NA NA 98 375 0 NA NA NA NA NA NA 392 5149 590 NA NA NA NA NA NA 551 3146 668 NA NA NA NA NA
1523869200.0 4.6 NA 299 0 NA NA NA NA NA NA NA 380 0 NA NA NA NA NA NA NA 2747 615 NA NA NA NA NA NA NA 2188 770 NA NA NA NA NA NA
1523869200.0 4.61 NA 29 301 0 NA NA NA NA NA NA 78 392 0 NA NA NA NA NA NA 304 6531 572 NA NA NA NA NA NA 291 3275 663 NA NA NA NA NA
1523869200.0 4.62 NA 29 299 0 NA NA NA NA NA NA 80 398 0 NA NA NA NA NA NA 326 6875 586 NA NA NA NA NA NA 431 3698 702 NA NA NA NA NA
1523869200.0 4.63 NA 32 301 0 NA NA NA NA NA NA 80 390 0 NA NA NA NA NA NA 335 7312 579 NA NA NA NA NA NA 1336 3404 659 NA NA NA NA NA
1523869200.0 4.64 NA 37 307 0 NA NA NA NA NA NA 80 388 0 NA NA NA NA NA NA 271 7526 578 NA NA NA NA NA NA 445 4063 651 NA NA NA NA NA
1523869200.0 4.65 NA 29 309 0 NA NA NA NA NA NA 79 402 0 NA NA NA NA NA NA 334 10459 589 NA NA NA NA NA NA 360 5009 645 NA NA NA NA NA
1523869200.0 4.67 NA 64 314 0 NA NA NA NA NA NA 103 399 0 NA NA NA NA NA NA 427 8364 596 NA NA NA NA NA NA 728 4210 679 NA NA NA NA NA
1523869200.0 4.68 NA 49 298 0 NA NA NA NA NA NA 95 389 0 NA NA NA NA NA NA 374 6346 627 NA NA NA NA NA NA 573 3489 771 NA NA NA NA NA
1523869200.0 4.71 NA 32 304 0 NA NA NA NA NA NA 78 382 0 NA NA NA NA NA NA 304 5127 562 NA NA NA NA NA NA 1716 2816 638 NA NA NA NA NA
1523869200.0 4.72 NA 38 294 0 NA NA NA NA NA NA 80 390 0 NA NA NA NA NA NA 281 6048 583 NA NA NA NA NA NA 383 2939 659 NA NA NA NA NA
1523869200.0 4.73 NA 38 305 0 NA NA NA NA NA NA 83 391 0 NA NA NA NA NA NA 347 7021 590 NA NA NA NA NA NA 1549 3475 657 NA NA NA NA NA
1523869200.0 4.74 NA 38 296 0 NA NA NA NA NA NA 81 381 0 NA NA NA NA NA NA 374 6178 595 NA NA NA NA NA NA 1136 3796 686 NA NA NA NA NA
1523869200.0 4.75 NA 36 296 0 NA NA NA NA NA NA 80 385 0 NA NA NA NA NA NA 340 6993 575 NA NA NA NA NA NA 1436 3588 662 NA NA NA NA NA
1523869200.0 4.76 NA 65 309 0 NA NA NA NA NA NA 108 395 0 NA NA NA NA NA NA 484 7967 596 NA NA NA NA NA NA 1700 4489 678 NA NA NA NA NA
1523869200.0 4.77 NA 63 312 0 NA NA NA NA NA NA 105 401 0 NA NA NA NA NA NA 471 9296 587 NA NA NA NA NA NA 1421 3998 664 NA NA NA NA NA
1523869200.0 4.78 NA 51 306 0 NA NA NA NA NA NA 101 393 0 NA NA NA NA NA NA 393 7512 575 NA NA NA NA NA NA 427 3564 676 NA NA NA NA NA
1523869200.0 4000.0 NA 133 284 NA NA NA NA NA NA NA 370 380 NA NA NA NA NA NA NA 3545 4749 NA NA NA NA NA NA NA 1473 2841 NA NA NA NA NA NA
1523869200.0 4001.0 NA 164 334 NA NA NA NA NA NA NA 381 457 NA NA NA NA NA NA NA 900 2824 NA NA NA NA NA NA NA 837 2750 NA NA NA NA NA NA
1523869200.0 4002.0 NA 126 279 NA NA NA NA NA NA NA 370 387 NA NA NA NA NA NA NA 2275 3134 NA NA NA NA NA NA NA 976 2144 NA NA NA NA NA NA
1523869200.0 4003.0 NA 125 279 NA NA NA NA NA NA NA 370 387 NA NA NA NA NA NA NA 2783 3618 NA NA NA NA NA NA NA 1600 2544 NA NA NA NA NA NA
1523869200.0 4006.0 74 176 331 NA NA NA NA NA NA 141 386 439 NA NA NA NA NA NA 1432 938 2445 NA NA NA NA NA NA 849 783 2231 NA NA NA NA NA NA
1523869200.0 4007.0 60 97 263 NA NA NA NA NA NA 120 378 381 NA NA NA NA NA NA 1580 450 1677 NA NA NA NA NA NA 916 617 1879 NA NA NA NA NA NA
1523869200.0 4008.0 64 109 267 NA NA NA NA NA NA 119 385 394 NA NA NA NA NA NA 1402 725 1862 NA NA NA NA NA NA 875 733 2210 NA NA NA NA NA NA
1523869200.0 43.0 NA 133 285 0 NA NA NA NA NA NA 370 371 0 NA NA NA NA NA NA 2978 3874 556 NA NA NA NA NA NA 1311 2571 637 NA NA NA NA NA
1523869200.0 44.0 NA 123 275 0 NA NA NA NA NA NA 370 376 0 NA NA NA NA NA NA 2893 3452 525 NA NA NA NA NA NA 1280 2443 584 NA NA NA NA NA
1523869200.0 45.0 NA 133 283 0 NA NA NA NA NA NA 377 368 0 NA NA NA NA NA NA 3263 3630 553 NA NA NA NA NA NA 1655 2388 647 NA NA NA NA NA
1523869200.0 5.1 314 0 NA NA NA NA NA NA NA 489 0 NA NA NA NA NA NA NA 1362 273 NA NA NA NA NA NA NA 1160 334 NA NA NA NA NA NA NA
1523869200.0 5.2 235 0 NA NA NA NA NA NA NA 489 0 NA NA NA NA NA NA NA 1095 260 NA NA NA NA NA NA NA 1141 316 NA NA NA NA NA NA NA
1523869200.0 5.3 227 0 NA NA NA NA NA NA NA 489 0 NA NA NA NA NA NA NA 1076 256 NA NA NA NA NA NA NA 1040 317 NA NA NA NA NA NA NA
1523869200.0 5.4 270 0 NA NA NA NA NA NA NA 489 0 NA NA NA NA NA NA NA 1292 271 NA NA NA NA NA NA NA 1141 340 NA NA NA NA NA NA NA
1523869200.0 5.5 293 0 NA NA NA NA NA NA NA 490 0 NA NA NA NA NA NA NA 1321 269 NA NA NA NA NA NA NA 1163 327 NA NA NA NA NA NA NA
1523869200.0 5.6 322 0 NA NA NA NA NA NA NA 489 0 NA NA NA NA NA NA NA 1272 267 NA NA NA NA NA NA NA 1244 317 NA NA NA NA NA NA NA
1523869200.0 5.7 294 0 NA NA NA NA NA NA NA 497 0 NA NA NA NA NA NA NA 1321 267 NA NA NA NA NA NA NA 1164 317 NA NA NA NA NA NA NA
1523869200.0 500199.0 212 NA NA NA NA NA NA NA NA 404 NA NA NA NA NA NA NA NA 2538 NA NA NA NA NA NA NA NA 1491 NA NA NA NA NA NA NA NA
1523869200.0 500200.0 NA 194 321 0 NA NA NA NA NA NA 394 418 0 NA NA NA NA NA NA 7270 2719 527 NA NA NA NA NA NA 3733 1983 606 NA NA NA NA NA
1523869200.0 500200.1 92 176 226 NA NA NA NA NA NA 155 399 312 NA NA NA NA NA NA 2586 1081 1924 NA NA NA NA NA NA 1269 874 1625 NA NA NA NA NA NA
1523869200.0 500202.0 NA 204 316 0 NA NA NA NA NA NA 394 427 0 NA NA NA NA NA NA 7928 2852 538 NA NA NA NA NA NA 4208 2323 624 NA NA NA NA NA
1523869200.0 500203.0 NA 194 327 0 NA NA NA NA NA NA 402 423 0 NA NA NA NA NA NA 7490 2880 530 NA NA NA NA NA NA 4280 2296 600 NA NA NA NA NA
1523869200.0 500204.0 NA 189 323 0 NA NA NA NA NA NA 398 436 0 NA NA NA NA NA NA 7562 2911 534 NA NA NA NA NA NA 3617 2102 606 NA NA NA NA NA
1523869200.0 500205.0 NA 190 311 0 NA NA NA NA NA NA 402 423 0 NA NA NA NA NA NA 7335 2845 526 NA NA NA NA NA NA 3952 2141 608 NA NA NA NA NA
1523869200.0 500206.0 NA 188 317 0 NA NA NA NA NA NA 401 407 0 NA NA NA NA NA NA 7780 2604 531 NA NA NA NA NA NA 5511 1977 595 NA NA NA NA NA
1523869200.0 500207.0 NA 175 305 0 NA NA NA NA NA NA 401 407 0 NA NA NA NA NA NA 6726 2383 522 NA NA NA NA NA NA 3272 1910 576 NA NA NA NA NA
1523869200.0 50200.0 NA 193 400 0 NA NA NA NA NA NA 381 563 0 NA NA NA NA NA NA 1749 3105 538 NA NA NA NA NA NA 1136 2574 635 NA NA NA NA NA
1523869200.0 50202.0 NA 201 406 0 NA NA NA NA NA NA 381 564 0 NA NA NA NA NA NA 1870 3336 541 NA NA NA NA NA NA 1268 2614 627 NA NA NA NA NA
1523869200.0 50203.0 NA 198 400 0 NA NA NA NA NA NA 381 548 0 NA NA NA NA NA NA 1883 3019 543 NA NA NA NA NA NA 1765 2955 634 NA NA NA NA NA
1523869200.0 50204.0 NA 191 401 0 NA NA NA NA NA NA 389 555 0 NA NA NA NA NA NA 1961 3358 532 NA NA NA NA NA NA 1415 2589 592 NA NA NA NA NA
1523869200.0 50205.0 NA 188 391 0 NA NA NA NA NA NA 382 548 0 NA NA NA NA NA NA 1794 3081 522 NA NA NA NA NA NA 1595 2376 599 NA NA NA NA NA
1523869200.0 50206.0 NA 191 391 0 NA NA NA NA NA NA 381 545 0 NA NA NA NA NA NA 1566 3199 530 NA NA NA NA NA NA 1213 2430 596 NA NA NA NA NA
1523869200.0 50207.0 NA 192 399 0 NA NA NA NA NA NA 382 557 0 NA NA NA NA NA NA 1911 3085 522 NA NA NA NA NA NA 2129 2579 581 NA NA NA NA NA
1523869200.0 50208.0 NA 191 427 0 NA NA NA NA NA NA 389 576 0 NA NA NA NA NA NA 1873 4140 548 NA NA NA NA NA NA 1064 2989 619 NA NA NA NA NA
1523869200.0 503.0 33 0 NA NA NA NA NA NA NA 75 0 NA NA NA NA NA NA NA 244 116 NA NA NA NA NA NA NA 245 163 NA NA NA NA NA NA NA
1523869200.0 504.0 33 0 NA NA NA NA NA NA NA 78 0 NA NA NA NA NA NA NA 196 115 NA NA NA NA NA NA NA 231 180 NA NA NA NA NA NA NA
1523869200.0 505.0 40 0 NA NA NA NA NA NA NA 76 0 NA NA NA NA NA NA NA 187 112 NA NA NA NA NA NA NA 217 163 NA NA NA NA NA NA NA
1523869200.0 506.0 35 0 NA NA NA NA NA NA NA 76 0 NA NA NA NA NA NA NA 179 113 NA NA NA NA NA NA NA 212 163 NA NA NA NA NA NA NA
1523869200.0 507.0 33 0 NA NA NA NA NA NA NA 74 0 NA NA NA NA NA NA NA 188 119 NA NA NA NA NA NA NA 269 175 NA NA NA NA NA NA NA
1523869200.0 508.0 33 0 NA NA NA NA NA NA NA 75 0 NA NA NA NA NA NA NA 175 119 NA NA NA NA NA NA NA 218 172 NA NA NA NA NA NA NA
1523869200.0 509.0 39 0 NA NA NA NA NA NA NA 74 0 NA NA NA NA NA NA NA 159 113 NA NA NA NA NA NA NA 201 184 NA NA NA NA NA NA NA
1523869200.0 510.0 37 0 NA NA NA NA NA NA NA 76 0 NA NA NA NA NA NA NA 242 115 NA NA NA NA NA NA NA 300 168 NA NA NA NA NA NA NA
1523869200.0 511.0 40 0 NA NA NA NA NA NA NA 81 0 NA NA NA NA NA NA NA 9596 114 NA NA NA NA NA NA NA 9655 162 NA NA NA NA NA NA NA
1523869200.0 512.0 0 NA NA NA NA NA NA NA NA 0 NA NA NA NA NA NA NA NA 61 NA NA NA NA NA NA NA NA 103 NA NA NA NA NA NA NA NA
1523869200.0 513.0 0 NA NA NA NA NA NA NA NA 0 NA NA NA NA NA NA NA NA 58 NA NA NA NA NA NA NA NA 89 NA NA NA NA NA NA NA NA
1523869200.0 514.0 16 39 0 NA NA NA NA NA NA 55 82 0 NA NA NA NA NA NA 395 180 118 NA NA NA NA NA NA 450 217 170 NA NA NA NA NA NA
1523869200.0 515.0 0 NA NA NA NA NA NA NA NA 0 NA NA NA NA NA NA NA NA 60 NA NA NA NA NA NA NA NA 95 NA NA NA NA NA NA NA NA
1523869200.0 516.0 0 NA NA NA NA NA NA NA NA 0 NA NA NA NA NA NA NA NA 61 NA NA NA NA NA NA NA NA 99 NA NA NA NA NA NA NA NA
1523869200.0 517.0 16 38 0 NA NA NA NA NA NA 55 82 0 NA NA NA NA NA NA 1597 175 117 NA NA NA NA NA NA 3024 224 166 NA NA NA NA NA NA
1523869200.0 518.0 0 NA NA NA NA NA NA NA NA 0 NA NA NA NA NA NA NA NA 60 NA NA NA NA NA NA NA NA 139 NA NA NA NA NA NA NA NA
1523869200.0 519.0 0 NA NA NA NA NA NA NA NA 0 NA NA NA NA NA NA NA NA 62 NA NA NA NA NA NA NA NA 129 NA NA NA NA NA NA NA NA
1523869200.0 520.0 16 41 0 NA NA NA NA NA NA 55 82 0 NA NA NA NA NA NA 1541 190 112 NA NA NA NA NA NA 2479 271 163 NA NA NA NA NA NA
1523869200.0 521.0 0 NA NA NA NA NA NA NA NA 0 NA NA NA NA NA NA NA NA 60 NA NA NA NA NA NA NA NA 104 NA NA NA NA NA NA NA NA
1523869200.0 522.0 0 NA NA NA NA NA NA NA NA 0 NA NA NA NA NA NA NA NA 59 NA NA NA NA NA NA NA NA 98 NA NA NA NA NA NA NA NA
1523869200.0 523.0 16 44 0 NA NA NA NA NA NA 55 92 0 NA NA NA NA NA NA 951 187 117 NA NA NA NA NA NA 614 238 166 NA NA NA NA NA NA
1523869200.0 524.0 16 39 0 NA NA NA NA NA NA 55 82 0 NA NA NA NA NA NA 1536 178 117 NA NA NA NA NA NA 1617 230 170 NA NA NA NA NA NA
1523869200.0 525.0 0 NA NA NA NA NA NA NA NA 0 NA NA NA NA NA NA NA NA 60 NA NA NA NA NA NA NA NA 101 NA NA NA NA NA NA NA NA
1523869200.0 526.0 0 NA NA NA NA NA NA NA NA 0 NA NA NA NA NA NA NA NA 60 NA NA NA NA NA NA NA NA 99 NA NA NA NA NA NA NA NA
1523869200.0 527.0 16 41 0 NA NA NA NA NA NA 55 83 0 NA NA NA NA NA NA 1522 187 113 NA NA NA NA NA NA 1564 223 170 NA NA NA NA NA NA
1523869200.0 528.0 0 NA NA NA NA NA NA NA NA 0 NA NA NA NA NA NA NA NA 58 NA NA NA NA NA NA NA NA 95 NA NA NA NA NA NA NA NA
1523869200.0 529.0 0 NA NA NA NA NA NA NA NA 0 NA NA NA NA NA NA NA NA 59 NA NA NA NA NA NA NA NA 95 NA NA NA NA NA NA NA NA
1523869200.0 530.0 22 41 0 NA NA NA NA NA NA 55 82 0 NA NA NA NA NA NA 2200 165 119 NA NA NA NA NA NA 4622 211 171 NA NA NA NA NA NA
1523869200.0 531.0 65 0 NA NA NA NA NA NA NA 183 0 NA NA NA NA NA NA NA 168 114 NA NA NA NA NA NA NA 203 171 NA NA NA NA NA NA NA
1523869200.0 534.0 44 0 NA NA NA NA NA NA NA 90 0 NA NA NA NA NA NA NA 284 117 NA NA NA NA NA NA NA 577 168 NA NA NA NA NA NA NA
1523869200.0 541.0 47 0 NA NA NA NA NA NA NA 87 0 NA NA NA NA NA NA NA 204 113 NA NA NA NA NA NA NA 248 162 NA NA NA NA NA NA NA
1523869200.0 545.0 45 0 NA NA NA NA NA NA NA 85 0 NA NA NA NA NA NA NA 246 117 NA NA NA NA NA NA NA 259 166 NA NA NA NA NA NA NA
1523869200.0 551.0 16 35 0 NA NA NA NA NA NA 55 81 0 NA NA NA NA NA NA 957 195 118 NA NA NA NA NA NA 738 239 176 NA NA NA NA NA NA
1523869200.0 552.0 16 35 0 NA NA NA NA NA NA 55 82 0 NA NA NA NA NA NA 1545 194 127 NA NA NA NA NA NA 1604 241 178 NA NA NA NA NA NA
1523869200.0 554.0 16 39 0 NA NA NA NA NA NA 55 82 0 NA NA NA NA NA NA 2860 219 127 NA NA NA NA NA NA 3671 245 175 NA NA NA NA NA NA
1523869200.0 555.0 16 40 0 NA NA NA NA NA NA 55 81 0 NA NA NA NA NA NA 1184 181 125 NA NA NA NA NA NA 1120 227 179 NA NA NA NA NA NA
1523869200.0 556.0 16 42 0 NA NA NA NA NA NA 55 83 0 NA NA NA NA NA NA 415 201 131 NA NA NA NA NA NA 484 247 185 NA NA NA NA NA NA
1523869200.0 560.0 40 0 NA NA NA NA NA NA NA 76 0 NA NA NA NA NA NA NA 197 130 NA NA NA NA NA NA NA 230 184 NA NA NA NA NA NA NA
1523869200.0 561.0 38 0 NA NA NA NA NA NA NA 77 0 NA NA NA NA NA NA NA 228 128 NA NA NA NA NA NA NA 249 181 NA NA NA NA NA NA NA
1523869200.0 562.0 23 40 0 NA NA NA NA NA NA 55 83 0 NA NA NA NA NA NA 286 207 130 NA NA NA NA NA NA 360 245 202 NA NA NA NA NA NA
1523869200.0 6.0 NA 94 249 0 NA NA NA NA NA NA 377 348 0 NA NA NA NA NA NA 1731 1890 494 NA NA NA NA NA NA 765 1775 552 NA NA NA NA NA
1523869200.0 7.0 56 88 129 60 0 NA NA NA NA 105 367 216 96 0 NA NA NA NA 1161 530 498 191 214 NA NA NA NA 706 414 580 262 265 NA NA NA NA
1523869200.0 7.1 51 93 129 58 0 NA NA NA NA 98 367 217 95 0 NA NA NA NA 2506 403 485 199 229 NA NA NA NA 1848 405 547 292 279 NA NA NA NA
1523869200.0 7.2 58 116 169 53 0 NA NA NA NA 108 378 271 97 0 NA NA NA NA 1266 469 719 285 449 NA NA NA NA 749 393 811 303 508 NA NA NA NA
1523869200.0 7.3 54 101 171 53 0 NA NA NA NA 104 370 280 97 0 NA NA NA NA 2280 396 774 214 450 NA NA NA NA 1631 385 824 308 509 NA NA NA NA
1523869200.0 7.4 54 105 169 61 0 NA NA NA NA 102 370 266 98 0 NA NA NA NA 1144 439 696 206 447 NA NA NA NA 687 556 1101 286 502 NA NA NA NA
1523869200.0 8.0 NA 96 131 42 0 NA NA NA NA NA 374 204 82 0 NA NA NA NA NA 1764 629 155 230 NA NA NA NA NA 764 618 200 278 NA NA NA NA
1523869200.0 9.0 NA 130 279 0 NA NA NA NA NA NA 377 396 0 NA NA NA NA NA NA 2577 4073 679 NA NA NA NA NA NA 1149 2470 990 NA NA NA NA NA
