Timestamp WorkflowId PeakValueRss1 PeakValueRss2 PeakValueRss3 PeakValueRss4 PeakValueRss5 PeakValueRss6 PeakValueRss7 PeakValueRss8 PeakValueVsize1 PeakValueVsize2 PeakValueVsize3 PeakValueVsize4 PeakValueVsize5 PeakValueVsize6 PeakValueVsize7 PeakValueVsize8 TotalJobCPU1 TotalJobCPU2 TotalJobCPU3 TotalJobCPU4 TotalJobCPU5 TotalJobCPU6 TotalJobCPU7 TotalJobCPU8 TotalJobTime1 TotalJobTime2 TotalJobTime3 TotalJobTime4 TotalJobTime5 TotalJobTime6 TotalJobTime7 TotalJobTime8
1583017200.0 1.0 86 81 138 NA NA NA NA NA 183 360 238 NA NA NA NA NA 1457 346 245 NA NA NA NA NA 817 317 437 NA NA NA NA NA
1583017200.0 10.0 NA 116 484 0 NA NA NA NA NA 365 580 0 NA NA NA NA NA 2094 1816 335 NA NA NA NA NA 937 821 344 NA NA NA NA
1583017200.0 1000.0 NA 471 152 0 52 NA NA NA NA 578 244 0 91 NA NA NA NA 2029 902 485 123 NA NA NA NA 1323 831 559 115 NA NA NA
1583017200.0 10001.0 NA 187 651 80 0 NA NA NA NA 476 814 132 0 NA NA NA NA 511 894 177 1312 NA NA NA NA 521 1106 685 1634 NA NA NA
1583017200.0 10002.0 NA 193 653 80 0 NA NA NA NA 476 809 133 0 NA NA NA NA 526 894 179 1328 NA NA NA NA 637 1314 276 1636 NA NA NA
1583017200.0 10003.0 NA 192 655 81 0 NA NA NA NA 480 812 133 0 NA NA NA NA 542 910 177 1311 NA NA NA NA 676 1388 698 1599 NA NA NA
1583017200.0 10004.0 NA 188 651 80 0 NA NA NA NA 484 817 132 0 NA NA NA NA 500 881 175 1313 NA NA NA NA 694 1050 438 1606 NA NA NA
1583017200.0 10005.0 NA 190 653 81 0 NA NA NA NA 476 813 133 0 NA NA NA NA 523 874 177 1320 NA NA NA NA 518 1132 415 1530 NA NA NA
1583017200.0 10006.0 NA 188 650 80 0 NA NA NA NA 479 809 131 0 NA NA NA NA 516 865 173 1311 NA NA NA NA 726 1220 397 1551 NA NA NA
1583017200.0 10007.0 NA 190 653 91 0 NA NA NA NA 476 811 142 0 NA NA NA NA 543 920 194 1320 NA NA NA NA 614 1182 640 1645 NA NA NA
1583017200.0 10008.0 NA 190 654 90 0 NA NA NA NA 484 815 142 0 NA NA NA NA 530 913 194 1321 NA NA NA NA 522 1250 364 1628 NA NA NA
1583017200.0 10009.0 NA 192 655 91 0 NA NA NA NA 477 812 141 0 NA NA NA NA 549 953 200 1343 NA NA NA NA 474 1203 327 1666 NA NA NA
1583017200.0 1001.0 NA 444 375 0 0 0 0 0 NA 543 462 0 0 0 0 0 NA 1698 475 7 21 518 28 504 NA 1069 767 24 67 614 51 574
1583017200.0 1002.0 NA 464 64 NA NA NA NA NA NA 569 123 NA NA NA NA NA NA 1798 268 NA NA NA NA NA NA 1252 198 NA NA NA NA NA
1583017200.0 10023.0 NA 192 654 82 0 NA NA NA NA 477 808 133 0 NA NA NA NA 535 887 171 1331 NA NA NA NA 741 1123 364 1630 NA NA NA
1583017200.0 10024.0 NA 216 678 92 0 NA NA NA NA 477 836 142 0 NA NA NA NA 699 1185 199 1349 NA NA NA NA 573 1502 609 1632 NA NA NA
1583017200.0 10024.1 NA 213 263 0 NA NA NA NA NA 470 398 0 NA NA NA NA NA 692 425 198 NA NA NA NA NA 701 455 225 NA NA NA NA
1583017200.0 10024.2 NA 215 669 0 NA NA NA NA NA 476 825 0 NA NA NA NA NA 677 1174 1353 NA NA NA NA NA 729 975 1597 NA NA NA NA
1583017200.0 10024.3 NA 212 244 0 NA NA NA NA NA 487 349 0 NA NA NA NA NA 687 408 166 NA NA NA NA NA 578 431 188 NA NA NA NA
1583017200.0 10024.4 NA 215 676 0 NA NA NA NA NA 477 836 0 NA NA NA NA NA 703 1181 1379 NA NA NA NA NA 574 1044 1677 NA NA NA NA
1583017200.0 10024.5 NA 214 271 0 NA NA NA NA NA 483 394 0 NA NA NA NA NA 719 421 195 NA NA NA NA NA 692 591 220 NA NA NA NA
1583017200.0 10024.6 NA 211 668 0 NA NA NA NA NA 476 833 0 NA NA NA NA NA 676 1172 1338 NA NA NA NA NA 667 1197 1594 NA NA NA NA
1583017200.0 10025.0 NA 202 664 81 0 NA NA NA NA 478 821 133 0 NA NA NA NA 585 1009 179 1339 NA NA NA NA 663 1475 438 1642 NA NA NA
1583017200.0 10026.0 NA 216 681 82 0 NA NA NA NA 469 837 133 0 NA NA NA NA 758 1345 188 1354 NA NA NA NA 559 1524 665 1592 NA NA NA
1583017200.0 1003.0 NA 403 0 NA NA NA NA NA NA 496 0 NA NA NA NA NA NA 2443 400 NA NA NA NA NA NA 1523 447 NA NA NA NA NA
1583017200.0 1004.0 NA 350 357 0 0 0 0 NA NA 443 444 0 0 0 0 NA NA 522 344 7 21 510 502 NA NA 654 440 63 67 554 579 NA
1583017200.0 10042.0 NA 198 663 98 0 NA NA NA NA 476 822 143 0 NA NA NA NA 620 1031 196 1348 NA NA NA NA 689 1447 552 1673 NA NA NA
1583017200.0 10059.0 NA 233 684 91 0 NA NA NA NA 480 836 143 0 NA NA NA NA 786 1612 201 1389 NA NA NA NA 1265 1624 690 1821 NA NA NA
1583017200.0 10071.0 NA 210 668 90 0 NA NA NA NA 472 824 143 0 NA NA NA NA 674 1210 198 1355 NA NA NA NA 891 1161 441 1645 NA NA NA
1583017200.0 101.0 80 NA NA NA NA NA NA NA 149 NA NA NA NA NA NA NA 699 NA NA NA NA NA NA NA 779 NA NA NA NA NA NA NA
1583017200.0 1010.0 NA 28 68 0 NA NA NA NA NA 70 121 0 NA NA NA NA NA 12 86 24 NA NA NA NA NA 42 88 29 NA NA NA NA
1583017200.0 102.0 81 NA NA NA NA NA NA NA 149 NA NA NA NA NA NA NA 531 NA NA NA NA NA NA NA 650 NA NA NA NA NA NA NA
1583017200.0 1020.0 NA 35 NA NA NA NA NA NA NA 106 NA NA NA NA NA NA NA 42 NA NA NA NA NA NA NA 52 NA NA NA NA NA NA
1583017200.0 10224.0 NA 348 949 0 NA NA NA NA NA 532 1132 0 NA NA NA NA NA 3430 4473 1443 NA NA NA NA NA 12095 3460 1811 NA NA NA NA
1583017200.0 10225.0 NA 330 912 0 NA NA NA NA NA 532 1126 0 NA NA NA NA NA 3341 4197 1452 NA NA NA NA NA 12076 2665 1880 NA NA NA NA
1583017200.0 103.0 42 0 0 NA NA NA NA NA 89 0 0 NA NA NA NA NA 608 103 275 NA NA NA NA NA 508 79 367 NA NA NA NA NA
1583017200.0 1030.0 NA 150 37 0 NA NA NA NA NA 242 82 0 NA NA NA NA NA 1514 49 2 NA NA NA NA NA 892 31 18 NA NA NA NA
1583017200.0 10424.0 NA 211 671 0 NA NA NA NA NA 470 827 0 NA NA NA NA NA 681 1139 1382 NA NA NA NA NA 692 1043 1649 NA NA NA NA
1583017200.0 105.0 86 84 25 NA NA NA NA NA 183 368 66 NA NA NA NA NA 1395 339 2 NA NA NA NA NA 843 326 5 NA NA NA NA NA
1583017200.0 106.0 42 0 0 NA NA NA NA NA 89 0 0 NA NA NA NA NA 568 106 272 NA NA NA NA NA 434 79 430 NA NA NA NA NA
1583017200.0 107.0 89 91 456 NA NA NA NA NA 186 368 553 NA NA NA NA NA 3146 384 502 NA NA NA NA NA 1266 227 656 NA NA NA NA NA
1583017200.0 108.0 93 89 463 NA NA NA NA NA 191 368 556 NA NA NA NA NA 3756 408 583 NA NA NA NA NA 1622 388 913 NA NA NA NA NA
1583017200.0 10823.0 65 188 656 80 0 NA NA NA 122 472 822 132 0 NA NA NA 1423 543 908 174 1329 NA NA NA 771 519 1181 390 1546 NA NA NA
1583017200.0 10824.0 72 212 677 92 0 NA NA NA 133 480 832 144 0 NA NA NA 4242 718 1214 202 1381 NA NA NA 2198 656 1385 378 1793 NA NA NA
1583017200.0 10825.0 68 203 664 81 0 NA NA NA 128 474 820 132 0 NA NA NA 3121 639 1066 180 1352 NA NA NA 1353 1133 1555 568 1534 NA NA NA
1583017200.0 10826.0 74 216 672 90 0 NA NA NA 136 466 842 141 0 NA NA NA 6039 774 1416 206 1385 NA NA NA 2416 678 1618 339 1792 NA NA NA
1583017200.0 10842.0 62 193 657 91 0 NA NA NA 119 468 815 143 0 NA NA NA 1293 446 888 197 1323 NA NA NA 898 656 1363 338 1500 NA NA NA
1583017200.0 109.0 92 90 462 NA NA NA NA NA 189 368 556 NA NA NA NA NA 4384 396 582 NA NA NA NA NA 1636 237 530 NA NA NA NA NA
1583017200.0 11.0 NA 97 564 0 63 NA NA NA NA 372 673 0 106 NA NA NA NA 1615 959 396 52 NA NA NA NA 622 859 461 101 NA NA NA
1583017200.0 110.0 58 81 451 NA NA NA NA NA 123 361 547 NA NA NA NA NA 719 332 434 NA NA NA NA NA 540 339 646 NA NA NA NA NA
1583017200.0 1102.0 NA 115 490 125 81 NA NA NA NA 372 593 214 163 NA NA NA NA 2394 2495 1264 259 NA NA NA NA 962 1213 506 124 NA NA NA
1583017200.0 111.0 81 86 457 NA NA NA NA NA 182 368 554 NA NA NA NA NA 1601 263 450 NA NA NA NA NA 937 618 695 NA NA NA NA NA
1583017200.0 112.0 89 86 460 NA NA NA NA NA 188 368 560 NA NA NA NA NA 2803 365 493 NA NA NA NA NA 991 337 741 NA NA NA NA NA
1583017200.0 11224.0 73 214 677 0 NA NA NA NA 134 480 834 0 NA NA NA NA 4136 742 1218 1358 NA NA NA NA 1692 755 1551 1624 NA NA NA NA
1583017200.0 113.0 86 86 459 NA NA NA NA NA 184 368 557 NA NA NA NA NA 2930 385 491 NA NA NA NA NA 1207 306 646 NA NA NA NA NA
1583017200.0 114.0 83 89 459 NA NA NA NA NA 184 368 551 NA NA NA NA NA 2943 383 503 NA NA NA NA NA 1400 311 887 NA NA NA NA NA
1583017200.0 115.0 89 90 458 NA NA NA NA NA 185 368 560 NA NA NA NA NA 3053 380 537 NA NA NA NA NA 1161 318 569 NA NA NA NA NA
1583017200.0 116.0 82 87 454 NA NA NA NA NA 176 368 548 NA NA NA NA NA 2894 385 522 NA NA NA NA NA 1540 293 926 NA NA NA NA NA
1583017200.0 11623.0 63 192 663 79 0 NA NA NA 108 467 824 131 0 NA NA NA 1212 649 1101 196 1437 NA NA NA 1060 950 1439 950 1868 NA NA NA
1583017200.0 11624.0 70 214 683 91 0 NA NA NA 119 476 848 144 0 NA NA NA 3465 830 1404 278 1477 NA NA NA 1484 718 1571 1147 1899 NA NA NA
1583017200.0 11625.0 65 203 671 89 0 NA NA NA 113 478 820 140 0 NA NA NA 2734 756 1242 330 1470 NA NA NA 1296 604 1715 1062 1937 NA NA NA
1583017200.0 11626.0 73 230 681 89 0 NA NA NA 121 475 839 140 0 NA NA NA 5631 1066 1567 273 1491 NA NA NA 2181 933 1480 454 1929 NA NA NA
1583017200.0 11642.0 56 189 654 90 0 NA NA NA 102 472 823 143 0 NA NA NA 1071 496 976 271 1485 NA NA NA 999 549 1539 593 1932 NA NA NA
1583017200.0 117.0 84 89 457 NA NA NA NA NA 190 368 553 NA NA NA NA NA 3402 399 547 NA NA NA NA NA 1455 296 625 NA NA NA NA NA
1583017200.0 118.0 89 90 457 NA NA NA NA NA 187 368 567 NA NA NA NA NA 3572 397 572 NA NA NA NA NA 1238 240 829 NA NA NA NA NA
1583017200.0 119.0 84 86 459 NA NA NA NA NA 180 361 559 NA NA NA NA NA 2563 366 488 NA NA NA NA NA 1065 315 657 NA NA NA NA NA
1583017200.0 12.0 NA 112 476 0 NA NA NA NA NA 365 582 0 NA NA NA NA NA 1881 1793 359 NA NA NA NA NA 961 1009 409 NA NA NA NA
1583017200.0 120.0 58 79 450 NA NA NA NA NA 143 360 553 NA NA NA NA NA 675 310 423 NA NA NA NA NA 536 406 573 NA NA NA NA NA
1583017200.0 12024.0 71 219 685 0 NA NA NA NA 120 482 845 0 NA NA NA NA 3673 842 1391 1447 NA NA NA NA 1426 801 1541 1701 NA NA NA NA
1583017200.0 121.0 87 91 461 NA NA NA NA NA 187 361 560 NA NA NA NA NA 3449 417 586 NA NA NA NA NA 1581 396 601 NA NA NA NA NA
1583017200.0 122.0 51 76 439 NA NA NA NA NA 107 360 541 NA NA NA NA NA 582 212 427 NA NA NA NA NA 527 325 893 NA NA NA NA NA
1583017200.0 123.1 320 NA NA NA NA NA NA NA 498 NA NA NA NA NA NA NA 574 NA NA NA NA NA NA NA 476 NA NA NA NA NA NA NA
1583017200.0 123.2 324 NA NA NA NA NA NA NA 494 NA NA NA NA NA NA NA 647 NA NA NA NA NA NA NA 843 NA NA NA NA NA NA NA
1583017200.0 123.3 265 NA NA NA NA NA NA NA 493 NA NA NA NA NA NA NA 426 NA NA NA NA NA NA NA 364 NA NA NA NA NA NA NA
1583017200.0 124.1 305 NA NA NA NA NA NA NA 501 NA NA NA NA NA NA NA 439 NA NA NA NA NA NA NA 407 NA NA NA NA NA NA NA
1583017200.0 124.2 319 NA NA NA NA NA NA NA 495 NA NA NA NA NA NA NA 554 NA NA NA NA NA NA NA 534 NA NA NA NA NA NA NA
1583017200.0 124.4 313 NA NA NA NA NA NA NA 496 NA NA NA NA NA NA NA 446 NA NA NA NA NA NA NA 808 NA NA NA NA NA NA NA
1583017200.0 124.5 309 NA NA NA NA NA NA NA 494 NA NA NA NA NA NA NA 450 NA NA NA NA NA NA NA 393 NA NA NA NA NA NA NA
1583017200.0 124.6 265 NA NA NA NA NA NA NA 504 NA NA NA NA NA NA NA 431 NA NA NA NA NA NA NA 484 NA NA NA NA NA NA NA
1583017200.0 125.0 86 85 455 NA NA NA NA NA 186 361 548 NA NA NA NA NA 2659 352 473 NA NA NA NA NA 1114 336 636 NA NA NA NA NA
1583017200.0 126.0 60 79 448 NA NA NA NA NA 147 368 542 NA NA NA NA NA 1293 330 457 NA NA NA NA NA 743 269 846 NA NA NA NA NA
1583017200.0 127.0 58 79 454 NA NA NA NA NA 123 368 562 NA NA NA NA NA 989 336 442 NA NA NA NA NA 602 373 564 NA NA NA NA NA
1583017200.0 128.0 56 80 449 NA NA NA NA NA 113 368 551 NA NA NA NA NA 629 333 430 NA NA NA NA NA 500 347 553 NA NA NA NA NA
1583017200.0 129.0 57 81 449 NA NA NA NA NA 121 368 543 NA NA NA NA NA 692 342 437 NA NA NA NA NA 562 456 741 NA NA NA NA NA
1583017200.0 13.0 NA 89 463 0 NA NA NA NA NA 372 562 0 NA NA NA NA NA 328 861 313 NA NA NA NA NA 534 951 377 NA NA NA NA
1583017200.0 130.0 60 81 450 NA NA NA NA NA 131 368 544 NA NA NA NA NA 785 327 437 NA NA NA NA NA 600 289 786 NA NA NA NA NA
1583017200.0 1301.0 84 94 179 NA NA NA NA NA 150 378 295 NA NA NA NA NA 1465 403 287 NA NA NA NA NA 1228 362 615 NA NA NA NA NA
1583017200.0 1302.0 93 103 186 NA NA NA NA NA 165 374 277 NA NA NA NA NA 4183 473 413 NA NA NA NA NA 1352 307 688 NA NA NA NA NA
1583017200.0 1303.0 84 100 190 NA NA NA NA NA 156 374 295 NA NA NA NA NA 6226 382 512 NA NA NA NA NA 2608 519 463 NA NA NA NA NA
1583017200.0 1306.0 NA 92 564 0 NA NA NA NA NA 383 684 0 NA NA NA NA NA 345 495 431 NA NA NA NA NA 559 887 493 NA NA NA NA
1583017200.0 1307.0 NA 89 180 41 0 NA NA NA NA 377 257 87 0 NA NA NA NA 366 312 11 105 NA NA NA NA 404 603 59 133 NA NA NA
1583017200.0 1308.0 NA 88 175 46 0 NA NA NA NA 377 256 86 0 NA NA NA NA 341 266 10 104 NA NA NA NA 334 461 22 134 NA NA NA
1583017200.0 1309.0 NA 103 579 0 NA NA NA NA NA 383 693 0 NA NA NA NA NA 447 707 456 NA NA NA NA NA 875 923 551 NA NA NA NA
1583017200.0 131.0 61 84 452 NA NA NA NA NA 140 368 543 NA NA NA NA NA 1164 339 445 NA NA NA NA NA 657 415 574 NA NA NA NA NA
1583017200.0 1310.0 NA 99 576 0 NA NA NA NA NA 384 679 0 NA NA NA NA NA 413 609 448 NA NA NA NA NA 388 695 507 NA NA NA NA
1583017200.0 1311.0 NA 94 572 0 60 NA NA NA NA 380 676 0 106 NA NA NA NA 347 512 467 50 NA NA NA NA 324 1094 531 126 NA NA NA
1583017200.0 1312.0 NA 99 573 0 NA NA NA NA NA 384 681 0 NA NA NA NA NA 438 670 456 NA NA NA NA NA 341 694 535 NA NA NA NA
1583017200.0 1313.0 NA 105 579 0 NA NA NA NA NA 378 693 0 NA NA NA NA NA 337 947 437 NA NA NA NA NA 891 1170 467 NA NA NA NA
1583017200.0 1314.0 NA 98 574 0 NA NA NA NA NA 383 679 0 NA NA NA NA NA 414 618 452 NA NA NA NA NA 564 1235 525 NA NA NA NA
1583017200.0 1315.0 NA 92 563 0 NA NA NA NA NA 376 666 0 NA NA NA NA NA 351 509 427 NA NA NA NA NA 489 920 579 NA NA NA NA
1583017200.0 1316.0 NA 92 561 0 NA NA NA NA NA 383 664 0 NA NA NA NA NA 353 522 423 NA NA NA NA NA 540 975 505 NA NA NA NA
1583017200.0 1317.0 NA 90 561 0 NA NA NA NA NA 378 671 0 NA NA NA NA NA 344 514 457 NA NA NA NA NA 428 842 545 NA NA NA NA
1583017200.0 1318.0 NA 90 561 0 NA NA NA NA NA 381 682 0 NA NA NA NA NA 340 499 426 NA NA NA NA NA 371 669 509 NA NA NA NA
1583017200.0 1319.0 NA 90 563 0 NA NA NA NA NA 376 675 0 NA NA NA NA NA 334 512 429 NA NA NA NA NA 370 820 498 NA NA NA NA
1583017200.0 132.0 85 88 458 NA NA NA NA NA 179 368 542 NA NA NA NA NA 2789 391 536 NA NA NA NA NA 1028 462 734 NA NA NA NA NA
1583017200.0 1320.0 NA 93 568 0 NA NA NA NA NA 384 682 0 NA NA NA NA NA 373 523 440 NA NA NA NA NA 337 1249 538 NA NA NA NA
1583017200.0 1321.0 NA 94 567 0 NA NA NA NA NA 376 676 0 NA NA NA NA NA 378 534 438 NA NA NA NA NA 439 978 567 NA NA NA NA
1583017200.0 1322.0 NA 94 562 0 NA NA NA NA NA 383 682 0 NA NA NA NA NA 376 538 432 NA NA NA NA NA 363 918 483 NA NA NA NA
1583017200.0 1323.0 NA 91 558 0 NA NA NA NA NA 377 666 0 NA NA NA NA NA 348 476 423 NA NA NA NA NA 754 814 520 NA NA NA NA
1583017200.0 1324.0 NA 103 575 0 NA NA NA NA NA 383 692 0 NA NA NA NA NA 443 657 452 NA NA NA NA NA 396 839 519 NA NA NA NA
1583017200.0 1325.0 NA 104 581 0 67 NA NA NA NA 383 696 0 116 NA NA NA NA 422 703 458 71 NA NA NA NA 557 1238 559 293 NA NA NA
1583017200.0 1325.1 NA 104 219 0 NA NA NA NA NA 383 299 0 NA NA NA NA NA 447 342 159 NA NA NA NA NA 363 423 188 NA NA NA NA
1583017200.0 1325.2 NA 106 578 0 NA NA NA NA NA 384 686 0 NA NA NA NA NA 456 715 445 NA NA NA NA NA 416 1302 506 NA NA NA NA
1583017200.0 1325.3 NA 103 207 0 NA NA NA NA NA 382 271 0 NA NA NA NA NA 460 331 147 NA NA NA NA NA 363 401 170 NA NA NA NA
1583017200.0 1325.4 NA 103 583 0 NA NA NA NA NA 377 698 0 NA NA NA NA NA 419 723 451 NA NA NA NA NA 418 781 508 NA NA NA NA
1583017200.0 1325.5 NA 137 0 NA NA NA NA NA NA 197 0 NA NA NA NA NA NA 579 17 NA NA NA NA NA NA 549 23 NA NA NA NA NA
1583017200.0 1326.0 NA 99 569 0 NA NA NA NA NA 384 669 0 NA NA NA NA NA 390 558 443 NA NA NA NA NA 368 1272 521 NA NA NA NA
1583017200.0 1327.0 NA 97 572 0 NA NA NA NA NA 384 684 0 NA NA NA NA NA 406 571 440 NA NA NA NA NA 478 1099 513 NA NA NA NA
1583017200.0 1328.0 NA 99 573 0 NA NA NA NA NA 380 683 0 NA NA NA NA NA 424 625 446 NA NA NA NA NA 484 1030 514 NA NA NA NA
1583017200.0 1329.0 NA 95 567 0 NA NA NA NA NA 383 684 0 NA NA NA NA NA 396 549 443 NA NA NA NA NA 409 912 485 NA NA NA NA
1583017200.0 133.0 91 92 467 NA NA NA NA NA 194 368 554 NA NA NA NA NA 4958 432 663 NA NA NA NA NA 1949 489 966 NA NA NA NA NA
1583017200.0 1330.0 NA 98 563 0 NA NA NA NA NA 383 668 0 NA NA NA NA NA 397 586 446 NA NA NA NA NA 364 726 514 NA NA NA NA
1583017200.0 1331.0 NA 99 574 0 NA NA NA NA NA 381 681 0 NA NA NA NA NA 413 575 441 NA NA NA NA NA 512 1229 570 NA NA NA NA
1583017200.0 1332.0 NA 102 578 0 NA NA NA NA NA 378 691 0 NA NA NA NA NA 408 647 445 NA NA NA NA NA 514 807 569 NA NA NA NA
1583017200.0 1333.0 NA 98 571 0 NA NA NA NA NA 384 687 0 NA NA NA NA NA 394 557 446 NA NA NA NA NA 563 766 498 NA NA NA NA
1583017200.0 1334.0 NA 101 581 0 NA NA NA NA NA 384 675 0 NA NA NA NA NA 421 651 455 NA NA NA NA NA 360 1029 542 NA NA NA NA
1583017200.0 1335.0 NA 97 571 0 NA NA NA NA NA 381 675 0 NA NA NA NA NA 396 566 444 NA NA NA NA NA 504 1020 510 NA NA NA NA
1583017200.0 1336.0 NA 102 579 0 NA NA NA NA NA 384 697 0 NA NA NA NA NA 446 1037 454 NA NA NA NA NA 332 1588 534 NA NA NA NA
1583017200.0 1337.0 NA 105 588 0 NA NA NA NA NA 383 689 0 NA NA NA NA NA 531 993 463 NA NA NA NA NA 510 1404 550 NA NA NA NA
1583017200.0 1338.0 NA 103 585 0 NA NA NA NA NA 383 697 0 NA NA NA NA NA 443 696 449 NA NA NA NA NA 534 1042 576 NA NA NA NA
1583017200.0 1339.0 NA 106 585 0 NA NA NA NA NA 384 701 0 NA NA NA NA NA 491 896 454 NA NA NA NA NA 374 957 574 NA NA NA NA
1583017200.0 134.0 NA 477 38 0 NA NA NA NA NA 555 78 0 NA NA NA NA NA 2031 6 7 NA NA NA NA NA 2172 21 19 NA NA NA NA
1583017200.0 134.701 NA 29 523 0 NA NA NA NA NA 84 616 0 NA NA NA NA NA 215 3350 465 NA NA NA NA NA 161 1323 546 NA NA NA NA
1583017200.0 134.702 NA 29 514 0 NA NA NA NA NA 86 603 0 NA NA NA NA NA 188 4416 457 NA NA NA NA NA 164 1619 529 NA NA NA NA
1583017200.0 134.703 NA 32 525 0 NA NA NA NA NA 87 611 0 NA NA NA NA NA 217 4513 469 NA NA NA NA NA 170 1914 505 NA NA NA NA
1583017200.0 134.704 NA 35 525 0 NA NA NA NA NA 87 621 0 NA NA NA NA NA 219 4245 464 NA NA NA NA NA 268 1687 543 NA NA NA NA
1583017200.0 134.705 NA 31 524 0 NA NA NA NA NA 86 614 0 NA NA NA NA NA 185 4694 469 NA NA NA NA NA 176 2089 486 NA NA NA NA
1583017200.0 134.706 NA 33 528 0 NA NA NA NA NA 87 622 0 NA NA NA NA NA 192 4720 471 NA NA NA NA NA 178 1772 485 NA NA NA NA
1583017200.0 134.707 NA 33 513 0 NA NA NA NA NA 88 602 0 NA NA NA NA NA 233 4216 464 NA NA NA NA NA 267 1525 531 NA NA NA NA
1583017200.0 134.708 NA 29 514 0 NA NA NA NA NA 84 599 0 NA NA NA NA NA 176 4028 468 NA NA NA NA NA 159 1442 534 NA NA NA NA
1583017200.0 134.709 NA 36 694 0 NA NA NA NA NA 85 791 0 NA NA NA NA NA 240 4358 464 NA NA NA NA NA 283 1570 543 NA NA NA NA
1583017200.0 134.71 NA 27 505 0 NA NA NA NA NA 80 591 0 NA NA NA NA NA 228 2898 475 NA NA NA NA NA 165 1988 551 NA NA NA NA
1583017200.0 134.801 NA 36 512 0 NA NA NA NA NA 85 598 0 NA NA NA NA NA 178 3040 450 NA NA NA NA NA 161 1508 507 NA NA NA NA
1583017200.0 134.802 NA 28 524 0 NA NA NA NA NA 85 613 0 NA NA NA NA NA 224 5514 441 NA NA NA NA NA 195 1847 462 NA NA NA NA
1583017200.0 134.803 NA 33 519 0 NA NA NA NA NA 90 608 0 NA NA NA NA NA 217 4917 465 NA NA NA NA NA 297 1750 500 NA NA NA NA
1583017200.0 134.804 NA 30 527 0 NA NA NA NA NA 92 619 0 NA NA NA NA NA 211 5495 452 NA NA NA NA NA 182 1868 485 NA NA NA NA
1583017200.0 134.805 NA 32 527 0 NA NA NA NA NA 96 624 0 NA NA NA NA NA 229 5487 457 NA NA NA NA NA 183 2002 512 NA NA NA NA
1583017200.0 134.806 NA 32 530 0 NA NA NA NA NA 89 628 0 NA NA NA NA NA 219 5977 456 NA NA NA NA NA 206 2403 464 NA NA NA NA
1583017200.0 134.807 NA 89 550 0 NA NA NA NA NA 195 675 0 NA NA NA NA NA 1279 6412 477 NA NA NA NA NA 865 2349 487 NA NA NA NA
1583017200.0 134.808 NA 90 558 0 NA NA NA NA NA 194 684 0 NA NA NA NA NA 1358 6394 481 NA NA NA NA NA 980 2293 546 NA NA NA NA
1583017200.0 134.809 NA 35 519 0 NA NA NA NA NA 84 612 0 NA NA NA NA NA 188 5137 456 NA NA NA NA NA 230 1771 564 NA NA NA NA
1583017200.0 134.81 NA 33 519 0 NA NA NA NA NA 84 613 0 NA NA NA NA NA 220 5124 449 NA NA NA NA NA 225 1825 458 NA NA NA NA
1583017200.0 134.811 NA 30 526 0 NA NA NA NA NA 92 617 0 NA NA NA NA NA 186 5418 449 NA NA NA NA NA 183 2041 465 NA NA NA NA
1583017200.0 134.812 NA 28 510 0 NA NA NA NA NA 86 594 0 NA NA NA NA NA 188 3070 447 NA NA NA NA NA 154 1378 538 NA NA NA NA
1583017200.0 134.813 NA 179 68 0 NA NA NA NA NA 270 110 0 NA NA NA NA NA 571 69 111 NA NA NA NA NA 474 78 149 NA NA NA NA
1583017200.0 134.901 NA 32 508 0 NA NA NA NA NA 85 592 0 NA NA NA NA NA 199 3128 459 NA NA NA NA NA 159 1357 515 NA NA NA NA
1583017200.0 134.902 NA 30 512 0 NA NA NA NA NA 88 601 0 NA NA NA NA NA 179 4055 456 NA NA NA NA NA 169 1580 524 NA NA NA NA
1583017200.0 134.903 NA 36 510 0 NA NA NA NA NA 88 594 0 NA NA NA NA NA 213 3726 461 NA NA NA NA NA 157 1706 592 NA NA NA NA
1583017200.0 134.904 NA 31 516 0 NA NA NA NA NA 91 620 0 NA NA NA NA NA 220 4438 457 NA NA NA NA NA 163 1580 544 NA NA NA NA
1583017200.0 134.905 NA 37 512 0 NA NA NA NA NA 90 597 0 NA NA NA NA NA 199 3716 462 NA NA NA NA NA 190 1483 624 NA NA NA NA
1583017200.0 134.906 NA 31 515 0 NA NA NA NA NA 90 600 0 NA NA NA NA NA 204 4354 457 NA NA NA NA NA 212 1561 534 NA NA NA NA
1583017200.0 134.907 NA 88 539 0 NA NA NA NA NA 191 662 0 NA NA NA NA NA 883 4543 458 NA NA NA NA NA 630 1690 469 NA NA NA NA
1583017200.0 134.908 NA 92 547 0 NA NA NA NA NA 197 671 0 NA NA NA NA NA 798 4611 486 NA NA NA NA NA 692 1809 529 NA NA NA NA
1583017200.0 134.909 NA 34 511 0 NA NA NA NA NA 86 596 0 NA NA NA NA NA 200 3963 460 NA NA NA NA NA 158 1509 502 NA NA NA NA
1583017200.0 134.91 NA 34 514 0 NA NA NA NA NA 84 598 0 NA NA NA NA NA 191 3577 466 NA NA NA NA NA 183 1650 521 NA NA NA NA
1583017200.0 134.911 NA 34 509 0 NA NA NA NA NA 86 610 0 NA NA NA NA NA 167 3804 463 NA NA NA NA NA 326 1854 628 NA NA NA NA
1583017200.0 134.912 NA 31 503 0 NA NA NA NA NA 87 591 0 NA NA NA NA NA 216 2858 451 NA NA NA NA NA 163 1639 576 NA NA NA NA
1583017200.0 134.99601 NA 34 524 0 NA NA NA NA NA 88 623 0 NA NA NA NA NA 250 6023 451 NA NA NA NA NA 238 2378 459 NA NA NA NA
1583017200.0 134.99602 NA 31 510 0 NA NA NA NA NA 91 599 0 NA NA NA NA NA 198 3550 460 NA NA NA NA NA 232 1642 581 NA NA NA NA
1583017200.0 134.99603 NA 33 518 0 NA NA NA NA NA 88 614 0 NA NA NA NA NA 221 4953 455 NA NA NA NA NA 208 2114 468 NA NA NA NA
1583017200.0 134.99901 NA 32 510 0 NA NA NA NA NA 91 595 0 NA NA NA NA NA 192 3653 457 NA NA NA NA NA 181 1766 617 NA NA NA NA
1583017200.0 1340.0 NA 99 571 0 NA NA NA NA NA 378 688 0 NA NA NA NA NA 376 539 448 NA NA NA NA NA 559 683 532 NA NA NA NA
1583017200.0 1341.0 NA 106 585 0 NA NA NA NA NA 384 696 0 NA NA NA NA NA 482 901 465 NA NA NA NA NA 442 1097 511 NA NA NA NA
1583017200.0 1343.0 NA 98 571 0 NA NA NA NA NA 379 676 0 NA NA NA NA NA 422 636 451 NA NA NA NA NA 468 800 527 NA NA NA NA
1583017200.0 1344.0 NA 101 574 0 NA NA NA NA NA 378 674 0 NA NA NA NA NA 387 617 440 NA NA NA NA NA 446 897 497 NA NA NA NA
1583017200.0 1345.0 NA 99 574 0 NA NA NA NA NA 381 689 0 NA NA NA NA NA 388 616 447 NA NA NA NA NA 287 882 517 NA NA NA NA
1583017200.0 1347.0 NA 99 572 0 NA NA NA NA NA 383 688 0 NA NA NA NA NA 389 608 450 NA NA NA NA NA 355 592 576 NA NA NA NA
1583017200.0 1348.0 NA 97 572 0 NA NA NA NA NA 383 683 0 NA NA NA NA NA 399 561 442 NA NA NA NA NA 493 853 521 NA NA NA NA
1583017200.0 1349.0 NA 97 571 0 NA NA NA NA NA 384 688 0 NA NA NA NA NA 394 591 445 NA NA NA NA NA 429 861 514 NA NA NA NA
1583017200.0 135.1 338 0 94 NA NA NA NA NA 506 0 155 NA NA NA NA NA 663 121 142 NA NA NA NA NA 737 156 344 NA NA NA NA NA
1583017200.0 135.11 348 0 100 NA NA NA NA NA 507 0 154 NA NA NA NA NA 890 126 180 NA NA NA NA NA 1061 143 471 NA NA NA NA NA
1583017200.0 135.12 333 0 97 NA NA NA NA NA 514 0 151 NA NA NA NA NA 579 118 131 NA NA NA NA NA 533 167 258 NA NA NA NA NA
1583017200.0 135.13 341 0 NA NA NA NA NA NA 552 0 NA NA NA NA NA NA 655 143 NA NA NA NA NA NA 708 165 NA NA NA NA NA NA
1583017200.0 135.2 279 0 92 NA NA NA NA NA 505 0 148 NA NA NA NA NA 450 103 119 NA NA NA NA NA 426 123 238 NA NA NA NA NA
1583017200.0 135.3 276 0 93 NA NA NA NA NA 513 0 151 NA NA NA NA NA 475 102 120 NA NA NA NA NA 499 114 234 NA NA NA NA NA
1583017200.0 135.4 327 0 94 NA NA NA NA NA 506 0 151 NA NA NA NA NA 558 112 127 NA NA NA NA NA 533 122 252 NA NA NA NA NA
1583017200.0 135.5 325 0 95 NA NA NA NA NA 506 0 154 NA NA NA NA NA 550 112 127 NA NA NA NA NA 610 132 217 NA NA NA NA NA
1583017200.0 135.6 326 0 96 NA NA NA NA NA 506 0 152 NA NA NA NA NA 605 113 134 NA NA NA NA NA 532 125 247 NA NA NA NA NA
1583017200.0 135.7 329 0 96 NA NA NA NA NA 518 0 148 NA NA NA NA NA 563 115 130 NA NA NA NA NA 989 166 262 NA NA NA NA NA
1583017200.0 135.8 144 NA NA NA NA NA NA NA 235 NA NA NA NA NA NA NA 233 NA NA NA NA NA NA NA 267 NA NA NA NA NA NA NA
1583017200.0 135.9 315 0 95 NA NA NA NA NA 506 0 151 NA NA NA NA NA 444 109 113 NA NA NA NA NA 525 138 385 NA NA NA NA NA
1583017200.0 1350.0 NA 99 571 0 NA NA NA NA NA 377 682 0 NA NA NA NA NA 383 586 447 NA NA NA NA NA 331 811 502 NA NA NA NA
1583017200.0 1351.0 NA 100 571 0 NA NA NA NA NA 383 689 0 NA NA NA NA NA 408 601 449 NA NA NA NA NA 410 786 545 NA NA NA NA
1583017200.0 1352.0 NA 100 573 0 NA NA NA NA NA 384 687 0 NA NA NA NA NA 434 597 449 NA NA NA NA NA 380 769 553 NA NA NA NA
1583017200.0 1353.0 NA 102 574 0 NA NA NA NA NA 376 692 0 NA NA NA NA NA 420 649 445 NA NA NA NA NA 531 1232 520 NA NA NA NA
1583017200.0 1354.0 NA 102 571 0 NA NA NA NA NA 384 677 0 NA NA NA NA NA 417 612 446 NA NA NA NA NA 536 802 499 NA NA NA NA
1583017200.0 1355.0 NA 102 576 0 NA NA NA NA NA 381 688 0 NA NA NA NA NA 461 642 440 NA NA NA NA NA 1016 1513 513 NA NA NA NA
1583017200.0 1356.0 85 99 580 0 102 NA NA NA 159 376 698 0 167 NA NA NA 2791 416 627 459 140 NA NA NA 1150 467 915 567 291 NA NA NA
1583017200.0 136.721 NA 61 533 0 NA NA NA NA NA 121 633 0 NA NA NA NA NA 421 5190 569 NA NA NA NA NA 314 1931 580 NA NA NA NA
1583017200.0 136.722 NA 63 550 0 NA NA NA NA NA 125 678 0 NA NA NA NA NA 423 6200 585 NA NA NA NA NA 271 2292 600 NA NA NA NA
1583017200.0 136.723 NA 61 534 0 NA NA NA NA NA 128 634 0 NA NA NA NA NA 479 5654 584 NA NA NA NA NA 337 2158 672 NA NA NA NA
1583017200.0 136.724 NA 61 555 0 NA NA NA NA NA 122 686 0 NA NA NA NA NA 427 6930 584 NA NA NA NA NA 268 2204 616 NA NA NA NA
1583017200.0 136.725 NA 60 572 0 NA NA NA NA NA 130 723 0 NA NA NA NA NA 429 6160 574 NA NA NA NA NA 289 2067 595 NA NA NA NA
1583017200.0 136.726 NA 60 544 0 NA NA NA NA NA 126 647 0 NA NA NA NA NA 486 6398 580 NA NA NA NA NA 292 2159 785 NA NA NA NA
1583017200.0 136.727 NA 120 567 0 NA NA NA NA NA 231 707 0 NA NA NA NA NA 1446 6467 582 NA NA NA NA NA 958 2224 621 NA NA NA NA
1583017200.0 136.728 NA 121 571 0 NA NA NA NA NA 232 706 0 NA NA NA NA NA 1568 7027 573 NA NA NA NA NA 1023 2327 596 NA NA NA NA
1583017200.0 136.729 NA 62 535 0 NA NA NA NA NA 118 638 0 NA NA NA NA NA 422 6139 586 NA NA NA NA NA 255 2130 618 NA NA NA NA
1583017200.0 136.73 NA 65 562 0 NA NA NA NA NA 134 708 0 NA NA NA NA NA 469 6244 597 NA NA NA NA NA 280 2317 724 NA NA NA NA
1583017200.0 136.731 NA 64 571 0 NA NA NA NA NA 123 725 0 NA NA NA NA NA 397 6399 583 NA NA NA NA NA 271 2287 601 NA NA NA NA
1583017200.0 136.732 NA 61 530 0 NA NA NA NA NA 126 633 0 NA NA NA NA NA 400 4774 581 NA NA NA NA NA 297 1805 662 NA NA NA NA
1583017200.0 136.7321 NA 74 551 0 NA NA NA NA NA 138 648 0 NA NA NA NA NA 462 4831 560 NA NA NA NA NA 323 1723 574 NA NA NA NA
1583017200.0 136.733 NA 191 68 0 NA NA NA NA NA 282 119 0 NA NA NA NA NA 631 194 113 NA NA NA NA NA 692 175 135 NA NA NA NA
1583017200.0 136.734 NA 60 544 0 NA NA NA NA NA 124 643 0 NA NA NA NA NA 621 6160 590 NA NA NA NA NA 372 2054 668 NA NA NA NA
1583017200.0 136.735 NA 65 457 0 NA NA NA NA NA 124 547 0 NA NA NA NA NA 503 1117 480 NA NA NA NA NA 380 906 613 NA NA NA NA
1583017200.0 136.736 NA 63 555 0 NA NA NA NA NA 127 678 0 NA NA NA NA NA 404 9403 576 NA NA NA NA NA 284 2937 623 NA NA NA NA
1583017200.0 136.737 NA 64 566 0 NA NA NA NA NA 124 719 0 NA NA NA NA NA 424 10780 625 NA NA NA NA NA 270 3918 737 NA NA NA NA
1583017200.0 136.738 NA 62 551 0 NA NA NA NA NA 126 671 0 NA NA NA NA NA 559 10565 593 NA NA NA NA NA 354 3663 694 NA NA NA NA
1583017200.0 136.739 NA 64 568 0 NA NA NA NA NA 121 728 0 NA NA NA NA NA 484 12226 598 NA NA NA NA NA 307 3824 763 NA NA NA NA
1583017200.0 136.74 NA 65 580 0 NA NA NA NA NA 130 765 0 NA NA NA NA NA 454 10950 591 NA NA NA NA NA 292 3898 735 NA NA NA NA
1583017200.0 136.741 NA 61 558 0 NA NA NA NA NA 131 681 0 NA NA NA NA NA 490 10721 595 NA NA NA NA NA 271 3909 672 NA NA NA NA
1583017200.0 136.742 NA 61 550 0 NA NA NA NA NA 125 666 0 NA NA NA NA NA 402 10073 592 NA NA NA NA NA 288 3652 774 NA NA NA NA
1583017200.0 136.743 NA 63 550 0 NA NA NA NA NA 123 666 0 NA NA NA NA NA 466 9488 583 NA NA NA NA NA 311 3517 609 NA NA NA NA
1583017200.0 136.744 NA 63 580 0 NA NA NA NA NA 120 752 0 NA NA NA NA NA 453 10776 594 NA NA NA NA NA 280 3630 731 NA NA NA NA
1583017200.0 136.745 NA 59 541 0 NA NA NA NA NA 123 652 0 NA NA NA NA NA 406 7304 568 NA NA NA NA NA 245 2311 600 NA NA NA NA
1583017200.0 136.746 NA 60 553 0 NA NA NA NA NA 130 667 0 NA NA NA NA NA 564 10138 594 NA NA NA NA NA 390 3734 759 NA NA NA NA
1583017200.0 136.747 NA 61 557 0 NA NA NA NA NA 124 674 0 NA NA NA NA NA 489 9330 597 NA NA NA NA NA 337 2906 659 NA NA NA NA
1583017200.0 136.748 NA 59 566 0 NA NA NA NA NA 124 698 0 NA NA NA NA NA 428 9887 585 NA NA NA NA NA 315 3503 643 NA NA NA NA
1583017200.0 136.749 NA 63 552 0 NA NA NA NA NA 126 675 0 NA NA NA NA NA 592 10712 604 NA NA NA NA NA 318 4172 776 NA NA NA NA
1583017200.0 136.75 NA 66 578 0 NA NA NA NA NA 124 738 0 NA NA NA NA NA 487 12153 605 NA NA NA NA NA 309 3938 713 NA NA NA NA
1583017200.0 136.751 NA 65 585 0 NA NA NA NA NA 128 774 0 NA NA NA NA NA 474 12466 601 NA NA NA NA NA 319 4227 654 NA NA NA NA
1583017200.0 136.752 NA 59 553 0 NA NA NA NA NA 126 669 0 NA NA NA NA NA 549 10571 606 NA NA NA NA NA 436 3980 724 NA NA NA NA
1583017200.0 136.753 NA 59 555 0 NA NA NA NA NA 128 671 0 NA NA NA NA NA 443 10261 598 NA NA NA NA NA 325 3570 732 NA NA NA NA
1583017200.0 136.754 NA 64 560 0 NA NA NA NA NA 133 670 0 NA NA NA NA NA 480 8388 589 NA NA NA NA NA 358 2624 622 NA NA NA NA
1583017200.0 136.755 NA 64 579 0 NA NA NA NA NA 128 756 0 NA NA NA NA NA 398 11554 600 NA NA NA NA NA 292 4308 730 NA NA NA NA
1583017200.0 136.756 NA 60 539 0 NA NA NA NA NA 122 645 0 NA NA NA NA NA 384 6897 578 NA NA NA NA NA 238 2307 608 NA NA NA NA
1583017200.0 136.757 NA 61 555 0 NA NA NA NA NA 128 677 0 NA NA NA NA NA 586 9588 609 NA NA NA NA NA 381 3240 734 NA NA NA NA
1583017200.0 136.758 NA 65 557 0 NA NA NA NA NA 126 698 0 NA NA NA NA NA 453 11821 603 NA NA NA NA NA 309 3936 675 NA NA NA NA
1583017200.0 136.759 NA 60 578 0 NA NA NA NA NA 124 740 0 NA NA NA NA NA 382 13720 581 NA NA NA NA NA 290 4963 650 NA NA NA NA
1583017200.0 136.76 NA 64 570 0 NA NA NA NA NA 124 714 0 NA NA NA NA NA 557 14621 589 NA NA NA NA NA 341 4886 630 NA NA NA NA
1583017200.0 136.761 NA 59 591 0 NA NA NA NA NA 124 763 0 NA NA NA NA NA 483 16460 588 NA NA NA NA NA 312 5524 628 NA NA NA NA
1583017200.0 136.7611 NA 153 0 NA NA NA NA NA NA 269 0 NA NA NA NA NA NA 1194 24 NA NA NA NA NA NA 650 35 NA NA NA NA NA
1583017200.0 136.762 NA 61 606 0 NA NA NA NA NA 123 768 0 NA NA NA NA NA 519 19074 581 NA NA NA NA NA 404 6966 703 NA NA NA NA
1583017200.0 136.763 NA 63 564 0 NA NA NA NA NA 125 703 0 NA NA NA NA NA 502 14660 585 NA NA NA NA NA 321 5346 640 NA NA NA NA
1583017200.0 136.764 NA 67 563 0 NA NA NA NA NA 122 714 0 NA NA NA NA NA 406 14211 586 NA NA NA NA NA 267 5024 639 NA NA NA NA
1583017200.0 136.765 NA 64 560 0 NA NA NA NA NA 120 696 0 NA NA NA NA NA 480 12045 597 NA NA NA NA NA 292 4057 718 NA NA NA NA
1583017200.0 136.766 NA 64 590 0 NA NA NA NA NA 123 780 0 NA NA NA NA NA 391 14198 591 NA NA NA NA NA 298 5478 633 NA NA NA NA
1583017200.0 136.767 NA 57 549 0 NA NA NA NA NA 120 681 0 NA NA NA NA NA 432 10486 599 NA NA NA NA NA 307 3987 696 NA NA NA NA
1583017200.0 136.768 NA 62 563 0 NA NA NA NA NA 125 695 0 NA NA NA NA NA 556 13095 593 NA NA NA NA NA 311 4620 632 NA NA NA NA
1583017200.0 136.769 NA 64 557 0 NA NA NA NA NA 124 670 0 NA NA NA NA NA 496 8750 555 NA NA NA NA NA 405 2761 568 NA NA NA NA
1583017200.0 136.77 NA 59 566 0 NA NA NA NA NA 123 708 0 NA NA NA NA NA 423 9877 589 NA NA NA NA NA 321 3527 687 NA NA NA NA
1583017200.0 136.771 NA 61 548 0 NA NA NA NA NA 127 661 0 NA NA NA NA NA 540 8816 571 NA NA NA NA NA 392 2826 633 NA NA NA NA
1583017200.0 136.772 NA 67 572 0 NA NA NA NA NA 124 724 0 NA NA NA NA NA 461 10901 595 NA NA NA NA NA 323 3922 691 NA NA NA NA
1583017200.0 136.773 NA 60 587 0 NA NA NA NA NA 126 750 0 NA NA NA NA NA 452 9818 591 NA NA NA NA NA 326 3307 728 NA NA NA NA
1583017200.0 136.774 NA 65 559 0 NA NA NA NA NA 127 672 0 NA NA NA NA NA 504 9662 570 NA NA NA NA NA 361 3032 605 NA NA NA NA
1583017200.0 136.775 NA 59 552 0 NA NA NA NA NA 119 658 0 NA NA NA NA NA 421 8754 573 NA NA NA NA NA 306 2742 585 NA NA NA NA
1583017200.0 136.776 NA 60 552 0 NA NA NA NA NA 122 662 0 NA NA NA NA NA 467 8316 580 NA NA NA NA NA 306 2717 598 NA NA NA NA
1583017200.0 136.777 NA 61 588 0 NA NA NA NA NA 122 750 0 NA NA NA NA NA 403 10150 583 NA NA NA NA NA 310 3596 739 NA NA NA NA
1583017200.0 136.778 NA 61 548 0 NA NA NA NA NA 126 640 0 NA NA NA NA NA 396 6144 567 NA NA NA NA NA 270 2114 638 NA NA NA NA
1583017200.0 136.779 NA 60 556 0 NA NA NA NA NA 129 665 0 NA NA NA NA NA 617 9199 564 NA NA NA NA NA 432 2893 576 NA NA NA NA
1583017200.0 136.78 NA 198 615 0 NA NA NA NA NA 307 733 0 NA NA NA NA NA 1539 4323 885 NA NA NA NA NA 1146 1756 940 NA NA NA NA
1583017200.0 136.781 NA 214 630 0 NA NA NA NA NA 329 811 0 NA NA NA NA NA 2211 6011 843 NA NA NA NA NA 1210 2305 855 NA NA NA NA
1583017200.0 136.782 NA 212 609 0 NA NA NA NA NA 317 735 0 NA NA NA NA NA 2076 5400 865 NA NA NA NA NA 1243 2116 929 NA NA NA NA
1583017200.0 136.783 NA 215 631 0 NA NA NA NA NA 339 768 0 NA NA NA NA NA 2427 7019 864 NA NA NA NA NA 1362 3071 921 NA NA NA NA
1583017200.0 136.784 NA 206 636 0 NA NA NA NA NA 309 794 0 NA NA NA NA NA 1815 5341 855 NA NA NA NA NA 1101 1993 871 NA NA NA NA
1583017200.0 136.785 NA 213 627 0 NA NA NA NA NA 321 744 0 NA NA NA NA NA 2048 5747 865 NA NA NA NA NA 1364 2782 925 NA NA NA NA
1583017200.0 136.786 NA 205 608 0 NA NA NA NA NA 314 719 0 NA NA NA NA NA 1804 5323 876 NA NA NA NA NA 1248 2018 915 NA NA NA NA
1583017200.0 136.787 NA 203 618 0 NA NA NA NA NA 307 731 0 NA NA NA NA NA 1759 4909 874 NA NA NA NA NA 1182 1883 917 NA NA NA NA
1583017200.0 136.788 NA 213 642 0 NA NA NA NA NA 340 815 0 NA NA NA NA NA 2215 6844 869 NA NA NA NA NA 1480 2773 940 NA NA NA NA
1583017200.0 136.789 NA 191 599 0 NA NA NA NA NA 307 714 0 NA NA NA NA NA 1247 3823 853 NA NA NA NA NA 1027 1583 882 NA NA NA NA
1583017200.0 136.79 NA 209 617 0 NA NA NA NA NA 320 722 0 NA NA NA NA NA 2135 5631 861 NA NA NA NA NA 1149 2075 878 NA NA NA NA
1583017200.0 136.791 NA 196 533 0 NA NA NA NA NA 314 666 0 NA NA NA NA NA 878 1717 797 NA NA NA NA NA 915 1248 881 NA NA NA NA
1583017200.0 1360.0 61 86 558 0 NA NA NA NA 114 373 679 0 NA NA NA NA 1676 349 463 436 NA NA NA NA 1984 375 931 486 NA NA NA NA
1583017200.0 1361.0 84 97 572 0 NA NA NA NA 159 375 684 0 NA NA NA NA 3242 417 600 448 NA NA NA NA 2722 479 743 490 NA NA NA NA
1583017200.0 1361.17 69 199 665 0 NA NA NA NA 129 466 820 0 NA NA NA NA 3411 632 1054 1347 NA NA NA NA 3453 524 1302 1569 NA NA NA NA
1583017200.0 1362.0 83 97 574 0 NA NA NA NA 154 380 692 0 NA NA NA NA 3236 390 556 441 NA NA NA NA 2972 356 882 472 NA NA NA NA
1583017200.0 1362.17 65 196 660 0 NA NA NA NA 127 470 817 0 NA NA NA NA 3519 575 977 1381 NA NA NA NA 4268 691 1291 1646 NA NA NA NA
1583017200.0 1363.0 88 99 575 0 NA NA NA NA 156 373 688 0 NA NA NA NA 4240 401 623 439 NA NA NA NA 3266 380 762 500 NA NA NA NA
1583017200.0 1363.17 70 204 667 0 NA NA NA NA 130 473 825 0 NA NA NA NA 4412 657 1082 1348 NA NA NA NA 6153 1159 1524 1542 NA NA NA NA
1583017200.0 1364.0 NA 97 569 0 NA NA NA NA NA 381 677 0 NA NA NA NA NA 384 557 440 NA NA NA NA NA 587 880 516 NA NA NA NA
1583017200.0 1365.0 NA 100 569 0 NA NA NA NA NA 383 683 0 NA NA NA NA NA 425 602 448 NA NA NA NA NA 747 749 513 NA NA NA NA
1583017200.0 1366.0 NA 98 568 0 NA NA NA NA NA 378 675 0 NA NA NA NA NA 394 583 451 NA NA NA NA NA 333 685 564 NA NA NA NA
1583017200.0 139901.0 NA 99 576 0 NA NA NA NA NA 384 693 0 NA NA NA NA NA 433 602 460 NA NA NA NA NA 489 925 562 NA NA NA NA
1583017200.0 139902.0 NA 104 581 0 NA NA NA NA NA 383 689 0 NA NA NA NA NA 465 717 448 NA NA NA NA NA 420 1018 538 NA NA NA NA
1583017200.0 13992501.0 NA 202 804 0 NA NA NA NA NA 395 1002 0 NA NA NA NA NA 2257 2456 455 NA NA NA NA NA 3345 2113 492 NA NA NA NA
1583017200.0 13992502.0 NA 201 824 0 NA NA NA NA NA 391 1011 0 NA NA NA NA NA 2285 2506 465 NA NA NA NA NA 2499 2485 575 NA NA NA NA
1583017200.0 14.0 NA 111 483 0 NA NA NA NA NA 364 600 0 NA NA NA NA NA 2211 2745 349 NA NA NA NA NA 990 1091 372 NA NA NA NA
1583017200.0 140.0 71 90 326 0 NA NA NA NA 128 368 415 0 NA NA NA NA 3351 269 424 130 NA NA NA NA 3562 648 575 142 NA NA NA NA
1583017200.0 140.51 NA 37 NA NA NA NA NA NA NA 116 NA NA NA NA NA NA NA 395 NA NA NA NA NA NA NA 313 NA NA NA NA NA NA
1583017200.0 140.53 NA 433 0 NA NA NA NA NA NA 550 0 NA NA NA NA NA NA 2835 182 NA NA NA NA NA NA 1246 213 NA NA NA NA NA
1583017200.0 140.54 NA 419 0 NA NA NA NA NA NA 531 0 NA NA NA NA NA NA 797 251 NA NA NA NA NA NA 895 288 NA NA NA NA NA
1583017200.0 144.6 NA 457 NA NA NA NA NA NA NA 536 NA NA NA NA NA NA NA 1451 NA NA NA NA NA NA NA 1279 NA NA NA NA NA NA
1583017200.0 15.0 NA 94 449 0 NA NA NA NA NA 364 570 0 NA NA NA NA NA 1428 766 304 NA NA NA NA NA 653 831 340 NA NA NA NA
1583017200.0 150.0 66 105 369 0 NA NA NA NA 114 373 491 0 NA NA NA NA 2530 297 515 333 NA NA NA NA 2622 528 777 378 NA NA NA NA
1583017200.0 150.1 NA 94 367 0 NA NA NA NA NA 383 480 0 NA NA NA NA NA 247 414 324 NA NA NA NA NA 356 765 351 NA NA NA NA
1583017200.0 150.2 NA 103 362 0 NA NA NA NA NA 383 484 0 NA NA NA NA NA 447 415 319 NA NA NA NA NA 514 627 355 NA NA NA NA
1583017200.0 150.3 NA 95 359 0 NA NA NA NA NA 379 486 0 NA NA NA NA NA 512 426 324 NA NA NA NA NA 562 762 433 NA NA NA NA
1583017200.0 16.0 NA 102 460 0 NA NA NA NA NA 372 581 0 NA NA NA NA NA 1527 980 302 NA NA NA NA NA 593 789 310 NA NA NA NA
1583017200.0 17.0 NA 93 452 0 NA NA NA NA NA 364 559 0 NA NA NA NA NA 1438 826 313 NA NA NA NA NA 580 740 344 NA NA NA NA
1583017200.0 18.0 NA 81 451 0 NA NA NA NA NA 364 548 0 NA NA NA NA NA 1425 717 301 NA NA NA NA NA 700 756 339 NA NA NA NA
1583017200.0 19.0 NA 93 453 0 NA NA NA NA NA 364 578 0 NA NA NA NA NA 1410 760 306 NA NA NA NA NA 561 661 345 NA NA NA NA
1583017200.0 2.0 88 88 147 NA NA NA NA NA 188 367 240 NA NA NA NA NA 3330 405 361 NA NA NA NA NA 1323 381 412 NA NA NA NA NA
1583017200.0 20.0 NA 86 456 0 NA NA NA NA NA 372 564 0 NA NA NA NA NA 1474 975 325 NA NA NA NA NA 635 769 365 NA NA NA NA
1583017200.0 200.0 NA 150 530 0 NA NA NA NA NA 376 668 0 NA NA NA NA NA 936 1190 327 NA NA NA NA NA 1601 1071 373 NA NA NA NA
1583017200.0 20034.0 86 335 705 0 NA NA NA NA 135 415 861 0 NA NA NA NA 5399 2570 1353 469 NA NA NA NA 2089 2121 1805 501 NA NA NA NA
1583017200.0 20034.1 86 337 253 0 NA NA NA NA 134 417 320 0 NA NA NA NA 5547 2600 774 139 NA NA NA NA 2316 1476 839 157 NA NA NA NA
1583017200.0 20034.2 102 343 696 0 NA NA NA NA 156 461 856 0 NA NA NA NA 5314 2595 1670 466 NA NA NA NA 2161 1853 1757 499 NA NA NA NA
1583017200.0 202.0 NA 150 540 0 NA NA NA NA NA 375 672 0 NA NA NA NA NA 725 1110 326 NA NA NA NA NA 802 927 409 NA NA NA NA
1583017200.0 203.0 NA 147 542 0 NA NA NA NA NA 375 658 0 NA NA NA NA NA 765 1072 332 NA NA NA NA NA 672 1338 411 NA NA NA NA
1583017200.0 204.0 88 143 530 0 NA NA NA NA 183 381 637 0 NA NA NA NA 2604 764 1019 319 NA NA NA NA 1117 457 648 333 NA NA NA NA
1583017200.0 20434.0 102 366 702 0 NA NA NA NA 157 448 866 0 NA NA NA NA 5556 2558 1712 471 NA NA NA NA 2236 1635 1656 500 NA NA NA NA
1583017200.0 205.0 NA 152 542 0 NA NA NA NA NA 375 653 0 NA NA NA NA NA 840 1131 322 NA NA NA NA NA 1024 1030 363 NA NA NA NA
1583017200.0 20834.0 88 332 698 0 NA NA NA NA 136 408 855 0 NA NA NA NA 5735 2451 1342 468 NA NA NA NA 2455 1724 1770 493 NA NA NA NA
1583017200.0 20834.2 104 341 698 0 NA NA NA NA 157 422 845 0 NA NA NA NA 5610 2475 1617 468 NA NA NA NA 2182 1803 1567 513 NA NA NA NA
1583017200.0 21.0 NA 84 449 0 NA NA NA NA NA 364 540 0 NA NA NA NA NA 1469 1007 322 NA NA NA NA NA 585 801 363 NA NA NA NA
1583017200.0 22.0 NA 97 460 0 NA NA NA NA NA 372 568 0 NA NA NA NA NA 1557 1217 327 NA NA NA NA NA 623 844 375 NA NA NA NA
1583017200.0 23.0 NA 117 483 0 NA NA NA NA NA 372 569 0 NA NA NA NA NA 1958 1547 354 NA NA NA NA NA 740 1036 399 NA NA NA NA
1583017200.0 24.0 NA 116 487 0 NA NA NA NA NA 372 574 0 NA NA NA NA NA 2196 2032 311 NA NA NA NA NA 990 901 318 NA NA NA NA
1583017200.0 25.0 NA 113 497 0 88 NA NA NA NA 372 602 0 128 NA NA NA NA 2324 2483 352 217 NA NA NA NA 1344 1004 407 290 NA NA NA
1583017200.0 250199.0 206 NA NA NA NA NA NA NA 411 NA NA NA NA NA NA NA 5002 NA NA NA NA NA NA NA 2239 NA NA NA NA NA NA NA
1583017200.0 250199.17 223 NA NA NA NA NA NA NA 417 NA NA NA NA NA NA NA 4902 NA NA NA NA NA NA NA 7263 NA NA NA NA NA NA NA
1583017200.0 250200.0 NA 264 660 0 NA NA NA NA NA 598 793 0 NA NA NA NA NA 9946 1537 458 NA NA NA NA NA 7787 1507 506 NA NA NA NA
1583017200.0 250200.1 84 241 211 NA NA NA NA NA 158 448 313 NA NA NA NA NA 2785 1450 816 NA NA NA NA NA 1120 832 632 NA NA NA NA NA
1583017200.0 250200.117 67 377 218 NA NA NA NA NA 127 553 344 NA NA NA NA NA 3197 1835 1027 NA NA NA NA NA 1366 1101 804 NA NA NA NA NA
1583017200.0 250200.17 NA 430 783 0 NA NA NA NA NA 753 934 0 NA NA NA NA NA 13524 3467 1426 NA NA NA NA NA 10527 2388 1795 NA NA NA NA
1583017200.0 250202.0 NA 269 669 0 NA NA NA NA NA 529 811 0 NA NA NA NA NA 9203 2363 457 NA NA NA NA NA 8087 1407 511 NA NA NA NA
1583017200.0 250202.17 NA 447 768 0 NA NA NA NA NA 771 927 0 NA NA NA NA NA 17387 3749 1446 NA NA NA NA NA 11208 3108 1858 NA NA NA NA
1583017200.0 250203.0 NA 269 665 0 NA NA NA NA NA 620 805 0 NA NA NA NA NA 9911 1978 453 NA NA NA NA NA 7836 1547 482 NA NA NA NA
1583017200.0 250203.17 NA 440 770 0 NA NA NA NA NA 772 953 0 NA NA NA NA NA 15332 3756 1372 NA NA NA NA NA 10835 2124 1639 NA NA NA NA
1583017200.0 250204.0 NA 268 667 0 NA NA NA NA NA 531 794 0 NA NA NA NA NA 8840 1831 456 NA NA NA NA NA 7815 1504 497 NA NA NA NA
1583017200.0 250204.17 NA 435 766 0 NA NA NA NA NA 748 941 0 NA NA NA NA NA 16315 3312 1357 NA NA NA NA NA 10749 1942 1543 NA NA NA NA
1583017200.0 250205.0 NA 265 660 0 NA NA NA NA NA 566 805 0 NA NA NA NA NA 10637 1912 453 NA NA NA NA NA 7575 1516 529 NA NA NA NA
1583017200.0 250205.17 NA 423 778 0 NA NA NA NA NA 740 956 0 NA NA NA NA NA 13340 3622 1466 NA NA NA NA NA 10694 2781 1762 NA NA NA NA
1583017200.0 250206.0 NA 267 659 0 NA NA NA NA NA 536 781 0 NA NA NA NA NA 11072 1783 458 NA NA NA NA NA 7674 1969 522 NA NA NA NA
1583017200.0 250206.17 NA 424 778 0 NA NA NA NA NA 776 939 0 NA NA NA NA NA 15121 3675 1500 NA NA NA NA NA 10658 2376 1908 NA NA NA NA
1583017200.0 250207.0 NA 257 649 0 NA NA NA NA NA 544 777 0 NA NA NA NA NA 10502 1497 439 NA NA NA NA NA 7395 1441 494 NA NA NA NA
1583017200.0 250207.17 NA 421 775 0 NA NA NA NA NA 739 953 0 NA NA NA NA NA 12535 3459 1378 NA NA NA NA NA 10363 2212 1609 NA NA NA NA
1583017200.0 250208.17 NA 463 801 0 NA NA NA NA NA 826 991 0 NA NA NA NA NA 19120 5466 1388 NA NA NA NA NA 12192 2560 1737 NA NA NA NA
1583017200.0 250399.0 183 NA NA NA NA NA NA NA 418 NA NA NA NA NA NA NA 924 NA NA NA NA NA NA NA 1719 NA NA NA NA NA NA NA
1583017200.0 250400.0 362 0 101 NA NA NA NA NA 531 0 157 NA NA NA NA NA 810 107 173 NA NA NA NA NA 798 147 363 NA NA NA NA NA
1583017200.0 250402.0 374 0 102 NA NA NA NA NA 542 0 158 NA NA NA NA NA 950 113 202 NA NA NA NA NA 881 147 352 NA NA NA NA NA
1583017200.0 250403.0 365 0 99 NA NA NA NA NA 523 0 156 NA NA NA NA NA 820 111 183 NA NA NA NA NA 1176 136 582 NA NA NA NA NA
1583017200.0 250405.0 359 0 100 NA NA NA NA NA 534 0 158 NA NA NA NA NA 769 110 172 NA NA NA NA NA 882 128 385 NA NA NA NA NA
1583017200.0 250406.0 335 0 94 NA NA NA NA NA 522 0 155 NA NA NA NA NA 530 106 128 NA NA NA NA NA 818 127 237 NA NA NA NA NA
1583017200.0 250407.0 313 0 96 NA NA NA NA NA 521 0 158 NA NA NA NA NA 673 92 165 NA NA NA NA NA 727 105 457 NA NA NA NA NA
1583017200.0 250408.0 374 0 102 NA NA NA NA NA 536 0 160 NA NA NA NA NA 895 113 201 NA NA NA NA NA 1255 138 493 NA NA NA NA NA
1583017200.0 250409.0 380 0 104 NA NA NA NA NA 538 0 163 NA NA NA NA NA 1248 120 259 NA NA NA NA NA 1249 147 278 NA NA NA NA NA
1583017200.0 25200.0 NA 205 801 0 NA NA NA NA NA 389 1003 0 NA NA NA NA NA 2314 2368 467 NA NA NA NA NA 2787 1986 527 NA NA NA NA
1583017200.0 25202.0 NA 197 792 0 NA NA NA NA NA 402 1045 0 NA NA NA NA NA 2266 2461 465 NA NA NA NA NA 2635 1954 536 NA NA NA NA
1583017200.0 25203.0 NA 197 774 0 NA NA NA NA NA 389 993 0 NA NA NA NA NA 2470 2356 458 NA NA NA NA NA 2581 2303 530 NA NA NA NA
1583017200.0 25204.0 NA 202 794 0 NA NA NA NA NA 398 1001 0 NA NA NA NA NA 2343 2611 470 NA NA NA NA NA 2397 2502 568 NA NA NA NA
1583017200.0 25205.0 NA 199 774 0 NA NA NA NA NA 405 984 0 NA NA NA NA NA 2229 2217 471 NA NA NA NA NA 2336 1992 569 NA NA NA NA
1583017200.0 25206.0 NA 198 747 0 NA NA NA NA NA 388 997 0 NA NA NA NA NA 2131 2245 462 NA NA NA NA NA 2920 1854 519 NA NA NA NA
1583017200.0 25207.0 NA 193 771 0 NA NA NA NA NA 396 988 0 NA NA NA NA NA 2224 2139 447 NA NA NA NA NA 2692 2275 497 NA NA NA NA
1583017200.0 25208.0 NA 198 834 0 NA NA NA NA NA 406 1030 0 NA NA NA NA NA 2234 3319 466 NA NA NA NA NA 2243 2573 512 NA NA NA NA
1583017200.0 25209.0 NA 207 791 0 NA NA NA NA NA 406 1019 0 NA NA NA NA NA 2152 2650 460 NA NA NA NA NA 2318 2429 499 NA NA NA NA
1583017200.0 25210.0 81 171 704 0 NA NA NA NA 152 388 898 0 NA NA NA NA 2722 910 1096 445 NA NA NA NA 3146 1311 1302 483 NA NA NA NA
1583017200.0 25211.0 93 200 814 0 NA NA NA NA 161 394 994 0 NA NA NA NA 3232 2287 2213 454 NA NA NA NA 2618 2628 1910 516 NA NA NA NA
1583017200.0 25211.17 69 310 766 0 NA NA NA NA 130 514 953 0 NA NA NA NA 3813 3015 3561 1399 NA NA NA NA 2655 12088 2333 1658 NA NA NA NA
1583017200.0 25212.0 83 197 822 0 NA NA NA NA 154 399 1013 0 NA NA NA NA 3198 2462 2292 447 NA NA NA NA 4228 4745 1788 478 NA NA NA NA
1583017200.0 25212.17 67 320 767 0 NA NA NA NA 130 530 923 0 NA NA NA NA 4141 3070 4332 1499 NA NA NA NA 4473 10955 2332 1907 NA NA NA NA
1583017200.0 25213.0 93 195 795 0 NA NA NA NA 161 392 1005 0 NA NA NA NA 4133 2103 2178 448 NA NA NA NA 5875 2643 1773 487 NA NA NA NA
1583017200.0 25213.17 68 310 767 0 NA NA NA NA 130 515 919 0 NA NA NA NA 4362 3221 3716 1410 NA NA NA NA 4472 13664 2095 1842 NA NA NA NA
1583017200.0 25214.0 NA 202 830 0 NA NA NA NA NA 388 1027 0 NA NA NA NA NA 2219 2550 457 NA NA NA NA NA 2305 2282 512 NA NA NA NA
1583017200.0 25400.0 448 0 100 NA NA NA NA NA 619 0 159 NA NA NA NA NA 3586 124 167 NA NA NA NA NA 1936 174 186 NA NA NA NA NA
1583017200.0 25402.0 462 0 104 NA NA NA NA NA 626 0 159 NA NA NA NA NA 4936 131 226 NA NA NA NA NA 2248 181 501 NA NA NA NA NA
1583017200.0 25403.0 446 0 100 NA NA NA NA NA 609 0 155 NA NA NA NA NA 3250 123 168 NA NA NA NA NA 2032 147 252 NA NA NA NA NA
1583017200.0 25405.0 457 0 98 NA NA NA NA NA 625 0 156 NA NA NA NA NA 3751 124 176 NA NA NA NA NA 2123 139 232 NA NA NA NA NA
1583017200.0 25406.0 361 0 94 NA NA NA NA NA 531 0 152 NA NA NA NA NA 1029 120 119 NA NA NA NA NA 1111 150 414 NA NA NA NA NA
1583017200.0 25407.0 397 0 100 NA NA NA NA NA 546 0 161 NA NA NA NA NA 3295 119 162 NA NA NA NA NA 2209 161 241 NA NA NA NA NA
1583017200.0 25408.0 465 0 104 NA NA NA NA NA 648 0 159 NA NA NA NA NA 5784 133 267 NA NA NA NA NA 2613 157 309 NA NA NA NA NA
1583017200.0 25409.0 449 0 99 NA NA NA NA NA 610 0 158 NA NA NA NA NA 3880 127 183 NA NA NA NA NA 2013 155 522 NA NA NA NA NA
1583017200.0 26.0 NA 113 484 0 NA NA NA NA NA 372 598 0 NA NA NA NA NA 1822 1319 330 NA NA NA NA NA 739 959 341 NA NA NA NA
1583017200.0 27.0 NA 116 475 0 NA NA NA NA NA 365 567 0 NA NA NA NA NA 1824 1254 338 NA NA NA NA NA 991 1085 383 NA NA NA NA
1583017200.0 28.0 NA 113 479 0 NA NA NA NA NA 365 571 0 NA NA NA NA NA 2100 1843 332 NA NA NA NA NA 826 886 342 NA NA NA NA
1583017200.0 280.0 89 87 454 0 NA NA NA NA 255 368 554 0 NA NA NA NA 3388 359 483 306 NA NA NA NA 1488 208 525 315 NA NA NA NA
1583017200.0 281.0 102 98 560 0 NA NA NA NA 271 376 686 0 NA NA NA NA 2396 386 556 425 NA NA NA NA 1068 221 801 431 NA NA NA NA
1583017200.0 29.0 NA 113 492 0 NA NA NA NA NA 372 598 0 NA NA NA NA NA 1907 1370 336 NA NA NA NA NA 786 734 397 NA NA NA NA
1583017200.0 3.0 83 86 155 NA NA NA NA NA 173 367 232 NA NA NA NA NA 5762 326 387 NA NA NA NA NA 2066 209 313 NA NA NA NA NA
1583017200.0 30.0 NA 114 475 0 NA NA NA NA NA 365 582 0 NA NA NA NA NA 1947 1517 354 NA NA NA NA NA 729 762 394 NA NA NA NA
1583017200.0 300.0 61 126 384 0 NA NA NA NA 126 398 534 0 NA NA NA NA 1070 542 507 322 NA NA NA NA 761 484 729 348 NA NA NA NA
1583017200.0 301.0 62 124 387 NA NA NA NA NA 127 389 519 NA NA NA NA NA 1027 506 508 NA NA NA NA NA 733 408 1188 NA NA NA NA NA
1583017200.0 302.0 61 122 388 NA NA NA NA NA 126 337 507 NA NA NA NA NA 790 304 548 NA NA NA NA NA 634 478 730 NA NA NA NA NA
1583017200.0 31.0 NA 113 476 0 NA NA NA NA NA 372 574 0 NA NA NA NA NA 1901 1308 334 NA NA NA NA NA 836 708 385 NA NA NA NA
1583017200.0 32.0 NA 111 479 0 NA NA NA NA NA 372 579 0 NA NA NA NA NA 1969 1539 331 NA NA NA NA NA 856 754 340 NA NA NA NA
1583017200.0 33.0 NA 112 477 0 NA NA NA NA NA 372 577 0 NA NA NA NA NA 1797 1173 324 NA NA NA NA NA 735 729 338 NA NA NA NA
1583017200.0 34.0 85 88 457 0 NA NA NA NA 184 361 568 0 NA NA NA NA 2530 373 499 315 NA NA NA NA 874 232 523 329 NA NA NA NA
1583017200.0 35.0 NA 120 490 0 NA NA NA NA NA 372 579 0 NA NA NA NA NA 1998 1595 351 NA NA NA NA NA 782 835 405 NA NA NA NA
1583017200.0 36.0 NA 109 485 0 NA NA NA NA NA 364 586 0 NA NA NA NA NA 2147 6222 339 NA NA NA NA NA 1057 1947 347 NA NA NA NA
1583017200.0 37.0 NA 112 480 0 NA NA NA NA NA 364 578 0 NA NA NA NA NA 2213 2264 350 NA NA NA NA NA 874 1080 408 NA NA NA NA
1583017200.0 38.0 NA 113 484 0 NA NA NA NA NA 365 574 0 NA NA NA NA NA 2136 2076 333 NA NA NA NA NA 1067 923 342 NA NA NA NA
1583017200.0 39.0 NA 122 489 0 NA NA NA NA NA 365 579 0 NA NA NA NA NA 2505 3863 347 NA NA NA NA NA 1007 1667 363 NA NA NA NA
1583017200.0 4.17 NA 27 463 0 149 NA NA NA NA 75 549 0 244 NA NA NA NA 144 1811 416 778 NA NA NA NA 152 1269 569 598 NA NA NA
1583017200.0 4.22 NA 190 65 59 0 NA NA NA NA 276 116 122 0 NA NA NA NA 677 84 231 112 NA NA NA NA 635 170 225 136 NA NA NA
1583017200.0 4.23 NA 62 466 0 NA NA NA NA NA 111 550 0 NA NA NA NA NA 222 1731 535 NA NA NA NA NA 281 1408 636 NA NA NA NA
1583017200.0 4.24 NA 55 466 0 NA NA NA NA NA 101 546 0 NA NA NA NA NA 210 1803 492 NA NA NA NA NA 173 1398 575 NA NA NA NA
1583017200.0 4.25 NA 51 465 0 NA NA NA NA NA 101 559 0 NA NA NA NA NA 216 1782 496 NA NA NA NA NA 207 1533 563 NA NA NA NA
1583017200.0 4.26 NA 50 471 0 NA NA NA NA NA 98 560 0 NA NA NA NA NA 184 2147 496 NA NA NA NA NA 197 1699 542 NA NA NA NA
1583017200.0 4.27 NA 57 474 0 NA NA NA NA NA 104 571 0 NA NA NA NA NA 198 2454 460 NA NA NA NA NA 191 1571 517 NA NA NA NA
1583017200.0 4.28 NA 66 460 0 NA NA NA NA NA 111 545 0 NA NA NA NA NA 127 1478 849 NA NA NA NA NA 197 1312 948 NA NA NA NA
1583017200.0 4.29 NA 31 466 0 157 NA NA NA NA 79 552 0 253 NA NA NA NA 207 2022 455 837 NA NA NA NA 169 1167 616 659 NA NA NA
1583017200.0 4.34 NA 59 475 0 NA NA NA NA NA 112 556 0 NA NA NA NA NA 239 2215 500 NA NA NA NA NA 247 1353 618 NA NA NA NA
1583017200.0 4.36 NA 54 474 0 NA NA NA NA NA 104 569 0 NA NA NA NA NA 219 2459 464 NA NA NA NA NA 189 1610 632 NA NA NA NA
1583017200.0 4.37 NA 55 479 0 NA NA NA NA NA 100 574 0 NA NA NA NA NA 190 2831 455 NA NA NA NA NA 179 1155 533 NA NA NA NA
1583017200.0 4.4 NA 29 484 0 NA NA NA NA NA 82 577 0 NA NA NA NA NA 200 2751 452 NA NA NA NA NA 157 1429 666 NA NA NA NA
1583017200.0 4.41 NA 27 479 0 NA NA NA NA NA 78 565 0 NA NA NA NA NA 170 3748 451 NA NA NA NA NA 176 1516 595 NA NA NA NA
1583017200.0 4.42 NA 27 490 0 NA NA NA NA NA 80 584 0 NA NA NA NA NA 172 4524 450 NA NA NA NA NA 155 1761 505 NA NA NA NA
1583017200.0 4.43 NA 29 473 0 NA NA NA NA NA 82 562 0 NA NA NA NA NA 167 2477 446 NA NA NA NA NA 159 1740 557 NA NA NA NA
1583017200.0 4.44 NA 26 476 0 NA NA NA NA NA 77 561 0 NA NA NA NA NA 159 3303 438 NA NA NA NA NA 228 1596 448 NA NA NA NA
1583017200.0 4.45 NA 28 489 0 NA NA NA NA NA 80 580 0 NA NA NA NA NA 170 4763 454 NA NA NA NA NA 153 1664 559 NA NA NA NA
1583017200.0 4.51 NA 26 490 0 NA NA NA NA NA 78 578 0 NA NA NA NA NA 178 4053 450 NA NA NA NA NA 255 1548 519 NA NA NA NA
1583017200.0 4.52 NA 25 489 0 NA NA NA NA NA 78 585 0 NA NA NA NA NA 181 5272 448 NA NA NA NA NA 149 1851 457 NA NA NA NA
1583017200.0 4.53 NA 32 486 0 NA NA NA NA NA 80 576 0 NA NA NA NA NA 202 4938 480 NA NA NA NA NA 180 1831 549 NA NA NA NA
1583017200.0 4.54 NA 35 490 0 NA NA NA NA NA 79 586 0 NA NA NA NA NA 195 4885 445 NA NA NA NA NA 181 1756 599 NA NA NA NA
1583017200.0 4.55 NA 31 488 0 NA NA NA NA NA 80 589 0 NA NA NA NA NA 218 5850 446 NA NA NA NA NA 264 2002 523 NA NA NA NA
1583017200.0 4.57 NA 50 501 0 NA NA NA NA NA 97 597 0 NA NA NA NA NA 191 5885 467 NA NA NA NA NA 191 1999 480 NA NA NA NA
1583017200.0 4.58 NA 42 479 0 NA NA NA NA NA 95 575 0 NA NA NA NA NA 200 3343 445 NA NA NA NA NA 156 1322 454 NA NA NA NA
1583017200.0 4.6 NA 487 0 NA NA NA NA NA NA 571 0 NA NA NA NA NA NA 1446 290 NA NA NA NA NA NA 1126 328 NA NA NA NA NA
1583017200.0 4.61 NA 31 493 0 NA NA NA NA NA 81 586 0 NA NA NA NA NA 199 4833 446 NA NA NA NA NA 246 1746 537 NA NA NA NA
1583017200.0 4.62 NA 26 489 0 NA NA NA NA NA 78 577 0 NA NA NA NA NA 193 4837 451 NA NA NA NA NA 161 1898 501 NA NA NA NA
1583017200.0 4.63 NA 26 490 0 NA NA NA NA NA 79 579 0 NA NA NA NA NA 211 5444 438 NA NA NA NA NA 207 2000 452 NA NA NA NA
1583017200.0 4.64 NA 30 492 0 NA NA NA NA NA 79 591 0 NA NA NA NA NA 189 5138 436 NA NA NA NA NA 200 1841 465 NA NA NA NA
1583017200.0 4.65 NA 36 499 0 NA NA NA NA NA 80 601 0 NA NA NA NA NA 188 7480 443 NA NA NA NA NA 151 2415 458 NA NA NA NA
1583017200.0 4.67 NA 55 506 0 NA NA NA NA NA 98 605 0 NA NA NA NA NA 203 6079 453 NA NA NA NA NA 272 2488 594 NA NA NA NA
1583017200.0 4.68 NA 41 493 0 NA NA NA NA NA 92 574 0 NA NA NA NA NA 185 4619 448 NA NA NA NA NA 143 1746 461 NA NA NA NA
1583017200.0 4.71 NA 26 482 0 NA NA NA NA NA 78 575 0 NA NA NA NA NA 187 3543 415 NA NA NA NA NA 183 1694 427 NA NA NA NA
1583017200.0 4.72 NA 27 489 0 NA NA NA NA NA 79 573 0 NA NA NA NA NA 202 4280 439 NA NA NA NA NA 147 1559 539 NA NA NA NA
1583017200.0 4.73 NA 31 494 0 NA NA NA NA NA 82 582 0 NA NA NA NA NA 169 5136 428 NA NA NA NA NA 178 1772 442 NA NA NA NA
1583017200.0 4.74 NA 26 484 0 NA NA NA NA NA 77 574 0 NA NA NA NA NA 194 4306 436 NA NA NA NA NA 178 1609 548 NA NA NA NA
1583017200.0 4.75 NA 28 493 0 NA NA NA NA NA 81 581 0 NA NA NA NA NA 254 5100 430 NA NA NA NA NA 217 1772 449 NA NA NA NA
1583017200.0 4.76 NA 54 498 0 NA NA NA NA NA 102 591 0 NA NA NA NA NA 190 5830 444 NA NA NA NA NA 195 2284 488 NA NA NA NA
1583017200.0 4.77 NA 57 507 0 NA NA NA NA NA 101 598 0 NA NA NA NA NA 180 6780 447 NA NA NA NA NA 198 2393 517 NA NA NA NA
1583017200.0 4.78 NA 43 494 0 NA NA NA NA NA 99 599 0 NA NA NA NA NA 186 5528 428 NA NA NA NA NA 172 1892 443 NA NA NA NA
1583017200.0 4000.0 NA 112 487 NA NA NA NA NA NA 365 585 NA NA NA NA NA NA 2315 2558 NA NA NA NA NA NA 1165 1367 NA NA NA NA NA
1583017200.0 4001.0 NA 154 539 NA NA NA NA NA NA 375 657 NA NA NA NA NA NA 733 1247 NA NA NA NA NA NA 649 1144 NA NA NA NA NA
1583017200.0 4002.0 NA 112 475 NA NA NA NA NA NA 365 574 NA NA NA NA NA NA 1890 1324 NA NA NA NA NA NA 832 918 NA NA NA NA NA
1583017200.0 4003.0 NA 113 477 NA NA NA NA NA NA 372 580 NA NA NA NA NA NA 1930 1526 NA NA NA NA NA NA 803 977 NA NA NA NA NA
1583017200.0 4006.0 61 139 525 NA NA NA NA NA 139 373 648 NA NA NA NA NA 1115 725 970 NA NA NA NA NA 753 592 939 NA NA NA NA NA
1583017200.0 4007.0 57 96 465 NA NA NA NA NA 117 381 581 NA NA NA NA NA 1192 416 499 NA NA NA NA NA 959 320 626 NA NA NA NA NA
1583017200.0 4008.0 43 0 0 NA NA NA NA NA 89 0 0 NA NA NA NA NA 551 109 270 NA NA NA NA NA 446 87 718 NA NA NA NA NA
1583017200.0 43.0 NA 119 476 0 NA NA NA NA NA 371 572 0 NA NA NA NA NA 1924 1818 358 NA NA NA NA NA 713 832 413 NA NA NA NA
1583017200.0 44.0 NA 110 473 0 NA NA NA NA NA 365 572 0 NA NA NA NA NA 1878 1577 338 NA NA NA NA NA 1047 927 371 NA NA NA NA
1583017200.0 45.0 NA 113 478 0 NA NA NA NA NA 365 580 0 NA NA NA NA NA 1946 1606 347 NA NA NA NA NA 759 928 398 NA NA NA NA
1583017200.0 5.1 325 0 NA NA NA NA NA NA 498 0 NA NA NA NA NA NA 628 120 NA NA NA NA NA NA 662 136 NA NA NA NA NA NA
1583017200.0 5.2 270 0 NA NA NA NA NA NA 493 0 NA NA NA NA NA NA 447 105 NA NA NA NA NA NA 582 119 NA NA NA NA NA NA
1583017200.0 5.3 272 0 NA NA NA NA NA NA 494 0 NA NA NA NA NA NA 450 107 NA NA NA NA NA NA 472 128 NA NA NA NA NA NA
1583017200.0 5.4 316 0 NA NA NA NA NA NA 494 0 NA NA NA NA NA NA 568 116 NA NA NA NA NA NA 623 143 NA NA NA NA NA NA
1583017200.0 5.5 319 0 NA NA NA NA NA NA 506 0 NA NA NA NA NA NA 563 114 NA NA NA NA NA NA 582 131 NA NA NA NA NA NA
1583017200.0 5.6 322 0 NA NA NA NA NA NA 503 0 NA NA NA NA NA NA 627 117 NA NA NA NA NA NA 704 136 NA NA NA NA NA NA
1583017200.0 5.7 318 0 NA NA NA NA NA NA 498 0 NA NA NA NA NA NA 569 116 NA NA NA NA NA NA 640 130 NA NA NA NA NA NA
1583017200.0 500199.0 158 NA NA NA NA NA NA NA 396 NA NA NA NA NA NA NA 3623 NA NA NA NA NA NA NA 2224 NA NA NA NA NA NA NA
1583017200.0 500200.0 NA 187 539 0 NA NA NA NA NA 403 639 0 NA NA NA NA NA 5226 1292 338 NA NA NA NA NA 4033 999 409 NA NA NA NA
1583017200.0 500200.1 83 165 194 NA NA NA NA NA 158 394 305 NA NA NA NA NA 2717 877 759 NA NA NA NA NA 912 661 552 NA NA NA NA NA
1583017200.0 500202.0 NA 190 564 0 NA NA NA NA NA 390 670 0 NA NA NA NA NA 5630 1693 342 NA NA NA NA NA 4237 1436 459 NA NA NA NA
1583017200.0 500203.0 NA 184 546 0 NA NA NA NA NA 419 656 0 NA NA NA NA NA 5798 1421 335 NA NA NA NA NA 4115 1152 451 NA NA NA NA
1583017200.0 500204.0 NA 186 544 0 NA NA NA NA NA 412 649 0 NA NA NA NA NA 5323 1466 334 NA NA NA NA NA 3971 1487 491 NA NA NA NA
1583017200.0 500205.0 NA 188 574 0 NA NA NA NA NA 406 675 0 NA NA NA NA NA 5252 1594 338 NA NA NA NA NA 3973 1214 459 NA NA NA NA
1583017200.0 500206.0 NA 187 557 0 NA NA NA NA NA 419 672 0 NA NA NA NA NA 6381 1541 341 NA NA NA NA NA 3812 1408 437 NA NA NA NA
1583017200.0 500207.0 NA 176 540 0 NA NA NA NA NA 402 639 0 NA NA NA NA NA 5336 1343 327 NA NA NA NA NA 3885 1048 467 NA NA NA NA
1583017200.0 50200.0 NA 146 617 0 NA NA NA NA NA 376 753 0 NA NA NA NA NA 1251 1469 335 NA NA NA NA NA 1756 1289 367 NA NA NA NA
1583017200.0 50202.0 NA 150 627 0 NA NA NA NA NA 376 775 0 NA NA NA NA NA 1332 1967 341 NA NA NA NA NA 1465 2036 368 NA NA NA NA
1583017200.0 50203.0 NA 152 659 0 NA NA NA NA NA 384 800 0 NA NA NA NA NA 1405 1980 338 NA NA NA NA NA 1419 1441 365 NA NA NA NA
1583017200.0 50204.0 NA 153 617 0 NA NA NA NA NA 376 773 0 NA NA NA NA NA 1356 1716 339 NA NA NA NA NA 1714 2010 422 NA NA NA NA
1583017200.0 50205.0 NA 145 620 0 NA NA NA NA NA 384 773 0 NA NA NA NA NA 1341 1688 333 NA NA NA NA NA 1344 1359 373 NA NA NA NA
1583017200.0 50206.0 NA 145 611 0 NA NA NA NA NA 377 769 0 NA NA NA NA NA 1345 1843 346 NA NA NA NA NA 1640 1348 449 NA NA NA NA
1583017200.0 50207.0 NA 145 598 0 NA NA NA NA NA 376 767 0 NA NA NA NA NA 1337 1535 332 NA NA NA NA NA 1348 1858 355 NA NA NA NA
1583017200.0 50208.0 NA 154 642 0 NA NA NA NA NA 377 801 0 NA NA NA NA NA 1466 2564 347 NA NA NA NA NA 1308 1630 419 NA NA NA NA
1583017200.0 503.0 36 0 NA NA NA NA NA NA 77 0 NA NA NA NA NA NA 66 7 NA NA NA NA NA NA 75 13 NA NA NA NA NA NA
1583017200.0 504.0 39 0 NA NA NA NA NA NA 78 0 NA NA NA NA NA NA 58 8 NA NA NA NA NA NA 76 16 NA NA NA NA NA NA
1583017200.0 505.0 35 0 NA NA NA NA NA NA 77 0 NA NA NA NA NA NA 49 7 NA NA NA NA NA NA 48 15 NA NA NA NA NA NA
1583017200.0 506.0 36 0 NA NA NA NA NA NA 77 0 NA NA NA NA NA NA 42 8 NA NA NA NA NA NA 49 16 NA NA NA NA NA NA
1583017200.0 507.0 34 0 NA NA NA NA NA NA 76 0 NA NA NA NA NA NA 57 7 NA NA NA NA NA NA 76 13 NA NA NA NA NA NA
1583017200.0 508.0 34 0 NA NA NA NA NA NA 76 0 NA NA NA NA NA NA 29 7 NA NA NA NA NA NA 46 10 NA NA NA NA NA NA
1583017200.0 509.0 34 0 NA NA NA NA NA NA 75 0 NA NA NA NA NA NA 21 7 NA NA NA NA NA NA 41 19 NA NA NA NA NA NA
1583017200.0 510.0 34 0 NA NA NA NA NA NA 77 0 NA NA NA NA NA NA 113 7 NA NA NA NA NA NA 122 11 NA NA NA NA NA NA
1583017200.0 512.0 0 NA NA NA NA NA NA NA 0 NA NA NA NA NA NA NA 3118 NA NA NA NA NA NA NA 7760 NA NA NA NA NA NA NA
1583017200.0 513.0 0 NA NA NA NA NA NA NA 0 NA NA NA NA NA NA NA 550 NA NA NA NA NA NA NA 998 NA NA NA NA NA NA NA
1583017200.0 514.0 15 36 0 NA NA NA NA NA 57 83 0 NA NA NA NA NA 325 42 8 NA NA NA NA NA 1434 60 14 NA NA NA NA NA
1583017200.0 515.0 0 NA NA NA NA NA NA NA 0 NA NA NA NA NA NA NA 2512 NA NA NA NA NA NA NA 4827 NA NA NA NA NA NA NA
1583017200.0 516.0 0 NA NA NA NA NA NA NA 0 NA NA NA NA NA NA NA 546 NA NA NA NA NA NA NA 962 NA NA NA NA NA NA NA
1583017200.0 517.0 15 43 0 NA NA NA NA NA 57 84 0 NA NA NA NA NA 1297 57 8 NA NA NA NA NA 2508 67 13 NA NA NA NA NA
1583017200.0 518.0 0 NA NA NA NA NA NA NA 0 NA NA NA NA NA NA NA 2495 NA NA NA NA NA NA NA 4888 NA NA NA NA NA NA NA
1583017200.0 519.0 0 NA NA NA NA NA NA NA 0 NA NA NA NA NA NA NA 571 NA NA NA NA NA NA NA 987 NA NA NA NA NA NA NA
1583017200.0 520.0 15 41 0 NA NA NA NA NA 57 84 0 NA NA NA NA NA 1299 49 7 NA NA NA NA NA 2169 65 16 NA NA NA NA NA
1583017200.0 521.0 0 NA NA NA NA NA NA NA 0 NA NA NA NA NA NA NA 571 NA NA NA NA NA NA NA 1037 NA NA NA NA NA NA NA
1583017200.0 522.0 0 NA NA NA NA NA NA NA 0 NA NA NA NA NA NA NA 2492 NA NA NA NA NA NA NA 4612 NA NA NA NA NA NA NA
1583017200.0 523.0 15 53 0 NA NA NA NA NA 57 96 0 NA NA NA NA NA 853 86 7 NA NA NA NA NA 666 87 13 NA NA NA NA NA
1583017200.0 524.0 15 41 0 NA NA NA NA NA 57 84 0 NA NA NA NA NA 1296 56 7 NA NA NA NA NA 2728 71 23 NA NA NA NA NA
1583017200.0 525.0 0 NA NA NA NA NA NA NA 0 NA NA NA NA NA NA NA 551 NA NA NA NA NA NA NA 949 NA NA NA NA NA NA NA
1583017200.0 526.0 0 NA NA NA NA NA NA NA 0 NA NA NA NA NA NA NA 3129 NA NA NA NA NA NA NA 8176 NA NA NA NA NA NA NA
1583017200.0 527.0 15 40 0 NA NA NA NA NA 57 84 0 NA NA NA NA NA 1304 48 7 NA NA NA NA NA 2837 50 12 NA NA NA NA NA
1583017200.0 528.0 0 NA NA NA NA NA NA NA 0 NA NA NA NA NA NA NA 541 NA NA NA NA NA NA NA 994 NA NA NA NA NA NA NA
1583017200.0 529.0 0 NA NA NA NA NA NA NA 0 NA NA NA NA NA NA NA 3078 NA NA NA NA NA NA NA 9400 NA NA NA NA NA NA NA
1583017200.0 530.0 15 36 0 NA NA NA NA NA 57 84 0 NA NA NA NA NA 1293 58 8 NA NA NA NA NA 2316 67 19 NA NA NA NA NA
1583017200.0 531.0 45 0 NA NA NA NA NA NA 188 0 NA NA NA NA NA NA 38 8 NA NA NA NA NA NA 70 25 NA NA NA NA NA NA
1583017200.0 534.0 40 0 NA NA NA NA NA NA 94 0 NA NA NA NA NA NA 59 7 NA NA NA NA NA NA 144 15 NA NA NA NA NA NA
1583017200.0 541.0 48 0 NA NA NA NA NA NA 88 0 NA NA NA NA NA NA 44 7 NA NA NA NA NA NA 75 10 NA NA NA NA NA NA
1583017200.0 545.0 50 0 NA NA NA NA NA NA 87 0 NA NA NA NA NA NA 37 8 NA NA NA NA NA NA 74 16 NA NA NA NA NA NA
1583017200.0 551.0 15 40 0 NA NA NA NA NA 57 83 0 NA NA NA NA NA 852 46 7 NA NA NA NA NA 629 59 10 NA NA NA NA NA
1583017200.0 552.0 15 36 0 NA NA NA NA NA 57 84 0 NA NA NA NA NA 1300 44 7 NA NA NA NA NA 2787 67 16 NA NA NA NA NA
1583017200.0 554.0 15 37 0 NA NA NA NA NA 57 84 0 NA NA NA NA NA 2273 44 7 NA NA NA NA NA 3734 48 10 NA NA NA NA NA
1583017200.0 555.0 16 39 0 NA NA NA NA NA 57 82 0 NA NA NA NA NA 902 29 7 NA NA NA NA NA 1233 35 13 NA NA NA NA NA
1583017200.0 556.0 15 36 0 NA NA NA NA NA 57 84 0 NA NA NA NA NA 343 52 8 NA NA NA NA NA 1353 57 16 NA NA NA NA NA
1583017200.0 560.0 40 0 NA NA NA NA NA NA 77 0 NA NA NA NA NA NA 47 7 NA NA NA NA NA NA 70 11 NA NA NA NA NA NA
1583017200.0 561.0 39 0 NA NA NA NA NA NA 77 0 NA NA NA NA NA NA 48 7 NA NA NA NA NA NA 53 11 NA NA NA NA NA NA
1583017200.0 562.0 16 37 0 NA NA NA NA NA 57 84 0 NA NA NA NA NA 198 58 7 NA NA NA NA NA 878 96 12 NA NA NA NA NA
1583017200.0 6.0 NA 83 453 0 NA NA NA NA NA 372 557 0 NA NA NA NA NA 1414 688 303 NA NA NA NA NA 577 662 335 NA NA NA NA
1583017200.0 7.0 56 81 172 54 0 NA NA NA 113 366 249 103 0 NA NA NA 661 298 283 58 102 NA NA NA 518 297 433 227 121 NA NA NA
1583017200.0 7.1 54 82 172 54 0 NA NA NA 107 366 248 103 0 NA NA NA 1217 321 310 61 99 NA NA NA 1225 434 392 147 123 NA NA NA
1583017200.0 7.2 58 176 243 54 0 NA NA NA 114 473 346 97 0 NA NA NA 823 421 588 39 332 NA NA NA 571 619 799 53 427 NA NA NA
1583017200.0 7.3 55 172 243 62 0 NA NA NA 108 472 351 110 0 NA NA NA 1234 528 636 95 332 NA NA NA 1013 708 754 259 409 NA NA NA
1583017200.0 7.4 57 171 245 61 0 NA NA NA 114 476 373 109 0 NA NA NA 786 436 600 327 336 NA NA NA 504 604 742 394 390 NA NA NA
1583017200.0 8.0 NA 86 175 42 0 NA NA NA NA 370 254 87 0 NA NA NA NA 1442 393 11 98 NA NA NA NA 674 620 25 105 NA NA NA
1583017200.0 9.0 NA 113 480 0 NA NA NA NA NA 372 571 0 NA NA NA NA NA 2159 2275 350 NA NA NA NA NA 1044 1261 364 NA NA NA NA
