Timestamp WorkflowId PeakValueRss1 PeakValueRss2 PeakValueRss3 PeakValueRss4 PeakValueRss5 PeakValueRss6 PeakValueRss7 PeakValueRss8 PeakValueRss9 PeakValueVsize1 PeakValueVsize2 PeakValueVsize3 PeakValueVsize4 PeakValueVsize5 PeakValueVsize6 PeakValueVsize7 PeakValueVsize8 PeakValueVsize9 TotalJobCPU1 TotalJobCPU2 TotalJobCPU3 TotalJobCPU4 TotalJobCPU5 TotalJobCPU6 TotalJobCPU7 TotalJobCPU8 TotalJobCPU9 TotalJobTime1 TotalJobTime2 TotalJobTime3 TotalJobTime4 TotalJobTime5 TotalJobTime6 TotalJobTime7 TotalJobTime8 TotalJobTime9 
1782810000.0 1.0 133 173 261 NA NA NA NA NA NA 230 264 429 NA NA NA NA NA NA 715 206 517 NA NA NA NA NA NA 543 285 683 NA NA NA NA NA NA 
1782810000.0 10.0 NA 210 405 0 NA NA NA NA NA NA 328 560 0 NA NA NA NA NA NA 848 1550 215 NA NA NA NA NA NA 437 947 249 NA NA NA NA NA 
1782810000.0 1000.0 NA 354 176 0 104 NA NA NA NA NA 516 288 0 170 NA NA NA NA NA 1131 254 135 189 NA NA NA NA NA 889 286 154 193 NA NA NA NA 
1782810000.0 10001.0 NA 308 512 0 156 184 NA NA NA NA 401 710 0 231 284 NA NA NA NA 253 961 192 277 261 NA NA NA NA 213 1072 215 316 354 NA NA NA 
1782810000.0 10002.0 NA 308 516 0 156 185 NA NA NA NA 415 696 0 224 294 NA NA NA NA 260 969 180 253 262 NA NA NA NA 248 911 222 281 349 NA NA NA 
1782810000.0 10003.0 NA 301 521 0 156 186 NA NA NA NA 405 712 0 231 286 NA NA NA NA 276 1083 204 232 288 NA NA NA NA 318 1125 229 260 356 NA NA NA 
1782810000.0 10004.0 NA 307 517 0 155 190 NA NA NA NA 419 700 0 231 278 NA NA NA NA 245 928 202 241 259 NA NA NA NA 229 956 224 271 318 NA NA NA 
1782810000.0 10005.0 NA 307 521 0 155 191 NA NA NA NA 396 715 0 232 287 NA NA NA NA 244 996 207 292 249 NA NA NA NA 230 963 227 326 354 NA NA NA 
1782810000.0 10006.0 NA 307 500 0 154 189 NA NA NA NA 406 675 0 227 279 NA NA NA NA 245 947 180 279 250 NA NA NA NA 233 1076 227 315 347 NA NA NA 
1782810000.0 10007.0 NA 310 513 0 184 192 NA NA NA NA 403 682 0 289 296 NA NA NA NA 277 1058 225 291 267 NA NA NA NA 247 1146 249 335 315 NA NA NA 
1782810000.0 10008.0 NA 309 518 0 184 193 NA NA NA NA 413 708 0 281 294 NA NA NA NA 242 1096 240 260 270 NA NA NA NA 295 1178 262 365 370 NA NA NA 
1782810000.0 10009.0 NA 308 507 0 181 192 NA NA NA NA 412 694 0 291 289 NA NA NA NA 279 1067 192 311 244 NA NA NA NA 255 1030 212 361 337 NA NA NA 
1782810000.0 1001.0 NA 340 186 0 0 0 0 0 0 NA 468 270 0 0 0 0 0 0 NA 1200 321 43 30 42 96 59 97 NA 1022 353 59 39 59 110 83 110 
1782810000.0 1001.2 NA 561 237 0 0 0 0 NA NA NA 764 356 0 0 0 0 NA NA NA 4721 422 55 65 48 79 NA NA NA 1935 341 94 126 60 95 NA NA 
1782810000.0 1001.3 NA 538 215 0 NA NA NA NA NA NA 716 317 0 NA NA NA NA NA NA 4106 367 151 NA NA NA NA NA NA 1717 382 214 NA NA NA NA NA 
1782810000.0 1001.4 NA 501 187 0 0 0 NA NA NA NA 743 286 0 0 0 NA NA NA NA 5116 266 55 64 62 NA NA NA NA 2260 310 101 88 84 NA NA NA 
1782810000.0 1002.0 NA 379 119 NA NA NA NA NA NA NA 511 174 NA NA NA NA NA NA NA 1599 125 NA NA NA NA NA NA NA 1330 107 NA NA NA NA NA NA 
1782810000.0 1002.3 NA 523 233 0 NA NA NA NA NA NA 723 346 0 NA NA NA NA NA NA 3816 416 153 NA NA NA NA NA NA 1812 371 213 NA NA NA NA NA 
1782810000.0 1002.4 NA 539 0 NA NA NA NA NA NA NA 749 0 NA NA NA NA NA NA NA 5570 235 NA NA NA NA NA NA NA 2147 269 NA NA NA NA NA NA 
1782810000.0 1002.5 NA 145 138 0 0 NA NA NA NA NA 232 213 0 0 NA NA NA NA NA 224 176 163 47 NA NA NA NA NA 400 217 196 63 NA NA NA NA 
1782810000.0 10023.0 NA 311 505 0 154 182 NA NA NA NA 407 669 0 232 280 NA NA NA NA 265 951 182 254 264 NA NA NA NA 248 1049 218 283 359 NA NA NA 
1782810000.0 10024.0 NA 318 526 0 187 192 NA NA NA NA 425 705 0 292 282 NA NA NA NA 282 1115 221 233 288 NA NA NA NA 229 1106 269 265 366 NA NA NA 
1782810000.0 10024.1 NA 304 268 0 NA NA NA NA NA NA 429 475 0 NA NA NA NA NA NA 214 350 190 NA NA NA NA NA NA 235 498 223 NA NA NA NA NA 
1782810000.0 10024.2 NA 302 507 0 NA NA NA NA NA NA 420 692 0 NA NA NA NA NA NA 263 1039 228 NA NA NA NA NA NA 301 1168 258 NA NA NA NA NA 
1782810000.0 10024.3 NA 304 249 0 NA NA NA NA NA NA 425 448 0 NA NA NA NA NA NA 219 323 156 NA NA NA NA NA NA 259 504 191 NA NA NA NA NA 
1782810000.0 10024.4 NA 304 504 0 NA NA NA NA NA NA 417 711 0 NA NA NA NA NA NA 263 991 221 NA NA NA NA NA NA 305 1075 250 NA NA NA NA NA 
1782810000.0 10025.0 NA 311 523 0 156 192 NA NA NA NA 417 705 0 230 285 NA NA NA NA 212 1009 228 251 312 NA NA NA NA 194 1032 252 291 373 NA NA NA 
1782810000.0 10026.0 NA 320 535 0 160 193 NA NA NA NA 420 727 0 234 286 NA NA NA NA 272 1225 224 278 245 NA NA NA NA 255 1244 245 322 326 NA NA NA 
1782810000.0 1003.0 NA 393 0 NA NA NA NA NA NA NA 641 0 NA NA NA NA NA NA NA 1486 147 NA NA NA NA NA NA NA 931 169 NA NA NA NA NA NA 
1782810000.0 10042.0 NA 312 511 0 188 193 NA NA NA NA 414 717 0 290 291 NA NA NA NA 213 1072 217 311 235 NA NA NA NA 227 1358 262 348 287 NA NA NA 
1782810000.0 1005.0 NA 214 161 0 0 NA NA NA NA NA 371 256 0 0 NA NA NA NA NA 325 175 39 55 NA NA NA NA NA 576 228 72 111 NA NA NA NA 
1782810000.0 10059.0 NA 321 546 0 160 195 NA NA NA NA 414 739 0 234 295 NA NA NA NA 244 1541 259 270 245 NA NA NA NA 253 1165 298 301 288 NA NA NA 
1782810000.0 10071.0 NA 315 536 0 158 193 NA NA NA NA 407 709 0 227 287 NA NA NA NA 254 1081 206 243 261 NA NA NA NA 227 1011 225 294 300 NA NA NA 
1782810000.0 101.0 178 NA NA NA NA NA NA NA NA 308 NA NA NA NA NA NA NA NA 314 NA NA NA NA NA NA NA NA 309 NA NA NA NA NA NA NA NA 
1782810000.0 1010.0 NA 86 106 0 NA NA NA NA NA NA 160 180 0 NA NA NA NA NA NA 134 153 54 NA NA NA NA NA NA 174 181 71 NA NA NA NA NA 
1782810000.0 102.0 175 NA NA NA NA NA NA NA NA 300 NA NA NA NA NA NA NA NA 295 NA NA NA NA NA NA NA NA 306 NA NA NA NA NA NA NA NA 
1782810000.0 1020.0 NA 90 87 0 92 NA NA NA NA NA 173 161 0 170 NA NA NA NA NA 161 130 25 153 NA NA NA NA NA 298 166 47 205 NA NA NA NA 
1782810000.0 10224.0 NA 499 785 0 194 NA NA NA NA NA 680 1062 0 291 NA NA NA NA NA 1050 2078 224 310 NA NA NA NA NA 540 1317 242 349 NA NA NA NA 
1782810000.0 10224.15 NA 489 773 0 215 NA NA NA NA NA 676 1005 0 305 NA NA NA NA NA 1021 2044 247 409 NA NA NA NA NA 584 1450 266 392 NA NA NA NA 
1782810000.0 10225.0 NA 486 751 0 191 NA NA NA NA NA 665 991 0 295 NA NA NA NA NA 1123 1896 223 256 NA NA NA NA NA 619 1485 240 318 NA NA NA NA 
1782810000.0 103.0 121 168 357 NA NA NA NA NA NA 194 265 523 NA NA NA NA NA NA 393 131 749 NA NA NA NA NA NA 375 173 905 NA NA NA NA NA NA 
1782810000.0 1030.0 NA 277 96 0 0 NA NA NA NA NA 435 170 0 0 NA NA NA NA NA 2772 211 34 26 NA NA NA NA NA 1258 220 45 36 NA NA NA NA 
1782810000.0 1040.0 NA 505 89 0 NA NA NA NA NA NA 686 150 0 NA NA NA NA NA NA 4823 171 57 NA NA NA NA NA NA 1820 196 71 NA NA NA NA NA 
1782810000.0 1040.1 NA 124 87 0 NA NA NA NA NA NA 206 150 0 NA NA NA NA NA NA 240 130 44 NA NA NA NA NA NA 309 151 60 NA NA NA NA NA 
1782810000.0 1041.0 NA 123 93 0 NA NA NA NA NA NA 207 160 0 NA NA NA NA NA NA 185 136 26 NA NA NA NA NA NA 246 158 37 NA NA NA NA NA 
1782810000.0 1042.0 NA 122 90 0 NA NA NA NA NA NA 209 156 0 NA NA NA NA NA NA 322 137 26 NA NA NA NA NA NA 1050 157 38 NA NA NA NA NA 
1782810000.0 10424.0 NA 258 499 0 NA NA NA NA NA NA 376 700 0 NA NA NA NA NA NA 249 957 251 NA NA NA NA NA NA 260 1185 289 NA NA NA NA NA 
1782810000.0 1046.0 NA 99 90 0 NA NA NA NA NA NA 178 160 0 NA NA NA NA NA NA 183 136 23 NA NA NA NA NA NA 236 163 32 NA NA NA NA NA 
1782810000.0 1047.0 NA 99 108 0 NA NA NA NA NA NA 179 180 0 NA NA NA NA NA NA 181 158 27 NA NA NA NA NA NA 213 165 36 NA NA NA NA NA 
1782810000.0 1048.0 NA 101 95 0 NA NA NA NA NA NA 181 167 0 NA NA NA NA NA NA 180 153 22 NA NA NA NA NA NA 216 163 31 NA NA NA NA NA 
1782810000.0 1049.0 NA 112 0 NA NA NA NA NA NA NA 190 0 NA NA NA NA NA NA NA 541 52 NA NA NA NA NA NA NA 1196 71 NA NA NA NA NA NA 
1782810000.0 105.0 138 180 95 NA NA NA NA NA NA 237 272 163 NA NA NA NA NA NA 764 167 142 NA NA NA NA NA NA 511 194 166 NA NA NA NA NA NA 
1782810000.0 1052.0 NA 210 153 0 NA NA NA NA NA NA 378 255 0 NA NA NA NA NA NA 314 172 25 NA NA NA NA NA NA 536 212 39 NA NA NA NA NA 
1782810000.0 1052.1 NA 143 0 NA NA NA NA NA NA NA 252 0 NA NA NA NA NA NA NA 165 25 NA NA NA NA NA NA NA 199 36 NA NA NA NA NA NA 
1782810000.0 106.0 112 0 0 NA NA NA NA NA NA 179 0 0 NA NA NA NA NA NA 241 59 533 NA NA NA NA NA NA 322 101 648 NA NA NA NA NA NA 
1782810000.0 107.0 147 179 379 NA NA NA NA NA NA 244 272 531 NA NA NA NA NA NA 1047 219 802 NA NA NA NA NA NA 582 195 824 NA NA NA NA NA NA 
1782810000.0 108.0 147 181 383 NA NA NA NA NA NA 244 274 539 NA NA NA NA NA NA 1068 200 861 NA NA NA NA NA NA 488 196 835 NA NA NA NA NA NA 
1782810000.0 10801.0 NA 298 511 0 157 183 NA NA NA NA 396 673 0 227 282 NA NA NA NA 249 946 195 255 267 NA NA NA NA 264 913 223 291 358 NA NA NA 
1782810000.0 10802.0 NA 300 511 0 156 191 NA NA NA NA 388 702 0 229 281 NA NA NA NA 283 989 210 273 266 NA NA NA NA 252 1026 231 309 328 NA NA NA 
1782810000.0 10803.0 NA 301 519 0 157 184 NA NA NA NA 400 727 0 234 282 NA NA NA NA 218 1095 187 251 307 NA NA NA NA 244 1156 253 293 375 NA NA NA 
1782810000.0 10804.0 NA 296 514 0 155 188 NA NA NA NA 400 711 0 225 279 NA NA NA NA 237 919 209 291 267 NA NA NA NA 256 947 228 332 376 NA NA NA 
1782810000.0 10804.31 NA 285 496 0 153 187 NA NA NA NA 387 681 0 225 284 NA NA NA NA 196 723 188 286 234 NA NA NA NA 203 1156 261 329 264 NA NA NA 
1782810000.0 10805.0 NA 298 511 0 156 192 NA NA NA NA 411 718 0 226 278 NA NA NA NA 193 1023 186 251 243 NA NA NA NA 219 982 214 284 340 NA NA NA 
1782810000.0 10805.31 NA 292 495 0 154 177 NA NA NA NA 397 671 0 223 285 NA NA NA NA 197 733 189 261 240 NA NA NA NA 280 1385 242 298 285 NA NA NA 
1782810000.0 10806.0 NA 298 506 0 155 189 NA NA NA NA 404 688 0 227 289 NA NA NA NA 287 902 204 256 264 NA NA NA NA 265 977 224 294 320 NA NA NA 
1782810000.0 10807.0 NA 299 507 0 180 190 NA NA NA NA 390 673 0 296 284 NA NA NA NA 213 1083 192 286 279 NA NA NA NA 243 1210 208 376 335 NA NA NA 
1782810000.0 10808.0 NA 301 515 0 184 191 NA NA NA NA 416 689 0 294 285 NA NA NA NA 190 1087 223 230 248 NA NA NA NA 230 1134 250 267 342 NA NA NA 
1782810000.0 10809.0 NA 300 517 0 184 192 NA NA NA NA 406 701 0 292 287 NA NA NA NA 220 1139 216 285 261 NA NA NA NA 210 1245 242 321 294 NA NA NA 
1782810000.0 10823.0 NA 301 501 0 153 189 NA NA NA NA 403 689 0 229 286 NA NA NA NA 210 973 224 266 247 NA NA NA NA 180 1002 245 375 277 NA NA NA 
1782810000.0 10824.0 NA 303 528 0 186 193 NA NA NA NA 412 727 0 299 281 NA NA NA NA 254 1121 231 249 305 NA NA NA NA 312 1010 263 273 343 NA NA NA 
1782810000.0 10824.1 NA 298 303 0 NA NA NA NA NA NA 405 480 0 NA NA NA NA NA NA 225 345 189 NA NA NA NA NA NA 311 421 225 NA NA NA NA NA 
1782810000.0 10824.6 NA 309 535 0 186 192 NA NA NA NA 410 728 0 289 286 NA NA NA NA 216 1181 229 271 270 NA NA NA NA 186 1105 261 304 302 NA NA NA 
1782810000.0 10824.8 NA 310 532 0 186 192 NA NA NA NA 411 714 0 293 288 NA NA NA NA 286 1211 226 239 301 NA NA NA NA 257 1217 248 262 395 NA NA NA 
1782810000.0 10825.0 NA 302 520 0 157 192 NA NA NA NA 407 682 0 231 294 NA NA NA NA 233 1048 225 242 273 NA NA NA NA 238 1007 252 318 309 NA NA NA 
1782810000.0 10826.0 NA 312 537 0 158 193 NA NA NA NA 409 737 0 233 288 NA NA NA NA 266 1231 253 272 250 NA NA NA NA 220 1275 273 368 332 NA NA NA 
1782810000.0 10842.0 NA 304 519 0 188 191 NA NA NA NA 402 706 0 294 285 NA NA NA NA 243 1140 213 305 280 NA NA NA NA 284 1299 238 343 317 NA NA NA 
1782810000.0 10859.0 NA 320 541 0 160 195 NA NA NA NA 414 747 0 227 291 NA NA NA NA 263 1518 229 252 277 NA NA NA NA 216 1207 274 336 336 NA NA NA 
1782810000.0 10871.0 NA 310 538 0 159 193 NA NA NA NA 403 714 0 230 284 NA NA NA NA 236 1253 217 298 288 NA NA NA NA 224 1209 248 323 323 NA NA NA 
1782810000.0 109.0 144 185 385 NA NA NA NA NA NA 237 275 540 NA NA NA NA NA NA 1074 220 882 NA NA NA NA NA NA 551 189 886 NA NA NA NA NA NA 
1782810000.0 11.0 NA 200 380 0 130 NA NA NA NA NA 302 531 0 204 NA NA NA NA NA 617 888 201 206 NA NA NA NA NA 282 742 222 298 NA NA NA NA 
1782810000.0 110.0 114 174 363 NA NA NA NA NA NA 176 270 526 NA NA NA NA NA NA 297 176 779 NA NA NA NA NA NA 330 230 871 NA NA NA NA NA NA 
1782810000.0 1102.0 NA 221 430 277 208 NA NA NA NA NA 328 571 375 249 NA NA NA NA NA 998 1993 747 150 NA NA NA NA NA 460 1071 435 116 NA NA NA NA 
1782810000.0 11024.0 NA 565 841 0 193 NA NA NA NA NA 767 1127 0 281 NA NA NA NA NA 1934 2410 249 294 NA NA NA NA NA 898 1391 284 395 NA NA NA NA 
1782810000.0 11024.15 NA 542 847 0 201 NA NA NA NA NA 796 1211 0 305 NA NA NA NA NA 1563 1958 274 332 NA NA NA NA NA 799 1437 299 320 NA NA NA NA 
1782810000.0 11024.2 NA 558 844 0 179 NA NA NA NA NA 790 1159 0 274 NA NA NA NA NA 1611 2685 250 212 NA NA NA NA NA 960 1616 285 255 NA NA NA NA 
1782810000.0 11024.6 NA 543 810 0 181 NA NA NA NA NA 742 1208 0 288 NA NA NA NA NA 1548 1870 293 244 NA NA NA NA NA 699 1252 315 284 NA NA NA NA 
1782810000.0 11025.0 NA 548 834 0 192 NA NA NA NA NA 770 1150 0 290 NA NA NA NA NA 1446 2226 253 271 NA NA NA NA NA 790 1405 290 346 NA NA NA NA 
1782810000.0 111.0 126 175 364 NA NA NA NA NA NA 222 267 549 NA NA NA NA NA NA 527 160 797 NA NA NA NA NA NA 475 231 900 NA NA NA NA NA NA 
1782810000.0 112.0 149 182 371 NA NA NA NA NA NA 243 277 528 NA NA NA NA NA NA 876 202 763 NA NA NA NA NA NA 449 191 689 NA NA NA NA NA NA 
1782810000.0 11224.0 NA 257 509 0 NA NA NA NA NA NA 364 713 0 NA NA NA NA NA NA 237 1065 252 NA NA NA NA NA NA 256 1039 292 NA NA NA NA NA 
1782810000.0 11224.6 NA 260 509 0 NA NA NA NA NA NA 369 717 0 NA NA NA NA NA NA 255 1014 244 NA NA NA NA NA NA 261 886 275 NA NA NA NA NA 
1782810000.0 113.0 138 179 369 NA NA NA NA NA NA 236 272 526 NA NA NA NA NA NA 799 199 828 NA NA NA NA NA NA 434 187 892 NA NA NA NA NA NA 
1782810000.0 114.0 142 179 370 NA NA NA NA NA NA 237 277 513 NA NA NA NA NA NA 924 195 803 NA NA NA NA NA NA 473 170 861 NA NA NA NA NA NA 
1782810000.0 115.0 141 180 378 NA NA NA NA NA NA 248 275 516 NA NA NA NA NA NA 928 214 828 NA NA NA NA NA NA 460 179 831 NA NA NA NA NA NA 
1782810000.0 116.0 138 179 378 NA NA NA NA NA NA 234 272 521 NA NA NA NA NA NA 804 214 817 NA NA NA NA NA NA 429 219 815 NA NA NA NA NA NA 
1782810000.0 11601.0 NA 311 557 0 157 NA NA NA NA NA 414 744 0 231 NA NA NA NA NA 257 1059 199 266 NA NA NA NA NA 188 1009 217 292 NA NA NA NA 
1782810000.0 11602.0 NA 301 533 0 151 NA NA NA NA NA 412 770 0 228 NA NA NA NA NA 210 793 210 226 NA NA NA NA NA 214 973 233 296 NA NA NA NA 
1782810000.0 11603.0 NA 302 557 0 154 NA NA NA NA NA 414 765 0 225 NA NA NA NA NA 223 799 245 214 NA NA NA NA NA 180 793 280 233 NA NA NA NA 
1782810000.0 11604.0 NA 307 534 0 150 NA NA NA NA NA 420 746 0 233 NA NA NA NA NA 197 767 222 225 NA NA NA NA NA 168 758 251 295 NA NA NA NA 
1782810000.0 11605.0 NA 299 537 0 151 NA NA NA NA NA 408 776 0 227 NA NA NA NA NA 214 752 228 219 NA NA NA NA NA 178 774 280 255 NA NA NA NA 
1782810000.0 11606.0 NA 299 544 0 151 NA NA NA NA NA 424 759 0 226 NA NA NA NA NA 203 774 210 216 NA NA NA NA NA 202 783 234 231 NA NA NA NA 
1782810000.0 11607.0 NA 300 501 0 179 NA NA NA NA NA 396 759 0 296 NA NA NA NA NA 206 779 213 224 NA NA NA NA NA 170 750 270 261 NA NA NA NA 
1782810000.0 11608.0 NA 311 562 0 188 NA NA NA NA NA 411 774 0 295 NA NA NA NA NA 262 1016 182 257 NA NA NA NA NA 194 1003 200 280 NA NA NA NA 
1782810000.0 11609.0 NA 305 543 0 182 NA NA NA NA NA 404 766 0 298 NA NA NA NA NA 208 800 237 224 NA NA NA NA NA 216 843 263 250 NA NA NA NA 
1782810000.0 11630.0 NA 320 574 0 155 NA NA NA NA NA 437 809 0 238 NA NA NA NA NA 234 1101 241 226 NA NA NA NA NA 169 836 299 258 NA NA NA NA 
1782810000.0 11634.0 NA 321 557 0 186 NA NA NA NA NA 418 794 0 298 NA NA NA NA NA 213 888 219 242 NA NA NA NA NA 166 786 238 305 NA NA NA NA 
1782810000.0 11634.1 NA 309 318 0 NA NA NA NA NA NA 434 466 0 NA NA NA NA NA NA 222 321 190 NA NA NA NA NA NA 216 324 222 NA NA NA NA NA 
1782810000.0 11634.15 NA 318 574 0 193 NA NA NA NA NA 418 825 0 293 NA NA NA NA NA 298 1382 241 306 NA NA NA NA NA 185 1317 280 337 NA NA NA NA 
1782810000.0 11634.24 NA 238 513 0 145 NA NA NA NA NA 344 730 0 214 NA NA NA NA NA 137 748 227 217 NA NA NA NA NA 193 786 253 253 NA NA NA NA 
1782810000.0 11634.5 NA 311 182 0 NA NA NA NA NA NA 437 311 0 NA NA NA NA NA NA 219 182 73 NA NA NA NA NA NA 165 237 91 NA NA NA NA NA 
1782810000.0 11634.601 NA 308 103 561 0 NA NA NA NA NA 428 177 779 0 NA NA NA NA NA 297 81 1074 268 NA NA NA NA NA 229 109 1093 305 NA NA NA NA 
1782810000.0 11634.7 NA 309 556 0 NA NA NA NA NA NA 419 767 0 NA NA NA NA NA NA 302 1172 267 NA NA NA NA NA NA 268 1090 300 NA NA NA NA NA 
1782810000.0 11634.91 NA 319 564 0 184 NA NA NA NA NA 434 773 0 293 NA NA NA NA NA 216 909 223 229 NA NA NA NA NA 195 802 299 250 NA NA NA NA 
1782810000.0 11634.914 139 314 568 0 191 NA NA NA NA 189 420 771 0 295 NA NA NA NA 1195 308 1204 220 311 NA NA NA NA 563 234 1212 240 350 NA NA NA NA 
1782810000.0 11640.0 NA 312 560 0 157 NA NA NA NA NA 425 784 0 233 NA NA NA NA NA 286 999 195 260 NA NA NA NA NA 222 988 209 287 NA NA NA NA 
1782810000.0 11643.0 NA 319 560 0 157 NA NA NA NA NA 422 824 0 237 NA NA NA NA NA 233 978 207 213 NA NA NA NA NA 185 1058 287 256 NA NA NA NA 
1782810000.0 11646.0 NA 315 569 0 158 NA NA NA NA NA 417 780 0 228 NA NA NA NA NA 288 1125 236 310 NA NA NA NA NA 201 989 255 336 NA NA NA NA 
1782810000.0 11650.0 NA 311 544 0 183 NA NA NA NA NA 432 791 0 299 NA NA NA NA NA 220 830 237 235 NA NA NA NA NA 219 814 263 286 NA NA NA NA 
1782810000.0 117.0 145 180 379 NA NA NA NA NA NA 240 272 537 NA NA NA NA NA NA 1085 217 780 NA NA NA NA NA NA 522 193 868 NA NA NA NA NA NA 
1782810000.0 11723.17 NA 325 578 0 NA NA NA NA NA NA 436 802 0 NA NA NA NA NA NA 223 1028 219 NA NA NA NA NA NA 153 1018 263 NA NA NA NA NA 
1782810000.0 118.0 137 180 383 NA NA NA NA NA NA 241 268 531 NA NA NA NA NA NA 964 201 917 NA NA NA NA NA NA 495 241 797 NA NA NA NA NA NA 
1782810000.0 11834.0 NA 639 1067 0 NA NA NA NA NA NA 892 1462 0 NA NA NA NA NA NA 1910 2893 228 NA NA NA NA NA NA 771 1491 250 NA NA NA NA NA 
1782810000.0 11834.19 NA 640 982 0 NA NA NA NA NA NA 870 1406 0 NA NA NA NA NA NA 1949 2612 219 NA NA NA NA NA NA 932 1455 238 NA NA NA NA NA 
1782810000.0 11834.21 NA 529 361 228 184 NA NA NA NA NA 691 552 353 282 NA NA NA NA NA 1667 1114 258 151 NA NA NA NA NA 734 527 209 154 NA NA NA NA 
1782810000.0 11834.24 NA 245 517 0 NA NA NA NA NA NA 346 749 0 NA NA NA NA NA NA 169 951 231 NA NA NA NA NA NA 206 1125 263 NA NA NA NA NA 
1782810000.0 11834.99 NA 533 634 739 0 NA NA NA NA NA 780 901 996 0 NA NA NA NA NA 2856 694 2342 293 NA NA NA NA NA 1633 455 1343 333 NA NA NA NA 
1782810000.0 11846.0 NA 598 974 0 NA NA NA NA NA NA 898 1385 0 NA NA NA NA NA NA 1866 2672 215 NA NA NA NA NA NA 945 1583 234 NA NA NA NA NA 
1782810000.0 11846.19 NA 642 1008 0 NA NA NA NA NA NA 893 1416 0 NA NA NA NA NA NA 2064 2638 222 NA NA NA NA NA NA 835 1510 237 NA NA NA NA NA 
1782810000.0 119.0 135 177 372 NA NA NA NA NA NA 239 269 532 NA NA NA NA NA NA 688 192 868 NA NA NA NA NA NA 364 224 962 NA NA NA NA NA NA 
1782810000.0 12.0 NA 211 410 0 NA NA NA NA NA NA 310 572 0 NA NA NA NA NA NA 778 1601 237 NA NA NA NA NA NA 349 923 283 NA NA NA NA NA 
1782810000.0 120.0 114 174 360 NA NA NA NA NA NA 189 268 521 NA NA NA NA NA NA 306 225 761 NA NA NA NA NA NA 378 218 817 NA NA NA NA NA NA 
1782810000.0 12034.0 NA 272 548 0 NA NA NA NA NA NA 382 755 0 NA NA NA NA NA NA 260 1043 251 NA NA NA NA NA NA 233 1179 285 NA NA NA NA NA 
1782810000.0 121.0 141 181 381 NA NA NA NA NA NA 248 268 523 NA NA NA NA NA NA 1077 234 838 NA NA NA NA NA NA 540 220 799 NA NA NA NA NA NA 
1782810000.0 122.0 116 164 351 NA NA NA NA NA NA 190 256 508 NA NA NA NA NA NA 324 157 764 NA NA NA NA NA NA 415 224 841 NA NA NA NA NA NA 
1782810000.0 123.1 360 NA NA NA NA NA NA NA NA 536 NA NA NA NA NA NA NA NA 389 NA NA NA NA NA NA NA NA 450 NA NA NA NA NA NA NA NA 
1782810000.0 123.2 375 NA NA NA NA NA NA NA NA 521 NA NA NA NA NA NA NA NA 431 NA NA NA NA NA NA NA NA 433 NA NA NA NA NA NA NA NA 
1782810000.0 123.3 314 NA NA NA NA NA NA NA NA 428 NA NA NA NA NA NA NA NA 331 NA NA NA NA NA NA NA NA 424 NA NA NA NA NA NA NA NA 
1782810000.0 124.1 347 NA NA NA NA NA NA NA NA 512 NA NA NA NA NA NA NA NA 335 NA NA NA NA NA NA NA NA 406 NA NA NA NA NA NA NA NA 
1782810000.0 124.2 361 NA NA NA NA NA NA NA NA 531 NA NA NA NA NA NA NA NA 365 NA NA NA NA NA NA NA NA 420 NA NA NA NA NA NA NA NA 
1782810000.0 124.4 355 NA NA NA NA NA NA NA NA 513 NA NA NA NA NA NA NA NA 343 NA NA NA NA NA NA NA NA 432 NA NA NA NA NA NA NA NA 
1782810000.0 124.5 353 NA NA NA NA NA NA NA NA 495 NA NA NA NA NA NA NA NA 338 NA NA NA NA NA NA NA NA 390 NA NA NA NA NA NA NA NA 
1782810000.0 124.6 310 NA NA NA NA NA NA NA NA 429 NA NA NA NA NA NA NA NA 332 NA NA NA NA NA NA NA NA 417 NA NA NA NA NA NA NA NA 
1782810000.0 12434.0 NA 312 572 0 183 NA NA NA NA NA 422 801 0 298 NA NA NA NA NA 217 905 231 234 NA NA NA NA NA 193 1009 298 273 NA NA NA NA 
1782810000.0 12434.511 NA 311 150 0 NA NA NA NA NA NA 431 256 0 NA NA NA NA NA NA 223 146 59 NA NA NA NA NA NA 177 204 74 NA NA NA NA NA 
1782810000.0 12434.521 NA 312 143 0 NA NA NA NA NA NA 414 230 0 NA NA NA NA NA NA 224 142 62 NA NA NA NA NA NA 174 166 82 NA NA NA NA NA 
1782810000.0 12434.7 NA 307 554 0 NA NA NA NA NA NA 424 778 0 NA NA NA NA NA NA 282 1080 257 NA NA NA NA NA NA 224 1297 300 NA NA NA NA NA 
1782810000.0 12446.0 NA 310 545 0 155 NA NA NA NA NA 429 788 0 236 NA NA NA NA NA 224 843 239 222 NA NA NA NA NA 188 1001 262 246 NA NA NA NA 
1782810000.0 12461.0 NA 309 545 0 154 NA NA NA NA NA 422 773 0 227 NA NA NA NA NA 302 1024 208 258 NA NA NA NA NA 245 1091 231 280 NA NA NA NA 
1782810000.0 125.0 138 179 372 NA NA NA NA NA NA 242 275 535 NA NA NA NA NA NA 874 207 792 NA NA NA NA NA NA 412 176 755 NA NA NA NA NA NA 
1782810000.0 126.0 116 173 363 NA NA NA NA NA NA 201 264 509 NA NA NA NA NA NA 570 196 785 NA NA NA NA NA NA 427 175 891 NA NA NA NA NA NA 
1782810000.0 12634.0 NA 617 1038 0 NA NA NA NA NA NA 898 1425 0 NA NA NA NA NA NA 1957 2729 222 NA NA NA NA NA NA 1054 1437 244 NA NA NA NA NA 
1782810000.0 12634.21 NA 507 390 262 187 NA NA NA NA NA 714 541 342 284 NA NA NA NA NA 1728 1077 241 151 NA NA NA NA NA 863 554 198 156 NA NA NA NA 
1782810000.0 12634.99 NA 555 685 777 0 NA NA NA NA NA 780 929 1022 0 NA NA NA NA NA 2173 621 2167 220 NA NA NA NA NA 1192 283 1089 236 NA NA NA NA 
1782810000.0 127.0 115 173 361 NA NA NA NA NA NA 182 261 531 NA NA NA NA NA NA 364 223 760 NA NA NA NA NA NA 407 215 836 NA NA NA NA NA NA 
1782810000.0 128.0 115 176 358 NA NA NA NA NA NA 179 269 522 NA NA NA NA NA NA 297 214 755 NA NA NA NA NA NA 320 223 862 NA NA NA NA NA NA 
1782810000.0 12834.0 NA 308 564 0 182 NA NA NA NA NA 441 803 0 297 NA NA NA NA NA 247 893 249 232 NA NA NA NA NA 225 801 292 247 NA NA NA NA 
1782810000.0 12834.402 NA 311 184 0 NA NA NA NA NA NA 428 278 0 NA NA NA NA NA NA 240 169 88 NA NA NA NA NA NA 200 223 107 NA NA NA NA NA 
1782810000.0 12834.412 NA 309 171 0 NA NA NA NA NA NA 459 272 0 NA NA NA NA NA NA 244 164 61 NA NA NA NA NA NA 173 233 79 NA NA NA NA NA 
1782810000.0 12834.7 NA 306 556 0 NA NA NA NA NA NA 428 799 0 NA NA NA NA NA NA 291 1057 249 NA NA NA NA NA NA 261 1094 288 NA NA NA NA NA 
1782810000.0 12846.0 NA 305 548 0 157 NA NA NA NA NA 424 753 0 235 NA NA NA NA NA 239 840 224 217 NA NA NA NA NA 198 875 249 249 NA NA NA NA 
1782810000.0 12861.0 NA 307 543 0 154 NA NA NA NA NA 435 773 0 227 NA NA NA NA NA 279 1033 216 238 NA NA NA NA NA 176 1051 231 257 NA NA NA NA 
1782810000.0 129.0 114 174 359 NA NA NA NA NA NA 179 265 527 NA NA NA NA NA NA 272 195 801 NA NA NA NA NA NA 332 194 888 NA NA NA NA NA NA 
1782810000.0 13.0 NA 188 383 0 NA NA NA NA NA NA 291 540 0 NA NA NA NA NA NA 208 1008 216 NA NA NA NA NA NA 308 1218 243 NA NA NA NA NA 
1782810000.0 130.0 113 175 361 NA NA NA NA NA NA 178 258 514 NA NA NA NA NA NA 281 207 776 NA NA NA NA NA NA 360 211 890 NA NA NA NA NA NA 
1782810000.0 1301.0 128 221 281 NA NA NA NA NA NA 201 322 483 NA NA NA NA NA NA 662 167 393 NA NA NA NA NA NA 527 192 527 NA NA NA NA NA NA 
1782810000.0 1301.17 125 292 302 NA NA NA NA NA NA 188 402 524 NA NA NA NA NA NA 694 192 437 NA NA NA NA NA NA 466 188 563 NA NA NA NA NA NA 
1782810000.0 1302.0 139 232 293 NA NA NA NA NA NA 225 334 473 NA NA NA NA NA NA 989 180 465 NA NA NA NA NA NA 499 159 591 NA NA NA NA NA NA 
1782810000.0 1302.17 133 297 330 NA NA NA NA NA NA 194 405 527 NA NA NA NA NA NA 1020 217 497 NA NA NA NA NA NA 454 232 591 NA NA NA NA NA NA 
1782810000.0 1302.18 131 289 265 257 166 NA NA NA NA 197 384 464 366 269 NA NA NA NA 1038 231 336 283 193 NA NA NA NA 485 186 381 303 267 NA NA NA NA 
1782810000.0 1302.181 129 291 258 220 167 NA NA NA NA 195 388 462 352 274 NA NA NA NA 1166 276 383 359 241 NA NA NA NA 543 251 543 445 300 NA NA NA NA 
1782810000.0 1303.0 147 230 301 NA NA NA NA NA NA 222 323 480 NA NA NA NA NA NA 1946 207 630 NA NA NA NA NA NA 908 220 821 NA NA NA NA NA NA 
1782810000.0 1303.17 137 298 326 NA NA NA NA NA NA 205 404 524 NA NA NA NA NA NA 1977 258 711 NA NA NA NA NA NA 913 270 746 NA NA NA NA NA NA 
1782810000.0 13034.0 NA 671 1051 0 NA NA NA NA NA NA 904 1511 0 NA NA NA NA NA NA 2004 3272 295 NA NA NA NA NA NA 910 1602 329 NA NA NA NA NA 
1782810000.0 13034.21 NA 535 334 260 186 NA NA NA NA NA 706 536 344 282 NA NA NA NA NA 1736 918 237 147 NA NA NA NA NA 770 480 199 150 NA NA NA NA 
1782810000.0 13034.99 NA 571 669 760 0 NA NA NA NA NA 784 945 1059 0 NA NA NA NA NA 2907 678 2513 253 NA NA NA NA NA 1475 431 1337 292 NA NA NA NA 
1782810000.0 1304.18 125 286 253 212 164 NA NA NA NA 193 379 460 347 272 NA NA NA NA 842 262 375 326 245 NA NA NA NA 497 275 514 426 302 NA NA NA NA 
1782810000.0 1304.181 126 285 256 213 165 NA NA NA NA 193 388 464 347 270 NA NA NA NA 803 253 329 332 263 NA NA NA NA 563 300 368 431 326 NA NA NA NA 
1782810000.0 1304.182 124 284 251 218 NA NA NA NA NA 188 388 456 355 NA NA NA NA NA 808 259 348 310 NA NA NA NA NA 457 231 546 378 NA NA NA NA NA 
1782810000.0 1306.0 NA 230 419 0 NA NA NA NA NA NA 341 583 0 NA NA NA NA NA NA 238 823 168 NA NA NA NA NA NA 260 997 196 NA NA NA NA NA 
1782810000.0 1307.0 NA 225 266 103 0 NA NA NA NA NA 324 429 173 0 NA NA NA NA NA 173 353 153 72 NA NA NA NA NA 231 435 196 88 NA NA NA NA 
1782810000.0 1308.0 NA 223 262 99 0 NA NA NA NA NA 330 417 170 0 NA NA NA NA NA 167 224 150 74 NA NA NA NA NA 261 315 217 93 NA NA NA NA 
1782810000.0 1309.0 NA 240 446 0 NA NA NA NA NA NA 340 620 0 NA NA NA NA NA NA 253 876 200 NA NA NA NA NA NA 226 893 225 NA NA NA NA NA 
1782810000.0 131.0 115 175 362 NA NA NA NA NA NA 190 269 519 NA NA NA NA NA NA 430 186 811 NA NA NA NA NA NA 404 163 894 NA NA NA NA NA NA 
1782810000.0 1310.0 NA 236 441 0 NA NA NA NA NA NA 341 588 0 NA NA NA NA NA NA 232 842 192 NA NA NA NA NA NA 246 924 223 NA NA NA NA NA 
1782810000.0 1311.0 NA 208 434 0 126 NA NA NA NA NA 337 616 0 198 NA NA NA NA NA 198 651 188 207 NA NA NA NA NA 262 692 215 241 NA NA NA NA 
1782810000.0 1312.0 NA 238 442 0 NA NA NA NA NA NA 351 588 0 NA NA NA NA NA NA 265 874 200 NA NA NA NA NA NA 250 796 236 NA NA NA NA NA 
1782810000.0 1313.0 NA 242 451 0 NA NA NA NA NA NA 346 618 0 NA NA NA NA NA NA 216 996 209 NA NA NA NA NA NA 311 1132 237 NA NA NA NA NA 
1782810000.0 1314.0 NA 232 441 0 NA NA NA NA NA NA 347 613 0 NA NA NA NA NA NA 256 806 179 NA NA NA NA NA NA 279 972 212 NA NA NA NA NA 
1782810000.0 1315.0 NA 228 422 0 NA NA NA NA NA NA 332 592 0 NA NA NA NA NA NA 223 789 174 NA NA NA NA NA NA 264 911 204 NA NA NA NA NA 
1782810000.0 1316.0 NA 229 425 0 NA NA NA NA NA NA 328 591 0 NA NA NA NA NA NA 230 740 171 NA NA NA NA NA NA 278 997 201 NA NA NA NA NA 
1782810000.0 1317.0 NA 235 429 0 170 NA NA NA NA NA 342 580 0 279 NA NA NA NA NA 168 650 147 189 NA NA NA NA NA 164 739 163 232 NA NA NA NA 
1782810000.0 1318.0 NA 232 422 0 170 NA NA NA NA NA 338 598 0 276 NA NA NA NA NA 175 654 146 193 NA NA NA NA NA 257 779 165 223 NA NA NA NA 
1782810000.0 1319.0 NA 229 422 0 NA NA NA NA NA NA 342 607 0 NA NA NA NA NA NA 244 801 172 NA NA NA NA NA NA 223 998 198 NA NA NA NA NA 
1782810000.0 132.0 137 179 382 NA NA NA NA NA NA 234 268 524 NA NA NA NA NA NA 946 204 869 NA NA NA NA NA NA 519 185 873 NA NA NA NA NA NA 
1782810000.0 1320.0 NA 240 427 0 170 NA NA NA NA NA 335 608 0 276 NA NA NA NA NA 165 669 150 201 NA NA NA NA NA 202 721 166 238 NA NA NA NA 
1782810000.0 1321.0 NA 230 429 0 169 NA NA NA NA NA 339 592 0 269 NA NA NA NA NA 188 670 160 193 NA NA NA NA NA 212 754 219 223 NA NA NA NA 
1782810000.0 1322.0 NA 232 431 0 166 NA NA NA NA NA 336 618 0 277 NA NA NA NA NA 174 689 145 204 NA NA NA NA NA 195 868 164 257 NA NA NA NA 
1782810000.0 1323.0 NA 231 416 0 NA NA NA NA NA NA 336 599 0 NA NA NA NA NA NA 241 756 183 NA NA NA NA NA NA 239 815 209 NA NA NA NA NA 
1782810000.0 13234.0 NA 584 0 NA NA NA NA NA NA NA 842 0 NA NA NA NA NA NA NA 1974 127 NA NA NA NA NA NA NA 982 142 NA NA NA NA NA NA 
1782810000.0 1324.0 NA 239 442 0 NA NA NA NA NA NA 341 606 0 NA NA NA NA NA NA 240 899 205 NA NA NA NA NA NA 255 888 235 NA NA NA NA NA 
1782810000.0 1325.0 NA 250 464 0 135 180 NA NA NA NA 343 632 0 199 282 NA NA NA NA 249 914 166 217 224 NA NA NA NA 219 946 218 254 273 NA NA NA 
1782810000.0 1325.1 NA 239 254 0 NA NA NA NA NA NA 342 388 0 NA NA NA NA NA NA 192 280 140 NA NA NA NA NA NA 255 339 156 NA NA NA NA NA 
1782810000.0 1325.2 NA 241 439 0 NA NA NA NA NA NA 344 600 0 NA NA NA NA NA NA 257 862 193 NA NA NA NA NA NA 256 888 221 NA NA NA NA NA 
1782810000.0 1325.3 NA 239 250 0 NA NA NA NA NA NA 346 378 0 NA NA NA NA NA NA 190 259 135 NA NA NA NA NA NA 237 363 157 NA NA NA NA NA 
1782810000.0 1325.4 NA 238 445 0 NA NA NA NA NA NA 342 635 0 NA NA NA NA NA NA 227 943 222 NA NA NA NA NA NA 293 960 251 NA NA NA NA NA 
1782810000.0 1325.9 NA 257 454 0 132 NA NA NA NA NA 379 613 0 201 NA NA NA NA NA 230 746 189 213 NA NA NA NA NA 234 787 209 254 NA NA NA NA 
1782810000.0 1325.91 NA 262 441 0 129 NA NA NA NA NA 370 593 0 203 NA NA NA NA NA 265 882 190 272 NA NA NA NA NA 272 1053 225 347 NA NA NA NA 
1782810000.0 1326.0 NA 234 431 0 NA NA NA NA NA NA 345 602 0 NA NA NA NA NA NA 221 900 185 NA NA NA NA NA NA 241 1000 210 NA NA NA NA NA 
1782810000.0 1327.0 NA 234 435 0 NA NA NA NA NA NA 334 589 0 NA NA NA NA NA NA 237 881 193 NA NA NA NA NA NA 261 962 219 NA NA NA NA NA 
1782810000.0 1328.0 NA 238 439 0 NA NA NA NA NA NA 339 594 0 NA NA NA NA NA NA 262 901 197 NA NA NA NA NA NA 244 1026 220 NA NA NA NA NA 
1782810000.0 1329.0 NA 238 432 0 166 NA NA NA NA NA 340 611 0 275 NA NA NA NA NA 180 691 150 200 NA NA NA NA NA 208 714 166 245 NA NA NA NA 
1782810000.0 133.0 138 184 390 NA NA NA NA NA NA 247 280 552 NA NA NA NA NA NA 1259 206 923 NA NA NA NA NA NA 545 248 807 NA NA NA NA NA NA 
1782810000.0 1330.0 NA 238 485 0 176 NA NA NA NA NA 341 641 0 273 NA NA NA NA NA 187 727 153 194 NA NA NA NA NA 224 687 173 240 NA NA NA NA 
1782810000.0 1331.0 NA 235 429 0 165 NA NA NA NA NA 345 580 0 275 NA NA NA NA NA 189 704 182 191 NA NA NA NA NA 221 745 214 227 NA NA NA NA 
1782810000.0 1332.0 NA 237 436 0 NA NA NA NA NA NA 342 596 0 NA NA NA NA NA NA 251 844 192 NA NA NA NA NA NA 263 1015 220 NA NA NA NA NA 
1782810000.0 1333.0 NA 234 426 0 NA NA NA NA NA NA 340 593 0 NA NA NA NA NA NA 240 782 183 NA NA NA NA NA NA 267 1047 212 NA NA NA NA NA 
1782810000.0 1334.0 NA 236 439 0 NA NA NA NA NA NA 341 610 0 NA NA NA NA NA NA 241 810 210 NA NA NA NA NA NA 269 1034 236 NA NA NA NA NA 
1782810000.0 1335.0 NA 233 429 0 NA NA NA NA NA NA 338 609 0 NA NA NA NA NA NA 227 803 189 NA NA NA NA NA NA 246 976 218 NA NA NA NA NA 
1782810000.0 1336.0 NA 240 450 0 NA NA NA NA NA NA 355 634 0 NA NA NA NA NA NA 246 1295 204 NA NA NA NA NA NA 283 1322 233 NA NA NA NA NA 
1782810000.0 1337.0 NA 251 458 0 NA NA NA NA NA NA 371 632 0 NA NA NA NA NA NA 249 1137 218 NA NA NA NA NA NA 262 1260 246 NA NA NA NA NA 
1782810000.0 1338.0 NA 240 446 0 174 NA NA NA NA NA 352 620 0 279 NA NA NA NA NA 204 731 164 190 NA NA NA NA NA 222 758 179 215 NA NA NA NA 
1782810000.0 1339.0 NA 243 447 0 NA NA NA NA NA NA 335 613 0 NA NA NA NA NA NA 257 1043 197 NA NA NA NA NA NA 269 1241 228 NA NA NA NA NA 
1782810000.0 134.0 NA 398 87 0 NA NA NA NA NA NA 535 155 0 NA NA NA NA NA NA 1349 132 28 NA NA NA NA NA NA 924 142 41 NA NA NA NA NA 
1782810000.0 134.701 NA 105 415 0 NA NA NA NA NA NA 191 578 0 NA NA NA NA NA NA 104 2236 180 NA NA NA NA NA NA 123 1434 204 NA NA NA NA NA 
1782810000.0 134.702 NA 106 416 0 NA NA NA NA NA NA 186 575 0 NA NA NA NA NA NA 111 2689 151 NA NA NA NA NA NA 118 1360 178 NA NA NA NA NA 
1782810000.0 134.703 NA 111 428 0 NA NA NA NA NA NA 192 575 0 NA NA NA NA NA NA 86 2263 137 NA NA NA NA NA NA 97 1149 156 NA NA NA NA NA 
1782810000.0 134.704 NA 106 415 0 NA NA NA NA NA NA 191 580 0 NA NA NA NA NA NA 111 2573 151 NA NA NA NA NA NA 148 1343 172 NA NA NA NA NA 
1782810000.0 134.705 NA 109 432 0 NA NA NA NA NA NA 195 591 0 NA NA NA NA NA NA 107 2593 167 NA NA NA NA NA NA 108 1367 188 NA NA NA NA NA 
1782810000.0 134.706 NA 108 429 0 NA NA NA NA NA NA 193 579 0 NA NA NA NA NA NA 80 2468 140 NA NA NA NA NA NA 115 1249 154 NA NA NA NA NA 
1782810000.0 134.707 NA 107 417 0 NA NA NA NA NA NA 191 563 0 NA NA NA NA NA NA 97 2370 157 NA NA NA NA NA NA 125 1305 186 NA NA NA NA NA 
1782810000.0 134.708 NA 107 414 0 NA NA NA NA NA NA 187 588 0 NA NA NA NA NA NA 97 2531 151 NA NA NA NA NA NA 111 1468 170 NA NA NA NA NA 
1782810000.0 134.709 NA 107 592 0 NA NA NA NA NA NA 192 795 0 NA NA NA NA NA NA 81 2260 137 NA NA NA NA NA NA 92 1193 155 NA NA NA NA NA 
1782810000.0 134.71 NA 110 412 0 NA NA NA NA NA NA 185 586 0 NA NA NA NA NA NA 71 1650 138 NA NA NA NA NA NA 73 1006 160 NA NA NA NA NA 
1782810000.0 134.801 NA 106 417 0 NA NA NA NA NA NA 190 582 0 NA NA NA NA NA NA 80 1748 130 NA NA NA NA NA NA 107 1379 147 NA NA NA NA NA 
1782810000.0 134.802 NA 106 433 0 NA NA NA NA NA NA 187 590 0 NA NA NA NA NA NA 91 2516 133 NA NA NA NA NA NA 102 1220 151 NA NA NA NA NA 
1782810000.0 134.803 NA 107 423 0 NA NA NA NA NA NA 188 593 0 NA NA NA NA NA NA 117 2791 161 NA NA NA NA NA NA 131 1415 184 NA NA NA NA NA 
1782810000.0 134.804 NA 106 441 0 NA NA NA NA NA NA 189 614 0 NA NA NA NA NA NA 86 2658 132 NA NA NA NA NA NA 111 1247 150 NA NA NA NA NA 
1782810000.0 134.805 NA 106 436 0 NA NA NA NA NA NA 187 593 0 NA NA NA NA NA NA 86 2574 132 NA NA NA NA NA NA 84 1227 148 NA NA NA NA NA 
1782810000.0 134.806 NA 107 436 0 NA NA NA NA NA NA 187 609 0 NA NA NA NA NA NA 86 2888 136 NA NA NA NA NA NA 105 1393 152 NA NA NA NA NA 
1782810000.0 134.807 NA 206 481 0 NA NA NA NA NA NA 301 675 0 NA NA NA NA NA NA 339 3042 256 NA NA NA NA NA NA 359 1474 289 NA NA NA NA NA 
1782810000.0 134.808 NA 205 459 0 NA NA NA NA NA NA 291 637 0 NA NA NA NA NA NA 362 3146 211 NA NA NA NA NA NA 327 1530 238 NA NA NA NA NA 
1782810000.0 134.809 NA 110 434 0 NA NA NA NA NA NA 188 592 0 NA NA NA NA NA NA 85 2397 139 NA NA NA NA NA NA 83 1171 168 NA NA NA NA NA 
1782810000.0 134.81 NA 106 428 0 NA NA NA NA NA NA 188 598 0 NA NA NA NA NA NA 85 2499 132 NA NA NA NA NA NA 117 1241 149 NA NA NA NA NA 
1782810000.0 134.811 NA 106 428 0 NA NA NA NA NA NA 187 607 0 NA NA NA NA NA NA 84 2596 130 NA NA NA NA NA NA 93 1256 147 NA NA NA NA NA 
1782810000.0 134.812 NA 107 417 0 NA NA NA NA NA NA 190 590 0 NA NA NA NA NA NA 76 1724 132 NA NA NA NA NA NA 73 1314 151 NA NA NA NA NA 
1782810000.0 134.813 NA 264 122 0 NA NA NA NA NA NA 412 201 0 NA NA NA NA NA NA 476 171 77 NA NA NA NA NA NA 315 231 97 NA NA NA NA NA 
1782810000.0 134.901 NA 113 412 0 NA NA NA NA NA NA 192 577 0 NA NA NA NA NA NA 71 1722 134 NA NA NA NA NA NA 75 1026 151 NA NA NA NA NA 
1782810000.0 134.902 NA 114 420 0 NA NA NA NA NA NA 187 574 0 NA NA NA NA NA NA 77 2132 128 NA NA NA NA NA NA 73 1162 143 NA NA NA NA NA 
1782810000.0 134.903 NA 108 413 0 NA NA NA NA NA NA 194 560 0 NA NA NA NA NA NA 108 2411 168 NA NA NA NA NA NA 141 1355 190 NA NA NA NA NA 
1782810000.0 134.904 NA 106 425 0 NA NA NA NA NA NA 188 580 0 NA NA NA NA NA NA 95 2389 126 NA NA NA NA NA NA 85 1221 140 NA NA NA NA NA 
1782810000.0 134.905 NA 107 415 0 NA NA NA NA NA NA 188 576 0 NA NA NA NA NA NA 116 2301 167 NA NA NA NA NA NA 117 1308 193 NA NA NA NA NA 
1782810000.0 134.906 NA 108 423 0 NA NA NA NA NA NA 186 583 0 NA NA NA NA NA NA 87 2240 129 NA NA NA NA NA NA 102 1142 144 NA NA NA NA NA 
1782810000.0 134.907 NA 163 446 0 NA NA NA NA NA NA 293 634 0 NA NA NA NA NA NA 201 2142 148 NA NA NA NA NA NA 176 1144 169 NA NA NA NA NA 
1782810000.0 134.908 NA 165 455 0 NA NA NA NA NA NA 314 638 0 NA NA NA NA NA NA 197 2159 141 NA NA NA NA NA NA 180 1156 158 NA NA NA NA NA 
1782810000.0 134.909 NA 113 414 0 NA NA NA NA NA NA 196 588 0 NA NA NA NA NA NA 79 2061 134 NA NA NA NA NA NA 82 1090 157 NA NA NA NA NA 
1782810000.0 134.91 NA 107 409 0 NA NA NA NA NA NA 192 568 0 NA NA NA NA NA NA 105 2277 156 NA NA NA NA NA NA 112 1286 183 NA NA NA NA NA 
1782810000.0 134.911 NA 107 417 0 NA NA NA NA NA NA 190 583 0 NA NA NA NA NA NA 118 2309 158 NA NA NA NA NA NA 146 1268 187 NA NA NA NA NA 
1782810000.0 134.912 NA 104 409 0 NA NA NA NA NA NA 185 578 0 NA NA NA NA NA NA 84 1649 135 NA NA NA NA NA NA 104 1227 156 NA NA NA NA NA 
1782810000.0 134.99601 NA 113 429 0 NA NA NA NA NA NA 187 614 0 NA NA NA NA NA NA 80 3055 133 NA NA NA NA NA NA 77 1471 154 NA NA NA NA NA 
1782810000.0 134.99602 NA 106 411 0 NA NA NA NA NA NA 192 580 0 NA NA NA NA NA NA 103 2146 158 NA NA NA NA NA NA 136 1241 182 NA NA NA NA NA 
1782810000.0 134.99603 NA 106 425 0 NA NA NA NA NA NA 193 595 0 NA NA NA NA NA NA 85 2414 126 NA NA NA NA NA NA 76 1251 141 NA NA NA NA NA 
1782810000.0 134.99901 NA 108 407 0 NA NA NA NA NA NA 198 579 0 NA NA NA NA NA NA 105 2156 149 NA NA NA NA NA NA 133 1383 169 NA NA NA NA NA 
1782810000.0 1340.0 NA 192 425 0 NA NA NA NA NA NA 336 583 0 NA NA NA NA NA NA 259 827 173 NA NA NA NA NA NA 314 975 207 NA NA NA NA NA 
1782810000.0 1341.0 NA 246 455 0 NA NA NA NA NA NA 341 627 0 NA NA NA NA NA NA 276 1075 204 NA NA NA NA NA NA 254 1139 235 NA NA NA NA NA 
1782810000.0 1343.0 NA 237 442 0 NA NA NA NA NA NA 340 600 0 NA NA NA NA NA NA 256 933 193 NA NA NA NA NA NA 272 1051 221 NA NA NA NA NA 
1782810000.0 13434.0 NA 741 0 NA NA NA NA NA NA NA 1052 0 NA NA NA NA NA NA NA 3463 142 NA NA NA NA NA NA NA 1641 167 NA NA NA NA NA NA 
1782810000.0 1344.0 NA 236 444 0 NA NA NA NA NA NA 345 606 0 NA NA NA NA NA NA 216 949 209 NA NA NA NA NA NA 291 982 232 NA NA NA NA NA 
1782810000.0 1345.0 NA 241 444 0 NA NA NA NA NA NA 342 600 0 NA NA NA NA NA NA 251 848 198 NA NA NA NA NA NA 265 865 230 NA NA NA NA NA 
1782810000.0 1347.0 NA 236 435 0 NA NA NA NA NA NA 335 602 0 NA NA NA NA NA NA 260 855 197 NA NA NA NA NA NA 268 827 224 NA NA NA NA NA 
1782810000.0 1348.0 NA 232 432 0 NA NA NA NA NA NA 336 601 0 NA NA NA NA NA NA 236 815 182 NA NA NA NA NA NA 264 829 215 NA NA NA NA NA 
1782810000.0 1349.0 NA 233 430 0 NA NA NA NA NA NA 331 590 0 NA NA NA NA NA NA 231 884 181 NA NA NA NA NA NA 291 982 215 NA NA NA NA NA 
1782810000.0 135.1 388 0 217 162 NA NA NA NA NA 565 0 307 267 NA NA NA NA NA 498 113 337 242 NA NA NA NA NA 589 133 443 296 NA NA NA NA NA 
1782810000.0 135.11 395 0 218 166 NA NA NA NA NA 562 0 315 270 NA NA NA NA NA 650 109 397 233 NA NA NA NA NA 492 126 431 291 NA NA NA NA NA 
1782810000.0 135.12 390 0 214 163 NA NA NA NA NA 566 0 319 268 NA NA NA NA NA 484 112 332 238 NA NA NA NA NA 513 130 459 298 NA NA NA NA NA 
1782810000.0 135.13 395 0 NA NA NA NA NA NA NA 567 0 NA NA NA NA NA NA NA 390 132 NA NA NA NA NA NA NA 308 147 NA NA NA NA NA NA NA 
1782810000.0 135.2 338 0 200 161 NA NA NA NA NA 467 0 299 267 NA NA NA NA NA 473 107 306 223 NA NA NA NA NA 579 141 426 285 NA NA NA NA NA 
1782810000.0 135.3 344 0 209 162 NA NA NA NA NA 463 0 313 264 NA NA NA NA NA 344 84 239 177 NA NA NA NA NA 648 154 251 237 NA NA NA NA NA 
1782810000.0 135.4 390 0 208 163 NA NA NA NA NA 560 0 298 271 NA NA NA NA NA 382 89 247 178 NA NA NA NA NA 496 125 301 231 NA NA NA NA NA 
1782810000.0 135.5 388 0 211 162 NA NA NA NA NA 549 0 312 276 NA NA NA NA NA 380 89 235 176 NA NA NA NA NA 542 105 267 237 NA NA NA NA NA 
1782810000.0 135.6 390 0 215 163 NA NA NA NA NA 545 0 311 268 NA NA NA NA NA 511 118 333 221 NA NA NA NA NA 517 194 437 285 NA NA NA NA NA 
1782810000.0 135.7 394 0 208 167 NA NA NA NA NA 565 0 300 261 NA NA NA NA NA 380 94 241 176 NA NA NA NA NA 483 150 269 226 NA NA NA NA NA 
1782810000.0 135.8 179 NA NA NA NA NA NA NA NA 305 NA NA NA NA NA NA NA NA 423 NA NA NA NA NA NA NA NA 358 NA NA NA NA NA NA NA NA 
1782810000.0 135.9 388 0 217 170 NA NA NA NA NA 563 0 311 268 NA NA NA NA NA 375 89 234 174 NA NA NA NA NA 442 107 241 222 NA NA NA NA NA 
1782810000.0 1350.0 NA 234 430 0 NA NA NA NA NA NA 341 615 0 NA NA NA NA NA NA 232 822 207 NA NA NA NA NA NA 227 934 232 NA NA NA NA NA 
1782810000.0 1351.0 NA 236 431 0 NA NA NA NA NA NA 350 594 0 NA NA NA NA NA NA 239 763 185 NA NA NA NA NA NA 231 1070 215 NA NA NA NA NA 
1782810000.0 1352.0 NA 233 433 0 NA NA NA NA NA NA 335 585 0 NA NA NA NA NA NA 241 831 196 NA NA NA NA NA NA 269 964 228 NA NA NA NA NA 
1782810000.0 1353.0 NA 236 442 0 NA NA NA NA NA NA 332 611 0 NA NA NA NA NA NA 243 830 211 NA NA NA NA NA NA 285 809 245 NA NA NA NA NA 
1782810000.0 1354.0 NA 237 442 0 NA NA NA NA NA NA 348 601 0 NA NA NA NA NA NA 237 862 188 NA NA NA NA NA NA 248 1012 215 NA NA NA NA NA 
1782810000.0 1355.0 NA 238 443 0 NA NA NA NA NA NA 335 627 0 NA NA NA NA NA NA 251 886 181 NA NA NA NA NA NA 305 961 205 NA NA NA NA NA 
1782810000.0 1356.0 161 236 480 0 258 NA NA NA NA 219 324 639 0 347 NA NA NA NA 787 240 997 154 345 NA NA NA NA 441 212 1018 169 371 NA NA NA NA 
1782810000.0 136.721 NA 184 423 0 NA NA NA NA NA NA 262 643 0 NA NA NA NA NA NA 153 2433 135 NA NA NA NA NA NA 145 1189 160 NA NA NA NA NA 
1782810000.0 136.722 NA 184 450 0 NA NA NA NA NA NA 263 609 0 NA NA NA NA NA NA 222 3211 110 NA NA NA NA NA NA 190 1537 128 NA NA NA NA NA 
1782810000.0 136.723 NA 185 461 0 NA NA NA NA NA NA 266 644 0 NA NA NA NA NA NA 161 2653 136 NA NA NA NA NA NA 151 1258 154 NA NA NA NA NA 
1782810000.0 136.724 NA 183 460 0 NA NA NA NA NA NA 268 616 0 NA NA NA NA NA NA 224 3363 101 NA NA NA NA NA NA 227 1641 121 NA NA NA NA NA 
1782810000.0 136.725 NA 177 450 0 NA NA NA NA NA NA 264 610 0 NA NA NA NA NA NA 163 2674 89 NA NA NA NA NA NA 169 1352 102 NA NA NA NA NA 
1782810000.0 136.726 NA 185 409 0 NA NA NA NA NA NA 266 558 0 NA NA NA NA NA NA 231 3361 96 NA NA NA NA NA NA 198 1583 113 NA NA NA NA NA 
1782810000.0 136.727 NA 283 514 0 NA NA NA NA NA NA 388 709 0 NA NA NA NA NA NA 399 3004 182 NA NA NA NA NA NA 294 1412 206 NA NA NA NA NA 
1782810000.0 136.728 NA 282 526 0 NA NA NA NA NA NA 405 728 0 NA NA NA NA NA NA 461 3326 184 NA NA NA NA NA NA 432 1598 212 NA NA NA NA NA 
1782810000.0 136.729 NA 176 471 0 NA NA NA NA NA NA 264 660 0 NA NA NA NA NA NA 166 2751 102 NA NA NA NA NA NA 226 1264 116 NA NA NA NA NA 
1782810000.0 136.73 NA 183 489 0 NA NA NA NA NA NA 264 656 0 NA NA NA NA NA NA 221 3078 112 NA NA NA NA NA NA 217 1632 131 NA NA NA NA NA 
1782810000.0 136.731 NA 184 464 0 NA NA NA NA NA NA 267 619 0 NA NA NA NA NA NA 226 3192 107 NA NA NA NA NA NA 184 1574 128 NA NA NA NA NA 
1782810000.0 136.732 NA 184 508 0 NA NA NA NA NA NA 270 704 0 NA NA NA NA NA NA 149 2255 138 NA NA NA NA NA NA 134 1135 169 NA NA NA NA NA 
1782810000.0 136.733 NA 264 129 0 NA NA NA NA NA NA 411 210 0 NA NA NA NA NA NA 422 195 74 NA NA NA NA NA NA 357 287 92 NA NA NA NA NA 
1782810000.0 136.734 NA 185 407 0 NA NA NA NA NA NA 267 554 0 NA NA NA NA NA NA 245 3247 131 NA NA NA NA NA NA 189 1637 154 NA NA NA NA NA 
1782810000.0 136.735 NA 188 399 0 NA NA NA NA NA NA 273 566 0 NA NA NA NA NA NA 146 1128 112 NA NA NA NA NA NA 141 1040 156 NA NA NA NA NA 
1782810000.0 136.736 NA 185 486 0 NA NA NA NA NA NA 272 688 0 NA NA NA NA NA NA 238 5206 191 NA NA NA NA NA NA 188 2181 223 NA NA NA NA NA 
1782810000.0 136.737 NA 184 454 0 NA NA NA NA NA NA 262 634 0 NA NA NA NA NA NA 182 5797 124 NA NA NA NA NA NA 152 2596 149 NA NA NA NA NA 
1782810000.0 136.738 NA 182 482 0 NA NA NA NA NA NA 273 666 0 NA NA NA NA NA NA 249 5696 187 NA NA NA NA NA NA 249 2244 215 NA NA NA NA NA 
1782810000.0 136.739 NA 183 469 0 NA NA NA NA NA NA 266 674 0 NA NA NA NA NA NA 245 6191 124 NA NA NA NA NA NA 213 2376 147 NA NA NA NA NA 
1782810000.0 136.74 NA 182 445 0 NA NA NA NA NA NA 274 659 0 NA NA NA NA NA NA 220 5646 113 NA NA NA NA NA NA 227 2386 131 NA NA NA NA NA 
1782810000.0 136.741 NA 185 418 0 NA NA NA NA NA NA 269 585 0 NA NA NA NA NA NA 251 5645 108 NA NA NA NA NA NA 198 2248 126 NA NA NA NA NA 
1782810000.0 136.742 NA 184 487 0 NA NA NA NA NA NA 267 687 0 NA NA NA NA NA NA 238 5730 145 NA NA NA NA NA NA 194 2290 164 NA NA NA NA NA 
1782810000.0 136.743 NA 184 529 0 NA NA NA NA NA NA 264 695 0 NA NA NA NA NA NA 248 4566 133 NA NA NA NA NA NA 189 1885 150 NA NA NA NA NA 
1782810000.0 136.744 NA 183 467 0 NA NA NA NA NA NA 269 652 0 NA NA NA NA NA NA 182 5862 127 NA NA NA NA NA NA 153 2527 147 NA NA NA NA NA 
1782810000.0 136.745 NA 184 524 0 NA NA NA NA NA NA 277 679 0 NA NA NA NA NA NA 239 3569 204 NA NA NA NA NA NA 194 1572 236 NA NA NA NA NA 
1782810000.0 136.746 NA 183 416 0 NA NA NA NA NA NA 269 571 0 NA NA NA NA NA NA 248 5421 130 NA NA NA NA NA NA 227 2319 154 NA NA NA NA NA 
1782810000.0 136.747 NA 185 496 0 NA NA NA NA NA NA 270 664 0 NA NA NA NA NA NA 241 5509 189 NA NA NA NA NA NA 176 2347 219 NA NA NA NA NA 
1782810000.0 136.748 NA 184 417 0 NA NA NA NA NA NA 266 593 0 NA NA NA NA NA NA 259 5124 111 NA NA NA NA NA NA 208 2242 129 NA NA NA NA NA 
1782810000.0 136.749 NA 185 496 0 NA NA NA NA NA NA 270 686 0 NA NA NA NA NA NA 190 6535 195 NA NA NA NA NA NA 142 2597 229 NA NA NA NA NA 
1782810000.0 136.75 NA 187 482 0 NA NA NA NA NA NA 269 672 0 NA NA NA NA NA NA 221 6318 118 NA NA NA NA NA NA 185 2402 142 NA NA NA NA NA 
1782810000.0 136.751 NA 184 477 0 NA NA NA NA NA NA 271 683 0 NA NA NA NA NA NA 194 6620 130 NA NA NA NA NA NA 183 2525 154 NA NA NA NA NA 
1782810000.0 136.752 NA 184 419 0 NA NA NA NA NA NA 268 584 0 NA NA NA NA NA NA 221 5563 97 NA NA NA NA NA NA 207 2261 115 NA NA NA NA NA 
1782810000.0 136.753 NA 184 499 0 NA NA NA NA NA NA 267 683 0 NA NA NA NA NA NA 206 5434 144 NA NA NA NA NA NA 193 2163 168 NA NA NA NA NA 
1782810000.0 136.754 NA 189 546 0 NA NA NA NA NA NA 280 732 0 NA NA NA NA NA NA 232 4039 145 NA NA NA NA NA NA 210 1713 165 NA NA NA NA NA 
1782810000.0 136.755 NA 186 420 0 NA NA NA NA NA NA 271 654 0 NA NA NA NA NA NA 216 5824 123 NA NA NA NA NA NA 175 2318 145 NA NA NA NA NA 
1782810000.0 136.756 NA 185 532 0 NA NA NA NA NA NA 264 676 0 NA NA NA NA NA NA 219 3477 183 NA NA NA NA NA NA 194 1622 210 NA NA NA NA NA 
1782810000.0 136.757 NA 186 420 0 NA NA NA NA NA NA 283 602 0 NA NA NA NA NA NA 250 5213 117 NA NA NA NA NA NA 200 2249 131 NA NA NA NA NA 
1782810000.0 136.758 NA 185 501 0 NA NA NA NA NA NA 280 706 0 NA NA NA NA NA NA 243 6089 187 NA NA NA NA NA NA 194 2261 217 NA NA NA NA NA 
1782810000.0 136.759 NA 175 444 0 NA NA NA NA NA NA 264 681 0 NA NA NA NA NA NA 196 5412 93 NA NA NA NA NA NA 230 2045 110 NA NA NA NA NA 
1782810000.0 136.76 NA 180 497 0 NA NA NA NA NA NA 267 707 0 NA NA NA NA NA NA 246 6801 144 NA NA NA NA NA NA 188 2467 164 NA NA NA NA NA 
1782810000.0 136.761 NA 181 446 0 NA NA NA NA NA NA 265 694 0 NA NA NA NA NA NA 204 6679 87 NA NA NA NA NA NA 228 2414 99 NA NA NA NA NA 
1782810000.0 136.762 NA 175 440 0 NA NA NA NA NA NA 271 648 0 NA NA NA NA NA NA 259 8380 113 NA NA NA NA NA NA 311 3225 137 NA NA NA NA NA 
1782810000.0 136.763 NA 184 428 0 NA NA NA NA NA NA 267 601 0 NA NA NA NA NA NA 233 7640 96 NA NA NA NA NA NA 185 2936 114 NA NA NA NA NA 
1782810000.0 136.764 NA 184 505 0 NA NA NA NA NA NA 267 699 0 NA NA NA NA NA NA 184 6424 139 NA NA NA NA NA NA 202 2339 165 NA NA NA NA NA 
1782810000.0 136.765 NA 179 544 0 NA NA NA NA NA NA 263 726 0 NA NA NA NA NA NA 191 6418 145 NA NA NA NA NA NA 160 2385 170 NA NA NA NA NA 
1782810000.0 136.766 NA 176 434 0 NA NA NA NA NA NA 272 669 0 NA NA NA NA NA NA 196 5632 92 NA NA NA NA NA NA 160 2083 107 NA NA NA NA NA 
1782810000.0 136.767 NA 184 538 0 NA NA NA NA NA NA 273 724 0 NA NA NA NA NA NA 191 5471 193 NA NA NA NA NA NA 177 2384 225 NA NA NA NA NA 
1782810000.0 136.768 NA 180 418 0 NA NA NA NA NA NA 264 614 0 NA NA NA NA NA NA 203 5466 97 NA NA NA NA NA NA 155 2122 112 NA NA NA NA NA 
1782810000.0 136.769 NA 186 490 0 NA NA NA NA NA NA 271 666 0 NA NA NA NA NA NA 232 4951 179 NA NA NA NA NA NA 183 2038 211 NA NA NA NA NA 
1782810000.0 136.77 NA 184 432 0 NA NA NA NA NA NA 267 629 0 NA NA NA NA NA NA 169 5229 111 NA NA NA NA NA NA 154 2310 128 NA NA NA NA NA 
1782810000.0 136.771 NA 185 495 0 NA NA NA NA NA NA 270 665 0 NA NA NA NA NA NA 184 5289 182 NA NA NA NA NA NA 143 2177 208 NA NA NA NA NA 
1782810000.0 136.772 NA 141 444 0 NA NA NA NA NA NA 269 661 0 NA NA NA NA NA NA 179 6142 119 NA NA NA NA NA NA 215 2366 140 NA NA NA NA NA 
1782810000.0 136.773 NA 185 440 0 NA NA NA NA NA NA 268 650 0 NA NA NA NA NA NA 196 5170 123 NA NA NA NA NA NA 163 2281 147 NA NA NA NA NA 
1782810000.0 136.774 NA 185 417 0 NA NA NA NA NA NA 271 577 0 NA NA NA NA NA NA 234 5130 97 NA NA NA NA NA NA 196 2184 117 NA NA NA NA NA 
1782810000.0 136.775 NA 184 496 0 NA NA NA NA NA NA 268 657 0 NA NA NA NA NA NA 209 4736 147 NA NA NA NA NA NA 204 1920 167 NA NA NA NA NA 
1782810000.0 136.776 NA 186 541 0 NA NA NA NA NA NA 263 738 0 NA NA NA NA NA NA 239 4000 145 NA NA NA NA NA NA 182 1740 164 NA NA NA NA NA 
1782810000.0 136.777 NA 185 467 0 NA NA NA NA NA NA 272 643 0 NA NA NA NA NA NA 173 5487 131 NA NA NA NA NA NA 168 2300 154 NA NA NA NA NA 
1782810000.0 136.778 NA 188 530 0 NA NA NA NA NA NA 265 704 0 NA NA NA NA NA NA 224 3046 191 NA NA NA NA NA NA 197 1512 223 NA NA NA NA NA 
1782810000.0 136.779 NA 185 420 0 NA NA NA NA NA NA 268 599 0 NA NA NA NA NA NA 237 5586 119 NA NA NA NA NA NA 171 2392 141 NA NA NA NA NA 
1782810000.0 136.78 NA 206 571 0 NA NA NA NA NA NA 296 764 0 NA NA NA NA NA NA 195 5622 185 NA NA NA NA NA NA 273 2255 215 NA NA NA NA NA 
1782810000.0 136.7801 NA 183 0 NA NA NA NA NA NA NA 282 0 NA NA NA NA NA NA NA 219 65 NA NA NA NA NA NA NA 282 85 NA NA NA NA NA NA 
1782810000.0 136.7802 NA 133 0 NA NA NA NA NA NA NA 216 0 NA NA NA NA NA NA NA 129 55 NA NA NA NA NA NA NA 219 74 NA NA NA NA NA NA 
1782810000.0 136.7803 NA 186 0 NA NA NA NA NA NA NA 291 0 NA NA NA NA NA NA NA 270 58 NA NA NA NA NA NA NA 496 77 NA NA NA NA NA NA 
1782810000.0 136.781 NA 201 472 0 NA NA NA NA NA NA 294 700 0 NA NA NA NA NA NA 177 5184 115 NA NA NA NA NA NA 168 2003 136 NA NA NA NA NA 
1782810000.0 136.782 NA 205 589 0 NA NA NA NA NA NA 294 813 0 NA NA NA NA NA NA 186 6355 225 NA NA NA NA NA NA 163 2388 256 NA NA NA NA NA 
1782810000.0 136.783 NA 200 480 0 NA NA NA NA NA NA 296 769 0 NA NA NA NA NA NA 189 6550 113 NA NA NA NA NA NA 264 2557 134 NA NA NA NA NA 
1782810000.0 136.784 NA 203 458 0 NA NA NA NA NA NA 300 664 0 NA NA NA NA NA NA 172 5124 112 NA NA NA NA NA NA 151 2247 135 NA NA NA NA NA 
1782810000.0 136.785 NA 199 463 0 NA NA NA NA NA NA 286 650 0 NA NA NA NA NA NA 196 5727 108 NA NA NA NA NA NA 232 2393 150 NA NA NA NA NA 
1782810000.0 136.786 NA 201 568 0 NA NA NA NA NA NA 298 792 0 NA NA NA NA NA NA 175 5656 127 NA NA NA NA NA NA 195 2186 141 NA NA NA NA NA 
1782810000.0 136.787 NA 199 646 0 NA NA NA NA NA NA 293 881 0 NA NA NA NA NA NA 205 5599 139 NA NA NA NA NA NA 236 2257 158 NA NA NA NA NA 
1782810000.0 136.788 NA 198 475 0 NA NA NA NA NA NA 298 719 0 NA NA NA NA NA NA 197 6700 118 NA NA NA NA NA NA 244 2534 152 NA NA NA NA NA 
1782810000.0 136.789 NA 207 632 0 NA NA NA NA NA NA 305 821 0 NA NA NA NA NA NA 229 5589 187 NA NA NA NA NA NA 227 2209 213 NA NA NA NA NA 
1782810000.0 136.79 NA 211 456 0 NA NA NA NA NA NA 299 647 0 NA NA NA NA NA NA 240 3631 162 NA NA NA NA NA NA 259 1763 183 NA NA NA NA NA 
1782810000.0 136.791 NA 212 492 0 NA NA NA NA NA NA 311 686 0 NA NA NA NA NA NA 191 1758 200 NA NA NA NA NA NA 174 1479 230 NA NA NA NA NA 
1782810000.0 136.792 NA 209 566 0 NA NA NA NA NA NA 293 749 0 NA NA NA NA NA NA 175 5874 225 NA NA NA NA NA NA 158 2595 256 NA NA NA NA NA 
1782810000.0 136.793 NA 206 509 0 NA NA NA NA NA NA 288 694 0 NA NA NA NA NA NA 176 5161 146 NA NA NA NA NA NA 155 2301 166 NA NA NA NA NA 
1782810000.0 136.794 NA 209 574 0 NA NA NA NA NA NA 302 788 0 NA NA NA NA NA NA 177 5540 185 NA NA NA NA NA NA 193 2215 214 NA NA NA NA NA 
1782810000.0 136.795 NA 208 521 0 NA NA NA NA NA NA 300 719 0 NA NA NA NA NA NA 233 5651 158 NA NA NA NA NA NA 208 2276 186 NA NA NA NA NA 
1782810000.0 136.796 NA 205 468 0 NA NA NA NA NA NA 297 664 0 NA NA NA NA NA NA 171 5490 156 NA NA NA NA NA NA 202 2393 180 NA NA NA NA NA 
1782810000.0 136.797 NA 162 467 0 NA NA NA NA NA NA 290 643 0 NA NA NA NA NA NA 252 5612 135 NA NA NA NA NA NA 229 2241 158 NA NA NA NA NA 
1782810000.0 136.798 NA 207 572 0 NA NA NA NA NA NA 293 766 0 NA NA NA NA NA NA 164 5658 177 NA NA NA NA NA NA 194 2270 209 NA NA NA NA NA 
1782810000.0 136.799 NA 208 680 0 NA NA NA NA NA NA 306 929 0 NA NA NA NA NA NA 244 5194 199 NA NA NA NA NA NA 233 2229 230 NA NA NA NA NA 
1782810000.0 136.8 NA 209 521 0 NA NA NA NA NA NA 295 731 0 NA NA NA NA NA NA 208 5345 142 NA NA NA NA NA NA 209 2180 167 NA NA NA NA NA 
1782810000.0 136.801 NA 205 620 0 NA NA NA NA NA NA 290 837 0 NA NA NA NA NA NA 232 3433 217 NA NA NA NA NA NA 230 1588 251 NA NA NA NA NA 
1782810000.0 136.802 NA 203 455 0 NA NA NA NA NA NA 301 633 0 NA NA NA NA NA NA 214 4998 157 NA NA NA NA NA NA 244 2247 178 NA NA NA NA NA 
1782810000.0 136.803 NA 212 496 0 NA NA NA NA NA NA 304 672 0 NA NA NA NA NA NA 183 1669 172 NA NA NA NA NA NA 170 1372 200 NA NA NA NA NA 
1782810000.0 136.804 NA 210 567 0 NA NA NA NA NA NA 299 771 0 NA NA NA NA NA NA 209 5244 188 NA NA NA NA NA NA 222 2230 211 NA NA NA NA NA 
1782810000.0 136.805 NA 207 509 0 NA NA NA NA NA NA 297 696 0 NA NA NA NA NA NA 159 5936 161 NA NA NA NA NA NA 161 2539 191 NA NA NA NA NA 
1782810000.0 136.806 NA 209 565 0 NA NA NA NA NA NA 301 821 0 NA NA NA NA NA NA 225 5861 201 NA NA NA NA NA NA 172 2470 229 NA NA NA NA NA 
1782810000.0 136.807 NA 209 510 0 NA NA NA NA NA NA 299 725 0 NA NA NA NA NA NA 235 5578 166 NA NA NA NA NA NA 225 2227 193 NA NA NA NA NA 
1782810000.0 136.808 NA 206 494 0 NA NA NA NA NA NA 291 723 0 NA NA NA NA NA NA 162 5850 165 NA NA NA NA NA NA 163 2443 189 NA NA NA NA NA 
1782810000.0 136.809 NA 210 451 0 NA NA NA NA NA NA 301 636 0 NA NA NA NA NA NA 209 6019 135 NA NA NA NA NA NA 193 2571 157 NA NA NA NA NA 
1782810000.0 136.81 NA 209 565 0 NA NA NA NA NA NA 287 763 0 NA NA NA NA NA NA 157 5250 190 NA NA NA NA NA NA 170 2237 216 NA NA NA NA NA 
1782810000.0 136.811 NA 207 663 0 NA NA NA NA NA NA 291 867 0 NA NA NA NA NA NA 219 5046 196 NA NA NA NA NA NA 235 2164 226 NA NA NA NA NA 
1782810000.0 136.812 NA 200 465 0 NA NA NA NA NA NA 305 720 0 NA NA NA NA NA NA 171 4891 119 NA NA NA NA NA NA 142 2054 142 NA NA NA NA NA 
1782810000.0 136.813 NA 208 612 0 NA NA NA NA NA NA 288 818 0 NA NA NA NA NA NA 210 3212 229 NA NA NA NA NA NA 179 1546 263 NA NA NA NA NA 
1782810000.0 136.814 NA 204 460 0 NA NA NA NA NA NA 305 672 0 NA NA NA NA NA NA 220 5372 152 NA NA NA NA NA NA 247 2328 174 NA NA NA NA NA 
1782810000.0 136.815 NA 213 490 0 NA NA NA NA NA NA 299 667 0 NA NA NA NA NA NA 208 1666 161 NA NA NA NA NA NA 199 1365 188 NA NA NA NA NA 
1782810000.0 136.816 NA 204 584 0 NA NA NA NA NA NA 296 841 0 NA NA NA NA NA NA 182 6165 153 NA NA NA NA NA NA 225 2389 169 NA NA NA NA NA 
1782810000.0 136.817 NA 208 510 0 NA NA NA NA NA NA 298 739 0 NA NA NA NA NA NA 176 7129 158 NA NA NA NA NA NA 181 2902 192 NA NA NA NA NA 
1782810000.0 136.818 NA 200 580 0 NA NA NA NA NA NA 298 803 0 NA NA NA NA NA NA 195 6556 150 NA NA NA NA NA NA 193 2431 173 NA NA NA NA NA 
1782810000.0 136.819 NA 199 484 0 NA NA NA NA NA NA 293 746 0 NA NA NA NA NA NA 246 7529 120 NA NA NA NA NA NA 287 3080 142 NA NA NA NA NA 
1782810000.0 136.82 NA 200 479 0 NA NA NA NA NA NA 296 666 0 NA NA NA NA NA NA 188 6154 115 NA NA NA NA NA NA 213 2383 138 NA NA NA NA NA 
1782810000.0 136.821 NA 202 469 0 NA NA NA NA NA NA 300 669 0 NA NA NA NA NA NA 197 5748 103 NA NA NA NA NA NA 209 2237 119 NA NA NA NA NA 
1782810000.0 136.822 NA 202 569 0 NA NA NA NA NA NA 298 801 0 NA NA NA NA NA NA 179 5890 132 NA NA NA NA NA NA 188 2237 149 NA NA NA NA NA 
1782810000.0 136.823 NA 208 650 0 NA NA NA NA NA NA 297 889 0 NA NA NA NA NA NA 173 5346 131 NA NA NA NA NA NA 150 2109 145 NA NA NA NA NA 
1782810000.0 136.824 NA 202 484 0 NA NA NA NA NA NA 300 747 0 NA NA NA NA NA NA 191 6963 116 NA NA NA NA NA NA 288 2665 134 NA NA NA NA NA 
1782810000.0 136.825 NA 204 642 0 NA NA NA NA NA NA 299 865 0 NA NA NA NA NA NA 201 4842 187 NA NA NA NA NA NA 219 2074 211 NA NA NA NA NA 
1782810000.0 136.826 NA 201 461 0 NA NA NA NA NA NA 301 660 0 NA NA NA NA NA NA 203 5832 122 NA NA NA NA NA NA 157 2256 140 NA NA NA NA NA 
1782810000.0 136.827 NA 211 494 0 NA NA NA NA NA NA 296 681 0 NA NA NA NA NA NA 185 1760 171 NA NA NA NA NA NA 165 1427 201 NA NA NA NA NA 
1782810000.0 136.828 NA 201 597 0 NA NA NA NA NA NA 299 825 0 NA NA NA NA NA NA 190 6495 150 NA NA NA NA NA NA 222 2428 166 NA NA NA NA NA 
1782810000.0 136.829 NA 199 471 0 NA NA NA NA NA NA 301 753 0 NA NA NA NA NA NA 191 6326 118 NA NA NA NA NA NA 245 2490 133 NA NA NA NA NA 
1782810000.0 136.83 NA 202 573 0 NA NA NA NA NA NA 295 840 0 NA NA NA NA NA NA 198 6742 153 NA NA NA NA NA NA 236 2422 170 NA NA NA NA NA 
1782810000.0 136.831 NA 201 483 0 NA NA NA NA NA NA 296 769 0 NA NA NA NA NA NA 261 8118 129 NA NA NA NA NA NA 269 2984 152 NA NA NA NA NA 
1782810000.0 136.832 NA 200 504 0 NA NA NA NA NA NA 297 771 0 NA NA NA NA NA NA 244 8833 129 NA NA NA NA NA NA 379 3253 154 NA NA NA NA NA 
1782810000.0 136.833 NA 201 463 0 NA NA NA NA NA NA 294 689 0 NA NA NA NA NA NA 200 6538 103 NA NA NA NA NA NA 228 2601 123 NA NA NA NA NA 
1782810000.0 136.834 NA 200 583 0 NA NA NA NA NA NA 296 822 0 NA NA NA NA NA NA 188 7134 134 NA NA NA NA NA NA 223 2686 151 NA NA NA NA NA 
1782810000.0 136.835 NA 203 660 0 NA NA NA NA NA NA 297 928 0 NA NA NA NA NA NA 194 6105 132 NA NA NA NA NA NA 229 2454 149 NA NA NA NA NA 
1782810000.0 136.836 NA 201 488 0 NA NA NA NA NA NA 300 773 0 NA NA NA NA NA NA 246 7843 134 NA NA NA NA NA NA 292 3026 159 NA NA NA NA NA 
1782810000.0 136.837 NA 208 650 0 NA NA NA NA NA NA 301 889 0 NA NA NA NA NA NA 181 5687 198 NA NA NA NA NA NA 182 2337 225 NA NA NA NA NA 
1782810000.0 136.838 NA 200 469 0 NA NA NA NA NA NA 294 683 0 NA NA NA NA NA NA 239 6643 123 NA NA NA NA NA NA 246 2610 140 NA NA NA NA NA 
1782810000.0 136.839 NA 216 495 0 NA NA NA NA NA NA 308 663 0 NA NA NA NA NA NA 182 1786 191 NA NA NA NA NA NA 181 1443 217 NA NA NA NA NA 
1782810000.0 136.8391 NA 238 588 0 NA NA NA NA NA NA 363 804 0 NA NA NA NA NA NA 438 5681 137 NA NA NA NA NA NA 390 2070 158 NA NA NA NA NA 
1782810000.0 136.84 NA 211 479 0 NA NA NA NA NA NA 305 653 0 NA NA NA NA NA NA 205 5924 148 NA NA NA NA NA NA 184 2375 177 NA NA NA NA NA 
1782810000.0 136.841 NA 211 469 0 NA NA NA NA NA NA 296 649 0 NA NA NA NA NA NA 195 6194 146 NA NA NA NA NA NA 179 2478 181 NA NA NA NA NA 
1782810000.0 136.842 NA 202 461 0 NA NA NA NA NA NA 310 720 0 NA NA NA NA NA NA 256 8001 125 NA NA NA NA NA NA 265 3233 147 NA NA NA NA NA 
1782810000.0 136.843 NA 149 468 0 NA NA NA NA NA NA 304 723 0 NA NA NA NA NA NA 253 9175 115 NA NA NA NA NA NA 508 3329 137 NA NA NA NA NA 
1782810000.0 136.844 NA 204 462 0 NA NA NA NA NA NA 301 676 0 NA NA NA NA NA NA 192 5760 127 NA NA NA NA NA NA 196 2280 150 NA NA NA NA NA 
1782810000.0 136.845 NA 204 456 0 NA NA NA NA NA NA 294 648 0 NA NA NA NA NA NA 217 4988 140 NA NA NA NA NA NA 258 2208 165 NA NA NA NA NA 
1782810000.0 136.846 NA 208 457 0 NA NA NA NA NA NA 298 635 0 NA NA NA NA NA NA 248 4788 133 NA NA NA NA NA NA 208 2194 153 NA NA NA NA NA 
1782810000.0 136.847 NA 203 461 0 NA NA NA NA NA NA 292 649 0 NA NA NA NA NA NA 229 5873 103 NA NA NA NA NA NA 169 2303 117 NA NA NA NA NA 
1782810000.0 136.848 NA 200 460 0 NA NA NA NA NA NA 300 681 0 NA NA NA NA NA NA 255 7571 123 NA NA NA NA NA NA 263 3124 145 NA NA NA NA NA 
1782810000.0 136.849 NA 208 565 0 NA NA NA NA NA NA 296 780 0 NA NA NA NA NA NA 161 5644 199 NA NA NA NA NA NA 186 2424 228 NA NA NA NA NA 
1782810000.0 136.85 NA 208 536 0 NA NA NA NA NA NA 299 768 0 NA NA NA NA NA NA 179 5198 184 NA NA NA NA NA NA 204 2154 214 NA NA NA NA NA 
1782810000.0 136.8501 NA 208 465 0 NA NA NA NA NA NA 296 651 0 NA NA NA NA NA NA 236 5606 135 NA NA NA NA NA NA 215 2275 157 NA NA NA NA NA 
1782810000.0 136.851 NA 207 563 0 NA NA NA NA NA NA 293 763 0 NA NA NA NA NA NA 196 5624 184 NA NA NA NA NA NA 170 2200 211 NA NA NA NA NA 
1782810000.0 136.852 NA 202 487 0 NA NA NA NA NA NA 297 713 0 NA NA NA NA NA NA 175 5144 116 NA NA NA NA NA NA 159 2195 146 NA NA NA NA NA 
1782810000.0 136.853 NA 163 519 0 NA NA NA NA NA NA 296 739 0 NA NA NA NA NA NA 176 5084 147 NA NA NA NA NA NA 216 2210 171 NA NA NA NA NA 
1782810000.0 136.854 NA 208 445 0 NA NA NA NA NA NA 296 664 0 NA NA NA NA NA NA 234 5642 135 NA NA NA NA NA NA 198 2266 157 NA NA NA NA NA 
1782810000.0 136.855 NA 207 657 0 NA NA NA NA NA NA 292 886 0 NA NA NA NA NA NA 228 4980 190 NA NA NA NA NA NA 234 2202 224 NA NA NA NA NA 
1782810000.0 136.856 NA 205 636 0 NA NA NA NA NA NA 295 847 0 NA NA NA NA NA NA 186 4237 195 NA NA NA NA NA NA 227 2283 226 NA NA NA NA NA 
1782810000.0 136.8561 NA 188 465 0 NA NA NA NA NA NA 286 677 0 NA NA NA NA NA NA 172 1285 175 NA NA NA NA NA NA 228 1304 203 NA NA NA NA NA 
1782810000.0 136.8562 NA 194 457 0 NA NA NA NA NA NA 286 658 0 NA NA NA NA NA NA 119 983 131 NA NA NA NA NA NA 130 943 149 NA NA NA NA NA 
1782810000.0 136.857 NA 206 464 0 NA NA NA NA NA NA 298 671 0 NA NA NA NA NA NA 182 5483 165 NA NA NA NA NA NA 199 2328 192 NA NA NA NA NA 
1782810000.0 136.858 NA 211 484 0 NA NA NA NA NA NA 292 681 0 NA NA NA NA NA NA 205 1853 192 NA NA NA NA NA NA 185 1500 217 NA NA NA NA NA 
1782810000.0 136.859 NA 200 473 0 NA NA NA NA NA NA 297 666 0 NA NA NA NA NA NA 196 5824 102 NA NA NA NA NA NA 228 2373 118 NA NA NA NA NA 
1782810000.0 136.86 NA 208 468 0 NA NA NA NA NA NA 297 648 0 NA NA NA NA NA NA 177 5136 129 NA NA NA NA NA NA 179 2210 147 NA NA NA NA NA 
1782810000.0 136.861 NA 199 571 0 NA NA NA NA NA NA 301 783 0 NA NA NA NA NA NA 180 6369 153 NA NA NA NA NA NA 199 2551 171 NA NA NA NA NA 
1782810000.0 136.862 NA 200 502 0 NA NA NA NA NA NA 297 749 0 NA NA NA NA NA NA 183 6678 118 NA NA NA NA NA NA 199 2604 139 NA NA NA NA NA 
1782810000.0 136.863 NA 200 566 0 NA NA NA NA NA NA 299 802 0 NA NA NA NA NA NA 203 6065 155 NA NA NA NA NA NA 200 2359 175 NA NA NA NA NA 
1782810000.0 136.864 NA 199 501 0 NA NA NA NA NA NA 297 792 0 NA NA NA NA NA NA 255 8006 124 NA NA NA NA NA NA 272 3101 150 NA NA NA NA NA 
1782810000.0 136.8642 NA 198 502 0 NA NA NA NA NA NA 297 791 0 NA NA NA NA NA NA 273 8108 132 NA NA NA NA NA NA 321 3186 159 NA NA NA NA NA 
1782810000.0 136.865 NA 198 503 0 NA NA NA NA NA NA 299 778 0 NA NA NA NA NA NA 253 7301 126 NA NA NA NA NA NA 274 3077 152 NA NA NA NA NA 
1782810000.0 136.866 NA 202 473 0 NA NA NA NA NA NA 298 674 0 NA NA NA NA NA NA 225 6747 105 NA NA NA NA NA NA 181 2639 124 NA NA NA NA NA 
1782810000.0 136.867 NA 200 665 0 NA NA NA NA NA NA 299 897 0 NA NA NA NA NA NA 189 5957 134 NA NA NA NA NA NA 227 2382 152 NA NA NA NA NA 
1782810000.0 136.868 NA 201 648 0 NA NA NA NA NA NA 286 850 0 NA NA NA NA NA NA 173 5054 163 NA NA NA NA NA NA 224 2105 186 NA NA NA NA NA 
1782810000.0 136.869 NA 201 480 0 NA NA NA NA NA NA 299 720 0 NA NA NA NA NA NA 206 6275 121 NA NA NA NA NA NA 229 2502 139 NA NA NA NA NA 
1782810000.0 136.87 NA 211 488 0 NA NA NA NA NA NA 310 675 0 NA NA NA NA NA NA 201 1783 176 NA NA NA NA NA NA 182 1487 207 NA NA NA NA NA 
1782810000.0 136.871 NA 199 483 0 NA NA NA NA NA NA 296 718 0 NA NA NA NA NA NA 234 8725 113 NA NA NA NA NA NA 339 3215 140 NA NA NA NA NA 
1782810000.0 136.872 NA 206 496 0 NA NA NA NA NA NA 293 698 0 NA NA NA NA NA NA 232 6756 98 NA NA NA NA NA NA 203 2596 114 NA NA NA NA NA 
1782810000.0 136.873 NA 204 565 0 NA NA NA NA NA NA 298 789 0 NA NA NA NA NA NA 193 5653 147 NA NA NA NA NA NA 154 2107 164 NA NA NA NA NA 
1782810000.0 136.874 NA 199 545 0 NA NA NA NA NA NA 293 786 0 NA NA NA NA NA NA 197 5443 114 NA NA NA NA NA NA 196 2187 134 NA NA NA NA NA 
1782810000.0 136.875 NA 203 576 0 NA NA NA NA NA NA 292 789 0 NA NA NA NA NA NA 219 5768 156 NA NA NA NA NA NA 162 2140 175 NA NA NA NA NA 
1782810000.0 136.876 NA 200 499 0 NA NA NA NA NA NA 299 752 0 NA NA NA NA NA NA 196 6660 109 NA NA NA NA NA NA 232 2491 129 NA NA NA NA NA 
1782810000.0 136.877 NA 207 520 0 NA NA NA NA NA NA 299 735 0 NA NA NA NA NA NA 247 6342 140 NA NA NA NA NA NA 235 2444 165 NA NA NA NA NA 
1782810000.0 136.878 NA 200 469 0 NA NA NA NA NA NA 302 704 0 NA NA NA NA NA NA 198 6011 102 NA NA NA NA NA NA 210 2350 117 NA NA NA NA NA 
1782810000.0 136.879 NA 201 651 0 NA NA NA NA NA NA 293 881 0 NA NA NA NA NA NA 205 5575 136 NA NA NA NA NA NA 237 2455 152 NA NA NA NA NA 
1782810000.0 136.88 NA 206 648 0 NA NA NA NA NA NA 287 844 0 NA NA NA NA NA NA 184 5046 197 NA NA NA NA NA NA 276 2158 229 NA NA NA NA NA 
1782810000.0 136.881 NA 207 478 0 NA NA NA NA NA NA 298 672 0 NA NA NA NA NA NA 250 5600 164 NA NA NA NA NA NA 223 2223 191 NA NA NA NA NA 
1782810000.0 136.882 NA 207 524 0 NA NA NA NA NA NA 290 716 0 NA NA NA NA NA NA 227 2162 195 NA NA NA NA NA NA 233 1525 224 NA NA NA NA NA 
1782810000.0 136.883 NA 201 480 0 NA NA NA NA NA NA 295 697 0 NA NA NA NA NA NA 194 6479 101 NA NA NA NA NA NA 298 2648 119 NA NA NA NA NA 
1782810000.0 136.884 NA 207 482 0 NA NA NA NA NA NA 304 660 0 NA NA NA NA NA NA 225 6044 135 NA NA NA NA NA NA 193 2427 162 NA NA NA NA NA 
1782810000.0 136.885 NA 198 574 0 NA NA NA NA NA NA 292 770 0 NA NA NA NA NA NA 200 5625 159 NA NA NA NA NA NA 193 2079 188 NA NA NA NA NA 
1782810000.0 136.8855 NA 202 164 0 NA NA NA NA NA NA 302 304 0 NA NA NA NA NA NA 183 240 51 NA NA NA NA NA NA 177 379 69 NA NA NA NA NA 
1782810000.0 136.886 NA 198 495 0 NA NA NA NA NA NA 290 722 0 NA NA NA NA NA NA 183 5252 114 NA NA NA NA NA NA 147 2177 133 NA NA NA NA NA 
1782810000.0 136.8861 NA 204 491 0 NA NA NA NA NA NA 306 785 0 NA NA NA NA NA NA 210 4825 129 NA NA NA NA NA NA 337 2227 162 NA NA NA NA NA 
1782810000.0 136.8862 NA 205 509 0 NA NA NA NA NA NA 293 751 0 NA NA NA NA NA NA 174 5565 116 NA NA NA NA NA NA 207 2120 132 NA NA NA NA NA 
1782810000.0 136.887 NA 207 570 0 NA NA NA NA NA NA 298 805 0 NA NA NA NA NA NA 208 6111 194 NA NA NA NA NA NA 258 2360 224 NA NA NA NA NA 
1782810000.0 136.888 NA 203 506 0 NA NA NA NA NA NA 295 764 0 NA NA NA NA NA NA 194 6230 112 NA NA NA NA NA NA 238 2329 128 NA NA NA NA NA 
1782810000.0 136.8885 NA 201 158 0 NA NA NA NA NA NA 294 303 0 NA NA NA NA NA NA 180 235 52 NA NA NA NA NA NA 169 313 70 NA NA NA NA NA 
1782810000.0 136.889 NA 202 513 0 NA NA NA NA NA NA 300 735 0 NA NA NA NA NA NA 191 5989 117 NA NA NA NA NA NA 205 2344 163 NA NA NA NA NA 
1782810000.0 136.89 NA 208 478 0 NA NA NA NA NA NA 302 680 0 NA NA NA NA NA NA 193 6384 139 NA NA NA NA NA NA 210 2623 166 NA NA NA NA NA 
1782810000.0 136.891 NA 205 650 0 NA NA NA NA NA NA 299 858 0 NA NA NA NA NA NA 183 5276 141 NA NA NA NA NA NA 161 2146 162 NA NA NA NA NA 
1782810000.0 136.892 NA 200 650 0 NA NA NA NA NA NA 294 881 0 NA NA NA NA NA NA 170 5138 163 NA NA NA NA NA NA 203 2163 184 NA NA NA NA NA 
1782810000.0 136.893 NA 206 471 0 NA NA NA NA NA NA 293 662 0 NA NA NA NA NA NA 216 5463 121 NA NA NA NA NA NA 164 2405 137 NA NA NA NA NA 
1782810000.0 136.894 NA 212 549 0 NA NA NA NA NA NA 305 732 0 NA NA NA NA NA NA 235 2995 192 NA NA NA NA NA NA 187 1667 234 NA NA NA NA NA 
1782810000.0 136.895 NA 204 478 0 NA NA NA NA NA NA 301 681 0 NA NA NA NA NA NA 190 6281 107 NA NA NA NA NA NA 242 2523 128 NA NA NA NA NA 
1782810000.0 136.896 NA 199 470 0 NA NA NA NA NA NA 299 676 0 NA NA NA NA NA NA 194 5054 108 NA NA NA NA NA NA 204 1979 150 NA NA NA NA NA 
1782810000.0 136.897 NA 316 153 0 NA NA NA NA NA NA 505 257 0 NA NA NA NA NA NA 473 183 103 NA NA NA NA NA NA 355 243 132 NA NA NA NA NA 
1782810000.0 136.898 NA 206 511 0 NA NA NA NA NA NA 293 730 0 NA NA NA NA NA NA 196 6384 138 NA NA NA NA NA NA 188 2476 162 NA NA NA NA NA 
1782810000.0 136.899 NA 329 168 0 NA NA NA NA NA NA 521 290 0 NA NA NA NA NA NA 533 180 104 NA NA NA NA NA NA 416 207 129 NA NA NA NA NA 
1782810000.0 136.901 NA 254 268 313 167 273 269 166 NA NA 477 412 460 256 430 390 279 NA NA 4192 675 739 276 411 471 275 NA NA 4323 721 670 231 506 567 342 NA 
1782810000.0 136.902 NA 267 262 299 161 267 273 166 NA NA 450 394 441 252 443 410 285 NA NA 3697 616 790 275 394 488 260 NA NA 3965 712 730 229 528 561 327 NA 
1782810000.0 136.903 NA 346 331 395 191 316 296 179 NA NA 542 522 569 314 526 430 291 NA NA 4280 1915 1535 785 628 594 196 NA NA 3241 1187 1128 561 682 582 266 NA 
1782810000.0 136.904 NA 347 322 383 179 316 294 173 NA NA 542 510 529 303 537 433 289 NA NA 3950 1146 1089 507 499 520 203 NA NA 2655 787 896 458 619 520 288 NA 
1782810000.0 136.905 NA 345 329 384 186 317 281 188 NA NA 547 499 550 280 523 410 294 NA NA 3906 766 966 327 387 448 174 NA NA 2612 581 865 293 456 597 194 NA 
1782810000.0 136.906 NA 335 313 357 164 294 286 183 NA NA 529 470 474 250 476 418 295 NA NA 4788 529 853 269 355 414 167 NA NA 3056 520 839 306 561 407 184 NA 
1782810000.0 1360.0 148 234 448 0 NA NA NA NA NA 221 335 593 0 NA NA NA NA NA 1110 143 687 160 NA NA NA NA NA 475 149 733 181 NA NA NA NA NA 
1782810000.0 1361.0 132 238 447 0 NA NA NA NA NA 242 324 625 0 NA NA NA NA NA 4166 239 835 187 NA NA NA NA NA 1390 214 757 214 NA NA NA NA NA 
1782810000.0 1361.17 131 304 524 0 167 NA NA NA NA 209 411 703 0 276 NA NA NA NA 3268 204 801 232 210 NA NA NA NA 1180 168 925 251 259 NA NA NA NA 
1782810000.0 1361.18 91 293 515 0 173 NA NA NA NA 206 399 703 0 274 NA NA NA NA 3272 217 798 228 197 NA NA NA NA 1167 253 958 289 231 NA NA NA NA 
1782810000.0 1361.181 132 293 510 0 168 NA NA NA NA 208 392 704 0 277 NA NA NA NA 3300 211 819 242 205 NA NA NA NA 1567 255 1024 306 288 NA NA NA NA 
1782810000.0 1362.0 157 240 456 0 NA NA NA NA NA 232 327 616 0 NA NA NA NA NA 4051 248 864 205 NA NA NA NA NA 1443 207 802 232 NA NA NA NA NA 
1782810000.0 1362.17 85 302 511 0 168 NA NA NA NA 208 410 696 0 282 NA NA NA NA 5386 274 989 264 231 NA NA NA NA 4634 317 1052 297 289 NA NA NA NA 
1782810000.0 1362.18 131 294 512 0 168 NA NA NA NA 212 406 708 0 276 NA NA NA NA 5058 248 1036 270 233 NA NA NA NA 1918 274 944 303 290 NA NA NA NA 
1782810000.0 1363.0 119 237 441 0 NA NA NA NA NA 241 330 601 0 NA NA NA NA NA 4060 173 721 157 NA NA NA NA NA 1626 155 694 176 NA NA NA NA NA 
1782810000.0 1363.17 127 298 512 0 167 NA NA NA NA 208 423 723 0 283 NA NA NA NA 5238 260 1042 250 232 NA NA NA NA 2042 252 1182 287 287 NA NA NA NA 
1782810000.0 1363.18 130 292 511 0 167 NA NA NA NA 211 396 722 0 279 NA NA NA NA 4785 263 1000 237 232 NA NA NA NA 1825 238 971 303 285 NA NA NA NA 
1782810000.0 1364.0 NA 234 431 0 NA NA NA NA NA NA 333 603 0 NA NA NA NA NA NA 219 826 194 NA NA NA NA NA NA 271 857 221 NA NA NA NA NA 
1782810000.0 1365.0 NA 241 431 0 NA NA NA NA NA NA 332 617 0 NA NA NA NA NA NA 252 861 203 NA NA NA NA NA NA 250 1211 227 NA NA NA NA NA 
1782810000.0 1366.0 NA 235 431 0 NA NA NA NA NA NA 335 579 0 NA NA NA NA NA NA 233 853 205 NA NA NA NA NA NA 279 1164 233 NA NA NA NA NA 
1782810000.0 137.8 NA 198 483 NA 200 487 0 NA NA NA 297 817 NA 298 739 0 NA NA NA 180 5279 NA 178 5149 133 NA NA NA 304 2576 NA 160 2195 169 NA NA 
1782810000.0 1370.0 66 159 233 445 0 178 NA NA NA 96 224 338 609 0 280 NA NA NA 21 1060 216 818 220 223 NA NA NA 55 511 197 781 241 279 NA NA NA 
1782810000.0 1370.17 66 141 312 521 0 178 NA NA NA 96 202 413 701 0 277 NA NA NA 21 1409 268 1157 243 214 NA NA NA 60 655 283 1166 262 288 NA NA NA 
1782810000.0 1370.18 66 139 302 525 0 178 NA NA NA 96 196 385 710 0 278 NA NA NA 21 1288 294 1050 225 221 NA NA NA 59 584 249 964 246 273 NA NA NA 
1782810000.0 138.1 NA 325 153 0 NA NA NA NA NA NA 503 257 0 NA NA NA NA NA NA 456 180 106 NA NA NA NA NA NA 375 208 139 NA NA NA NA NA 
1782810000.0 138.2 NA 321 151 0 NA NA NA NA NA NA 515 255 0 NA NA NA NA NA NA 454 184 104 NA NA NA NA NA NA 376 244 135 NA NA NA NA NA 
1782810000.0 138.3 NA 74 474 0 NA NA NA NA NA NA 120 641 0 NA NA NA NA NA NA 29 2368 201 NA NA NA NA NA NA 176 2110 230 NA NA NA NA NA 
1782810000.0 138.4 NA 413 0 NA NA NA NA NA NA NA 619 0 NA NA NA NA NA NA NA 760 146 NA NA NA NA NA NA NA 891 184 NA NA NA NA NA NA 
1782810000.0 138.5 NA 454 216 0 NA NA NA NA NA NA 634 314 0 NA NA NA NA NA NA 991 300 154 NA NA NA NA NA NA 804 300 181 NA NA NA NA NA 
1782810000.0 139.001 NA 214 469 0 NA NA NA NA NA NA 296 633 0 NA NA NA NA NA NA 195 1687 163 NA NA NA NA NA NA 137 1602 181 NA NA NA NA NA 
1782810000.0 139.002 NA 213 554 0 NA NA NA NA NA NA 298 750 0 NA NA NA NA NA NA 152 2040 193 NA NA NA NA NA NA 118 1848 224 NA NA NA NA NA 
1782810000.0 139.003 NA 204 358 0 NA NA NA NA NA NA 296 550 0 NA NA NA NA NA NA 143 1172 66 NA NA NA NA NA NA 152 1113 83 NA NA NA NA NA 
1782810000.0 139.004 NA 207 461 0 NA NA NA NA NA NA 303 656 0 NA NA NA NA NA NA 230 1633 182 NA NA NA NA NA NA 148 1423 210 NA NA NA NA NA 
1782810000.0 139.005 NA 151 132 NA NA NA NA NA NA NA 266 261 NA NA NA NA NA NA NA 6726 5800 NA NA NA NA NA NA NA 5897 1930 NA NA NA NA NA NA 
1782810000.0 139901.0 NA 238 438 0 NA NA NA NA NA NA 337 593 0 NA NA NA NA NA NA 251 820 208 NA NA NA NA NA NA 238 803 233 NA NA NA NA NA 
1782810000.0 139902.0 NA 241 442 0 NA NA NA NA NA NA 354 602 0 NA NA NA NA NA NA 243 969 223 NA NA NA NA NA NA 291 974 250 NA NA NA NA NA 
1782810000.0 13992501.0 NA 394 681 0 NA NA NA NA NA NA 597 941 0 NA NA NA NA NA NA 982 1563 176 NA NA NA NA NA NA 547 1000 201 NA NA NA NA NA 
1782810000.0 13992502.0 NA 438 690 0 NA NA NA NA NA NA 589 908 0 NA NA NA NA NA NA 1264 1697 241 NA NA NA NA NA NA 672 1092 269 NA NA NA NA NA 
1782810000.0 14.0 NA 209 416 0 NA NA NA NA NA NA 320 570 0 NA NA NA NA NA NA 756 1925 197 NA NA NA NA NA NA 330 974 216 NA NA NA NA NA 
1782810000.0 140.001 NA 203 484 0 NA NA NA NA NA NA 305 720 0 NA NA NA NA NA NA 197 1202 155 NA NA NA NA NA NA 135 1200 180 NA NA NA NA NA 
1782810000.0 140.002 NA 210 491 0 NA NA NA NA NA NA 319 748 0 NA NA NA NA NA NA 227 1475 163 NA NA NA NA NA NA 176 1082 190 NA NA NA NA NA 
1782810000.0 140.003 NA 204 524 0 NA NA NA NA NA NA 292 719 0 NA NA NA NA NA NA 203 1220 152 NA NA NA NA NA NA 173 1257 180 NA NA NA NA NA 
1782810000.0 140.004 NA 0 0 0 NA NA NA NA NA NA 0 0 0 NA NA NA NA NA NA 92 1215 262 NA NA NA NA NA NA 145 1323 298 NA NA NA NA NA 
1782810000.0 140.005 NA 205 487 0 NA NA NA NA NA NA 307 714 0 NA NA NA NA NA NA 202 1298 150 NA NA NA NA NA NA 165 1141 180 NA NA NA NA NA 
1782810000.0 140.006 NA 0 0 0 NA NA NA NA NA NA 0 0 0 NA NA NA NA NA NA 66 972 225 NA NA NA NA NA NA 102 1141 247 NA NA NA NA NA 
1782810000.0 140.007 NA 194 482 0 NA NA NA NA NA NA 298 717 0 NA NA NA NA NA NA 100 1223 229 NA NA NA NA NA NA 107 1186 247 NA NA NA NA NA 
1782810000.0 140.008 NA 184 470 0 NA NA NA NA NA NA 268 688 0 NA NA NA NA NA NA 71 1060 225 NA NA NA NA NA NA 81 960 246 NA NA NA NA NA 
1782810000.0 140.009 NA 0 0 0 NA NA NA NA NA NA 0 0 0 NA NA NA NA NA NA 65 942 237 NA NA NA NA NA NA 99 1087 259 NA NA NA NA NA 
1782810000.0 140.01 NA 209 497 0 NA NA NA NA NA NA 305 730 0 NA NA NA NA NA NA 251 1764 174 NA NA NA NA NA NA 188 1225 206 NA NA NA NA NA 
1782810000.0 140.011 NA 0 0 0 NA NA NA NA NA NA 0 0 0 NA NA NA NA NA NA 91 1358 259 NA NA NA NA NA NA 135 1380 294 NA NA NA NA NA 
1782810000.0 140.021 NA 0 0 0 NA NA NA NA NA NA 0 0 0 NA NA NA NA NA NA 66 973 231 NA NA NA NA NA NA 97 919 249 NA NA NA NA NA 
1782810000.0 140.022 NA 210 574 0 NA NA NA NA NA NA 299 815 0 NA NA NA NA NA NA 297 5567 212 NA NA NA NA NA NA 159 2295 246 NA NA NA NA NA 
1782810000.0 140.023 NA 204 603 0 NA NA NA NA NA NA 306 821 0 NA NA NA NA NA NA 183 2787 139 NA NA NA NA NA NA 188 1326 160 NA NA NA NA NA 
1782810000.0 140.024 NA 210 609 0 NA NA NA NA NA NA 309 828 0 NA NA NA NA NA NA 216 5872 201 NA NA NA NA NA NA 186 2282 233 NA NA NA NA NA 
1782810000.0 140.025 NA 212 611 0 NA NA NA NA NA NA 304 813 0 NA NA NA NA NA NA 254 6340 191 NA NA NA NA NA NA 155 2318 223 NA NA NA NA NA 
1782810000.0 140.026 NA 216 625 0 NA NA NA NA NA NA 308 864 0 NA NA NA NA NA NA 235 5974 190 NA NA NA NA NA NA 144 2258 224 NA NA NA NA NA 
1782810000.0 140.027 NA 206 613 0 NA NA NA NA NA NA 308 803 0 NA NA NA NA NA NA 251 6285 183 NA NA NA NA NA NA 202 2500 211 NA NA NA NA NA 
1782810000.0 140.028 NA 210 606 0 NA NA NA NA NA NA 296 802 0 NA NA NA NA NA NA 234 5201 194 NA NA NA NA NA NA 172 2149 236 NA NA NA NA NA 
1782810000.0 140.029 NA 211 606 0 NA NA NA NA NA NA 301 806 0 NA NA NA NA NA NA 254 5687 194 NA NA NA NA NA NA 194 2383 225 NA NA NA NA NA 
1782810000.0 140.03 NA 213 605 0 NA NA NA NA NA NA 312 790 0 NA NA NA NA NA NA 311 5627 178 NA NA NA NA NA NA 191 2325 209 NA NA NA NA NA 
1782810000.0 140.031 NA 211 572 0 NA NA NA NA NA NA 305 824 0 NA NA NA NA NA NA 272 6472 191 NA NA NA NA NA NA 169 2645 221 NA NA NA NA NA 
1782810000.0 140.042 NA 213 598 0 NA NA NA NA NA NA 295 823 0 NA NA NA NA NA NA 299 6249 176 NA NA NA NA NA NA 240 2265 207 NA NA NA NA NA 
1782810000.0 140.043 NA 208 605 0 NA NA NA NA NA NA 307 826 0 NA NA NA NA NA NA 186 3227 143 NA NA NA NA NA NA 119 1366 164 NA NA NA NA NA 
1782810000.0 140.044 NA 212 586 0 NA NA NA NA NA NA 310 839 0 NA NA NA NA NA NA 259 5752 140 NA NA NA NA NA NA 148 2200 162 NA NA NA NA NA 
1782810000.0 140.045 NA 198 599 0 NA NA NA NA NA NA 307 879 0 NA NA NA NA NA NA 262 6296 140 NA NA NA NA NA NA 239 2343 169 NA NA NA NA NA 
1782810000.0 140.046 NA 206 590 0 NA NA NA NA NA NA 306 880 0 NA NA NA NA NA NA 256 6748 134 NA NA NA NA NA NA 208 2458 154 NA NA NA NA NA 
1782810000.0 140.047 NA 201 594 0 NA NA NA NA NA NA 290 863 0 NA NA NA NA NA NA 248 6310 140 NA NA NA NA NA NA 146 2185 162 NA NA NA NA NA 
1782810000.0 140.048 NA 202 621 0 NA NA NA NA NA NA 302 843 0 NA NA NA NA NA NA 216 5281 144 NA NA NA NA NA NA 183 2048 162 NA NA NA NA NA 
1782810000.0 140.049 NA 204 585 0 NA NA NA NA NA NA 301 830 0 NA NA NA NA NA NA 223 5547 141 NA NA NA NA NA NA 126 2112 176 NA NA NA NA NA 
1782810000.0 140.05 NA 209 614 0 NA NA NA NA NA NA 294 842 0 NA NA NA NA NA NA 307 6448 212 NA NA NA NA NA NA 192 2256 245 NA NA NA NA NA 
1782810000.0 140.051 NA 211 621 0 NA NA NA NA NA NA 304 833 0 NA NA NA NA NA NA 274 6123 191 NA NA NA NA NA NA 159 2404 222 NA NA NA NA NA 
1782810000.0 140.062 NA 200 583 0 NA NA NA NA NA NA 289 848 0 NA NA NA NA NA NA 253 6117 131 NA NA NA NA NA NA 192 2290 151 NA NA NA NA NA 
1782810000.0 140.063 NA 209 619 0 NA NA NA NA NA NA 291 821 0 NA NA NA NA NA NA 227 5387 199 NA NA NA NA NA NA 147 2133 228 NA NA NA NA NA 
1782810000.0 140.064 NA 204 595 0 NA NA NA NA NA NA 306 865 0 NA NA NA NA NA NA 250 6633 130 NA NA NA NA NA NA 146 2478 145 NA NA NA NA NA 
1782810000.0 140.065 NA 207 594 0 NA NA NA NA NA NA 304 857 0 NA NA NA NA NA NA 249 6817 131 NA NA NA NA NA NA 148 2478 150 NA NA NA NA NA 
1782810000.0 140.066 NA 201 615 0 NA NA NA NA NA NA 309 907 0 NA NA NA NA NA NA 331 9676 160 NA NA NA NA NA NA 303 3612 184 NA NA NA NA NA 
1782810000.0 140.067 NA 205 594 0 NA NA NA NA NA NA 294 859 0 NA NA NA NA NA NA 250 6522 131 NA NA NA NA NA NA 223 2375 150 NA NA NA NA NA 
1782810000.0 140.068 NA 201 593 0 NA NA NA NA NA NA 300 838 0 NA NA NA NA NA NA 244 6394 138 NA NA NA NA NA NA 154 2403 156 NA NA NA NA NA 
1782810000.0 140.069 NA 204 585 0 NA NA NA NA NA NA 297 861 0 NA NA NA NA NA NA 255 6056 139 NA NA NA NA NA NA 144 2200 158 NA NA NA NA NA 
1782810000.0 140.071 NA 211 560 0 NA NA NA NA NA NA 300 790 0 NA NA NA NA NA NA 303 4255 198 NA NA NA NA NA NA 190 1827 224 NA NA NA NA NA 
1782810000.0 140.072 NA 206 589 0 NA NA NA NA NA NA 290 814 0 NA NA NA NA NA NA 181 2791 141 NA NA NA NA NA NA 161 1266 164 NA NA NA NA NA 
1782810000.0 140.073 NA 211 601 0 NA NA NA NA NA NA 305 792 0 NA NA NA NA NA NA 246 5429 215 NA NA NA NA NA NA 204 2137 247 NA NA NA NA NA 
1782810000.0 140.074 NA 214 611 0 NA NA NA NA NA NA 303 818 0 NA NA NA NA NA NA 241 5694 206 NA NA NA NA NA NA 143 2229 239 NA NA NA NA NA 
1782810000.0 140.075 NA 212 603 0 NA NA NA NA NA NA 312 807 0 NA NA NA NA NA NA 249 6306 177 NA NA NA NA NA NA 179 2431 204 NA NA NA NA NA 
1782810000.0 140.076 NA 212 598 0 NA NA NA NA NA NA 306 803 0 NA NA NA NA NA NA 289 4565 197 NA NA NA NA NA NA 174 1929 229 NA NA NA NA NA 
1782810000.0 140.077 NA 204 595 0 NA NA NA NA NA NA 296 777 0 NA NA NA NA NA NA 314 4543 179 NA NA NA NA NA NA 258 1801 210 NA NA NA NA NA 
1782810000.0 140.078 NA 211 592 0 NA NA NA NA NA NA 308 771 0 NA NA NA NA NA NA 295 4788 191 NA NA NA NA NA NA 179 1992 224 NA NA NA NA NA 
1782810000.0 140.101 NA 209 659 0 NA NA NA NA NA NA 299 908 0 NA NA NA NA NA NA 236 5823 202 NA NA NA NA NA NA 180 2529 234 NA NA NA NA NA 
1782810000.0 140.102 NA 206 594 0 NA NA NA NA NA NA 305 908 0 NA NA NA NA NA NA 255 6491 140 NA NA NA NA NA NA 223 2584 168 NA NA NA NA NA 
1782810000.0 140.103 NA 202 609 0 NA NA NA NA NA NA 307 929 0 NA NA NA NA NA NA 340 8105 200 NA NA NA NA NA NA 287 3100 234 NA NA NA NA NA 
1782810000.0 140.104 NA 202 633 0 NA NA NA NA NA NA 306 922 0 NA NA NA NA NA NA 323 9883 166 NA NA NA NA NA NA 319 3918 195 NA NA NA NA NA 
1782810000.0 140.105 NA 200 630 0 NA NA NA NA NA NA 295 937 0 NA NA NA NA NA NA 259 6731 138 NA NA NA NA NA NA 234 2585 163 NA NA NA NA NA 
1782810000.0 140.106 NA 205 613 0 NA NA NA NA NA NA 306 857 0 NA NA NA NA NA NA 241 6234 138 NA NA NA NA NA NA 216 2570 168 NA NA NA NA NA 
1782810000.0 140.107 NA 207 604 0 NA NA NA NA NA NA 290 863 0 NA NA NA NA NA NA 263 6349 133 NA NA NA NA NA NA 225 2486 150 NA NA NA NA NA 
1782810000.0 140.108 NA 201 591 0 NA NA NA NA NA NA 306 876 0 NA NA NA NA NA NA 246 6290 137 NA NA NA NA NA NA 141 2313 158 NA NA NA NA NA 
1782810000.0 140.109 NA 210 619 0 NA NA NA NA NA NA 307 828 0 NA NA NA NA NA NA 263 3204 214 NA NA NA NA NA NA 203 1490 243 NA NA NA NA NA 
1782810000.0 140.11 NA 204 590 0 NA NA NA NA NA NA 302 853 0 NA NA NA NA NA NA 272 6172 138 NA NA NA NA NA NA 168 2508 157 NA NA NA NA NA 
1782810000.0 140.111 NA 208 612 0 NA NA NA NA NA NA 296 871 0 NA NA NA NA NA NA 238 6680 129 NA NA NA NA NA NA 135 2607 145 NA NA NA NA NA 
1782810000.0 140.112 NA 204 593 0 NA NA NA NA NA NA 308 892 0 NA NA NA NA NA NA 255 6467 134 NA NA NA NA NA NA 212 2495 153 NA NA NA NA NA 
1782810000.0 140.113 NA 0 0 0 NA NA NA NA NA NA 0 0 0 NA NA NA NA NA NA 72 817 485 NA NA NA NA NA NA 121 753 507 NA NA NA NA NA 
1782810000.0 140.56 NA 813 0 NA NA NA NA NA NA NA 1259 0 NA NA NA NA NA NA NA 5913 144 NA NA NA NA NA NA NA 2294 169 NA NA NA NA NA NA 
1782810000.0 140.5611 NA 256 0 NA NA NA NA NA NA NA 367 0 NA NA NA NA NA NA NA 938 53 NA NA NA NA NA NA NA 518 70 NA NA NA NA NA NA 
1782810000.0 140.57 NA 531 0 NA NA NA NA NA NA NA 766 0 NA NA NA NA NA NA NA 1356 170 NA NA NA NA NA NA NA 1074 196 NA NA NA NA NA NA 
1782810000.0 140.58 NA 105 831 0 NA NA NA NA NA NA 164 1205 0 NA NA NA NA NA NA 86 5730 144 NA NA NA NA NA NA 153 2120 205 NA NA NA NA NA 
1782810000.0 140.6 NA 92 398 0 NA NA NA NA NA NA 146 615 0 NA NA NA NA NA NA 47 408 115 NA NA NA NA NA NA 120 453 146 NA NA NA NA NA 
1782810000.0 140.61 NA 407 0 NA NA NA NA NA NA NA 644 0 NA NA NA NA NA NA NA 746 117 NA NA NA NA NA NA NA 569 150 NA NA NA NA NA NA 
1782810000.0 14034.0 NA 588 0 NA NA NA NA NA NA NA 783 0 NA NA NA NA NA NA NA 1998 128 NA NA NA NA NA NA NA 937 146 NA NA NA NA NA NA 
1782810000.0 141.001 NA 206 582 0 NA NA NA NA NA NA 292 851 0 NA NA NA NA NA NA 241 6147 130 NA NA NA NA NA NA 179 2232 148 NA NA NA NA NA 
1782810000.0 141.002 NA 214 622 0 NA NA NA NA NA NA 309 829 0 NA NA NA NA NA NA 246 3815 198 NA NA NA NA NA NA 163 1684 224 NA NA NA NA NA 
1782810000.0 141.003 NA 214 633 0 NA NA NA NA NA NA 307 862 0 NA NA NA NA NA NA 230 6165 204 NA NA NA NA NA NA 154 2434 233 NA NA NA NA NA 
1782810000.0 141.004 NA 206 541 0 NA NA NA NA NA NA 308 761 0 NA NA NA NA NA NA 228 1962 154 NA NA NA NA NA NA 182 1435 181 NA NA NA NA NA 
1782810000.0 141.005 NA 209 546 0 NA NA NA NA NA NA 306 806 0 NA NA NA NA NA NA 202 3359 140 NA NA NA NA NA NA 122 1452 159 NA NA NA NA NA 
1782810000.0 141.006 NA 211 556 0 NA NA NA NA NA NA 304 778 0 NA NA NA NA NA NA 278 3855 181 NA NA NA NA NA NA 174 1634 205 NA NA NA NA NA 
1782810000.0 141.007 NA 216 566 0 NA NA NA NA NA NA 310 819 0 NA NA NA NA NA NA 254 5626 207 NA NA NA NA NA NA 143 2407 236 NA NA NA NA NA 
1782810000.0 141.008 NA 202 600 0 NA NA NA NA NA NA 292 852 0 NA NA NA NA NA NA 244 7240 136 NA NA NA NA NA NA 203 2619 159 NA NA NA NA NA 
1782810000.0 141.008405 NA 203 163 0 NA NA NA NA NA NA 294 256 0 NA NA NA NA NA NA 244 395 54 NA NA NA NA NA NA 162 250 73 NA NA NA NA NA 
1782810000.0 141.008411 NA 206 151 0 NA NA NA NA NA NA 304 240 0 NA NA NA NA NA NA 243 192 59 NA NA NA NA NA NA 166 184 73 NA NA NA NA NA 
1782810000.0 141.008421 NA 209 156 0 NA NA NA NA NA NA 300 234 0 NA NA NA NA NA NA 244 212 56 NA NA NA NA NA NA 149 181 73 NA NA NA NA NA 
1782810000.0 141.009 NA 0 0 0 NA NA NA NA NA NA 0 0 0 NA NA NA NA NA NA 80 1663 427 NA NA NA NA NA NA 168 1639 495 NA NA NA NA NA 
1782810000.0 141.01 NA 201 616 0 NA NA NA NA NA NA 294 854 0 NA NA NA NA NA NA 248 6821 131 NA NA NA NA NA NA 211 2493 151 NA NA NA NA NA 
1782810000.0 141.011 NA 202 591 0 NA NA NA NA NA NA 297 865 0 NA NA NA NA NA NA 223 5917 140 NA NA NA NA NA NA 169 2183 159 NA NA NA NA NA 
1782810000.0 141.012 NA 209 598 0 NA NA NA NA NA NA 293 802 0 NA NA NA NA NA NA 297 5843 191 NA NA NA NA NA NA 187 2336 223 NA NA NA NA NA 
1782810000.0 141.013 NA 206 597 0 NA NA NA NA NA NA 300 880 0 NA NA NA NA NA NA 233 5963 140 NA NA NA NA NA NA 224 2178 158 NA NA NA NA NA 
1782810000.0 141.031 NA 202 592 0 NA NA NA NA NA NA 298 875 0 NA NA NA NA NA NA 249 6720 131 NA NA NA NA NA NA 149 2458 150 NA NA NA NA NA 
1782810000.0 141.032 NA 212 630 0 NA NA NA NA NA NA 303 836 0 NA NA NA NA NA NA 234 5681 209 NA NA NA NA NA NA 173 2238 243 NA NA NA NA NA 
1782810000.0 141.033 NA 202 589 0 NA NA NA NA NA NA 310 839 0 NA NA NA NA NA NA 271 7695 137 NA NA NA NA NA NA 294 2830 158 NA NA NA NA NA 
1782810000.0 141.034 NA 205 572 0 NA NA NA NA NA NA 304 867 0 NA NA NA NA NA NA 258 7603 138 NA NA NA NA NA NA 276 2789 166 NA NA NA NA NA 
1782810000.0 141.035 NA 200 601 0 NA NA NA NA NA NA 293 902 0 NA NA NA NA NA NA 310 8658 171 NA NA NA NA NA NA 348 3140 201 NA NA NA NA NA 
1782810000.0 141.036 NA 207 547 0 NA NA NA NA NA NA 297 739 0 NA NA NA NA NA NA 179 2172 141 NA NA NA NA NA NA 143 1133 187 NA NA NA NA NA 
1782810000.0 141.037 NA 202 603 0 NA NA NA NA NA NA 299 872 0 NA NA NA NA NA NA 229 6025 140 NA NA NA NA NA NA 135 2277 158 NA NA NA NA NA 
1782810000.0 141.038 NA 202 599 0 NA NA NA NA NA NA 310 879 0 NA NA NA NA NA NA 263 6733 130 NA NA NA NA NA NA 243 2503 146 NA NA NA NA NA 
1782810000.0 141.039 NA 202 591 0 NA NA NA NA NA NA 302 852 0 NA NA NA NA NA NA 250 6832 131 NA NA NA NA NA NA 152 2484 149 NA NA NA NA NA 
1782810000.0 141.041 NA 203 613 0 NA NA NA NA NA NA 301 875 0 NA NA NA NA NA NA 356 10594 190 NA NA NA NA NA NA 493 3721 219 NA NA NA NA NA 
1782810000.0 141.042 NA 202 634 0 NA NA NA NA NA NA 293 890 0 NA NA NA NA NA NA 209 5592 138 NA NA NA NA NA NA 181 2091 154 NA NA NA NA NA 
1782810000.0 141.043 NA 199 614 0 NA NA NA NA NA NA 311 912 0 NA NA NA NA NA NA 370 13245 158 NA NA NA NA NA NA 552 4747 183 NA NA NA NA NA 
1782810000.0 141.044 NA 199 606 0 NA NA NA NA NA NA 300 869 0 NA NA NA NA NA NA 364 11246 159 NA NA NA NA NA NA 550 4301 191 NA NA NA NA NA 
1782810000.0 141.045 NA 201 655 0 NA NA NA NA NA NA 304 950 0 NA NA NA NA NA NA 346 15453 151 NA NA NA NA NA NA 424 5731 178 NA NA NA NA NA 
1782810000.0 141.046 NA 202 609 0 NA NA NA NA NA NA 294 887 0 NA NA NA NA NA NA 314 10734 171 NA NA NA NA NA NA 330 4089 205 NA NA NA NA NA 
1782810000.0 141.047 NA 198 583 0 NA NA NA NA NA NA 308 863 0 NA NA NA NA NA NA 365 12159 182 NA NA NA NA NA NA 522 4292 211 NA NA NA NA NA 
1782810000.0 141.048 NA 199 615 0 NA NA NA NA NA NA 303 920 0 NA NA NA NA NA NA 364 12196 167 NA NA NA NA NA NA 566 4380 196 NA NA NA NA NA 
1782810000.0 141.049 NA 202 598 0 NA NA NA NA NA NA 302 847 0 NA NA NA NA NA NA 261 6584 142 NA NA NA NA NA NA 234 2350 164 NA NA NA NA NA 
1782810000.0 141.101 NA 211 664 0 NA NA NA NA NA NA 302 910 0 NA NA NA NA NA NA 200 5210 201 NA NA NA NA NA NA 176 2117 237 NA NA NA NA NA 
1782810000.0 141.102 NA 201 602 0 NA NA NA NA NA NA 304 902 0 NA NA NA NA NA NA 353 8575 162 NA NA NA NA NA NA 266 3248 192 NA NA NA NA NA 
1782810000.0 141.103 NA 201 626 0 NA NA NA NA NA NA 304 1018 0 NA NA NA NA NA NA 305 8951 159 NA NA NA NA NA NA 363 3655 189 NA NA NA NA NA 
1782810000.0 141.104 NA 200 617 0 NA NA NA NA NA NA 298 905 0 NA NA NA NA NA NA 345 9081 162 NA NA NA NA NA NA 364 3318 188 NA NA NA NA NA 
1782810000.0 141.105 NA 216 587 0 NA NA NA NA NA NA 312 793 0 NA NA NA NA NA NA 212 2764 187 NA NA NA NA NA NA 139 1555 220 NA NA NA NA NA 
1782810000.0 141.106 NA 207 605 0 NA NA NA NA NA NA 303 906 0 NA NA NA NA NA NA 230 6324 134 NA NA NA NA NA NA 140 2459 153 NA NA NA NA NA 
1782810000.0 141.107 NA 202 611 0 NA NA NA NA NA NA 299 889 0 NA NA NA NA NA NA 267 7388 138 NA NA NA NA NA NA 289 2846 172 NA NA NA NA NA 
1782810000.0 141.108 NA 199 602 0 NA NA NA NA NA NA 291 891 0 NA NA NA NA NA NA 332 7931 184 NA NA NA NA NA NA 312 3048 212 NA NA NA NA NA 
1782810000.0 141.109 NA 212 637 0 NA NA NA NA NA NA 306 890 0 NA NA NA NA NA NA 244 5027 186 NA NA NA NA NA NA 174 2199 215 NA NA NA NA NA 
1782810000.0 141.11 NA 200 609 0 NA NA NA NA NA NA 312 936 0 NA NA NA NA NA NA 346 9572 171 NA NA NA NA NA NA 317 3701 201 NA NA NA NA NA 
1782810000.0 141.111 NA 200 604 0 NA NA NA NA NA NA 298 890 0 NA NA NA NA NA NA 339 8420 181 NA NA NA NA NA NA 257 3145 213 NA NA NA NA NA 
1782810000.0 141.112 NA 198 606 0 NA NA NA NA NA NA 297 879 0 NA NA NA NA NA NA 333 8687 183 NA NA NA NA NA NA 367 3139 209 NA NA NA NA NA 
1782810000.0 141.113 NA 0 0 0 NA NA NA NA NA NA 0 0 0 NA NA NA NA NA NA 70 447 218 NA NA NA NA NA NA 153 554 282 NA NA NA NA NA 
1782810000.0 141.114 NA 202 605 0 NA NA NA NA NA NA 296 891 0 NA NA NA NA NA NA 259 6792 140 NA NA NA NA NA NA 229 2644 176 NA NA NA NA NA 
1782810000.0 141.201 136 241 618 0 NA NA NA NA NA 188 344 795 0 NA NA NA NA NA 1159 189 1410 256 NA NA NA NA NA 976 176 1448 286 NA NA NA NA NA 
1782810000.0 141.202 130 234 115 527 0 NA NA NA NA 175 314 157 714 0 NA NA NA NA 1031 176 85 892 255 NA NA NA NA 694 161 96 936 283 NA NA NA NA 
1782810000.0 141.301 NA 370 883 0 NA NA NA NA NA NA 578 1429 0 NA NA NA NA NA NA 1548 14023 202 NA NA NA NA NA NA 1651 5317 234 NA NA NA NA NA 
1782810000.0 141.901 NA 530 0 NA NA NA NA NA NA NA 763 0 NA NA NA NA NA NA NA 3628 125 NA NA NA NA NA NA NA 1506 143 NA NA NA NA NA NA 
1782810000.0 141.902 NA 470 0 NA NA NA NA NA NA NA 677 0 NA NA NA NA NA NA NA 3734 153 NA NA NA NA NA NA NA 1666 177 NA NA NA NA NA NA 
1782810000.0 142.201 119 234 601 0 NA NA NA NA NA 179 342 801 0 NA NA NA NA NA 1093 202 1253 246 NA NA NA NA NA 940 215 1318 300 NA NA NA NA NA 
1782810000.0 142.202 129 235 115 529 0 NA NA NA NA 169 374 156 721 0 NA NA NA NA 1082 163 75 876 291 NA NA NA NA 733 148 101 923 337 NA NA NA NA 
1782810000.0 142.901 NA 473 0 NA NA NA NA NA NA NA 666 0 NA NA NA NA NA NA NA 3473 124 NA NA NA NA NA NA NA 1483 145 NA NA NA NA NA NA 
1782810000.0 142.902 NA 469 0 NA NA NA NA NA NA NA 680 0 NA NA NA NA NA NA NA 3915 133 NA NA NA NA NA NA NA 1676 153 NA NA NA NA NA NA 
1782810000.0 142.903 NA 403 0 NA NA NA NA NA NA NA 580 0 NA NA NA NA NA NA NA 1336 125 NA NA NA NA NA NA NA 939 150 NA NA NA NA NA NA 
1782810000.0 14234.0 NA 728 0 NA NA NA NA NA NA NA 1000 0 NA NA NA NA NA NA NA 3648 144 NA NA NA NA NA NA NA 1723 162 NA NA NA NA NA NA 
1782810000.0 143.201 93 246 609 0 NA NA NA NA NA 192 373 807 0 NA NA NA NA NA 1056 188 1223 253 NA NA NA NA NA 960 198 1203 299 NA NA NA NA NA 
1782810000.0 143.202 130 240 117 528 0 NA NA NA NA 173 360 162 737 0 NA NA NA NA 1121 183 86 927 261 NA NA NA NA 900 164 99 992 296 NA NA NA NA 
1782810000.0 143.901 NA 538 0 NA NA NA NA NA NA NA 798 0 NA NA NA NA NA NA NA 5989 163 NA NA NA NA NA NA NA 2230 191 NA NA NA NA NA NA 
1782810000.0 143.902 NA 480 0 NA NA NA NA NA NA NA 698 0 NA NA NA NA NA NA NA 4317 148 NA NA NA NA NA NA NA 1906 171 NA NA NA NA NA NA 
1782810000.0 143.911 NA 510 0 NA NA NA NA NA NA NA 702 0 NA NA NA NA NA NA NA 6480 164 NA NA NA NA NA NA NA 2231 193 NA NA NA NA NA NA 
1782810000.0 143.912 NA 518 0 NA NA NA NA NA NA NA 725 0 NA NA NA NA NA NA NA 11469 147 NA NA NA NA NA NA NA 4227 169 NA NA NA NA NA NA 
1782810000.0 143.921 NA 514 0 NA NA NA NA NA NA NA 795 0 NA NA NA NA NA NA NA 5515 173 NA NA NA NA NA NA NA 2121 203 NA NA NA NA NA NA 
1782810000.0 144.201 135 359 567 0 NA NA NA NA NA 178 494 810 0 NA NA NA NA NA 1012 293 1006 239 NA NA NA NA NA 999 408 1041 258 NA NA NA NA NA 
1782810000.0 144.202 130 362 179 530 0 NA NA NA NA 172 561 276 750 0 NA NA NA NA 869 359 158 1121 270 NA NA NA NA 666 378 181 1231 328 NA NA NA NA 
1782810000.0 144.6 NA 383 NA NA NA NA NA NA NA NA 524 NA NA NA NA NA NA NA NA 1599 NA NA NA NA NA NA NA NA 1655 NA NA NA NA NA NA NA 
1782810000.0 144.901 NA 538 0 NA NA NA NA NA NA NA 751 0 NA NA NA NA NA NA NA 5291 170 NA NA NA NA NA NA NA 2010 196 NA NA NA NA NA NA 
1782810000.0 144.902 NA 473 0 NA NA NA NA NA NA NA 672 0 NA NA NA NA NA NA NA 3650 126 NA NA NA NA NA NA NA 1503 146 NA NA NA NA NA NA 
1782810000.0 144.903 NA 571 0 NA NA NA NA NA NA NA 795 0 NA NA NA NA NA NA NA 6291 163 NA NA NA NA NA NA NA 2452 190 NA NA NA NA NA NA 
1782810000.0 145.415 210 594 0 NA NA NA NA NA NA 327 804 0 NA NA NA NA NA NA 102 2376 193 NA NA NA NA NA NA 122 2078 223 NA NA NA NA NA NA 
1782810000.0 146.101 NA 202 668 0 NA NA NA NA NA NA 327 976 0 NA NA NA NA NA NA 273 8122 168 NA NA NA NA NA NA 288 3708 199 NA NA NA NA NA 
1782810000.0 146.102 NA 210 662 0 NA NA NA NA NA NA 334 978 0 NA NA NA NA NA NA 347 12847 166 NA NA NA NA NA NA 468 5397 195 NA NA NA NA NA 
1782810000.0 146.103 NA 201 730 0 NA NA NA NA NA NA 328 1045 0 NA NA NA NA NA NA 273 11448 146 NA NA NA NA NA NA 363 5498 183 NA NA NA NA NA 
1782810000.0 146.104 NA 200 658 0 NA NA NA NA NA NA 322 1038 0 NA NA NA NA NA NA 360 13980 168 NA NA NA NA NA NA 438 7161 196 NA NA NA NA NA 
1782810000.0 146.105 NA 202 676 0 NA NA NA NA NA NA 325 1055 0 NA NA NA NA NA NA 340 11952 190 NA NA NA NA NA NA 551 5082 217 NA NA NA NA NA 
1782810000.0 146.106 NA 212 658 0 NA NA NA NA NA NA 319 977 0 NA NA NA NA NA NA 347 12271 179 NA NA NA NA NA NA 521 5139 206 NA NA NA NA NA 
1782810000.0 146.107 NA 200 673 0 NA NA NA NA NA NA 326 1004 0 NA NA NA NA NA NA 282 10058 146 NA NA NA NA NA NA 397 4962 188 NA NA NA NA NA 
1782810000.0 146.108 NA 199 627 0 NA NA NA NA NA NA 320 965 0 NA NA NA NA NA NA 366 12535 172 NA NA NA NA NA NA 526 5157 198 NA NA NA NA NA 
1782810000.0 146.109 NA 201 632 0 NA NA NA NA NA NA 317 974 0 NA NA NA NA NA NA 327 9177 166 NA NA NA NA NA NA 397 4272 191 NA NA NA NA NA 
1782810000.0 146.11 NA 201 644 0 NA NA NA NA NA NA 340 977 0 NA NA NA NA NA NA 377 11711 162 NA NA NA NA NA NA 594 4992 189 NA NA NA NA NA 
1782810000.0 146.111 NA 198 645 0 NA NA NA NA NA NA 327 987 0 NA NA NA NA NA NA 380 12375 160 NA NA NA NA NA NA 488 6225 190 NA NA NA NA NA 
1782810000.0 148.0 122 261 480 0 NA NA NA NA NA 171 353 666 0 NA NA NA NA NA 781 184 831 224 NA NA NA NA NA 511 260 911 251 NA NA NA NA NA 
1782810000.0 149.0 133 278 509 0 NA NA NA NA NA 185 379 677 0 NA NA NA NA NA 568 190 881 233 NA NA NA NA NA 428 237 1071 267 NA NA NA NA NA 
1782810000.0 149.1 139 250 501 0 NA NA NA NA NA 190 365 696 0 NA NA NA NA NA 645 193 841 220 NA NA NA NA NA 548 176 923 251 NA NA NA NA NA 
1782810000.0 15.0 NA 183 362 0 NA NA NA NA NA NA 286 526 0 NA NA NA NA NA NA 647 987 187 NA NA NA NA NA NA 299 858 210 NA NA NA NA NA 
1782810000.0 158.0 89 235 497 132 0 NA NA NA NA 178 328 673 196 0 NA NA NA NA 983 181 989 241 253 NA NA NA NA 877 230 970 293 291 NA NA NA NA 
1782810000.0 158.1 NA 278 507 0 NA NA NA NA NA NA 386 719 0 NA NA NA NA NA NA 273 985 250 NA NA NA NA NA NA 257 1161 284 NA NA NA NA NA 
1782810000.0 158.2 NA 273 502 0 NA NA NA NA NA NA 375 693 0 NA NA NA NA NA NA 262 1029 267 NA NA NA NA NA NA 300 1196 306 NA NA NA NA NA 
1782810000.0 158.3 NA 273 502 0 NA NA NA NA NA NA 386 702 0 NA NA NA NA NA NA 249 981 240 NA NA NA NA NA NA 263 1232 274 NA NA NA NA NA 
1782810000.0 158.5 120 225 493 131 0 NA NA NA NA 169 318 682 200 0 NA NA NA NA 1221 169 967 247 258 NA NA NA NA 684 214 1057 289 292 NA NA NA NA 
1782810000.0 159.0 137 231 474 132 0 NA NA NA NA 192 332 647 206 0 NA NA NA NA 974 175 741 218 233 NA NA NA NA 733 159 756 238 268 NA NA NA NA 
1782810000.0 159.01 NA 223 0 NA NA NA NA NA NA NA 326 0 NA NA NA NA NA NA NA 708 59 NA NA NA NA NA NA NA 483 75 NA NA NA NA NA NA 
1782810000.0 159.02 109 235 124 483 133 0 NA NA NA 178 326 169 652 205 0 NA NA NA 995 183 90 678 208 241 NA NA NA 822 171 126 683 238 270 NA NA NA 
1782810000.0 159.03 126 214 107 239 179 NA NA NA NA 174 309 155 430 306 NA NA NA NA 956 148 75 296 201 NA NA NA NA 733 227 98 397 205 NA NA NA NA 
1782810000.0 159.1 144 271 480 0 NA NA NA NA NA 191 364 664 0 NA NA NA NA NA 1027 211 640 192 NA NA NA NA NA 538 144 568 243 NA NA NA NA NA 
1782810000.0 159.2 137 262 478 0 NA NA NA NA NA 190 363 650 0 NA NA NA NA NA 927 226 783 231 NA NA NA NA NA 600 210 765 260 NA NA NA NA NA 
1782810000.0 159.3 139 265 482 0 NA NA NA NA NA 187 362 664 0 NA NA NA NA NA 857 237 745 243 NA NA NA NA NA 717 178 758 278 NA NA NA NA NA 
1782810000.0 159.4 139 260 484 0 NA NA NA NA NA 191 358 681 0 NA NA NA NA NA 871 215 711 193 NA NA NA NA NA 564 170 642 217 NA NA NA NA NA 
1782810000.0 16.0 NA 196 383 0 NA NA NA NA NA NA 297 552 0 NA NA NA NA NA NA 649 1236 222 NA NA NA NA NA NA 294 938 251 NA NA NA NA NA 
1782810000.0 160.0 137 240 478 133 0 NA NA NA NA 179 333 651 208 0 NA NA NA NA 986 182 665 217 261 NA NA NA NA 705 187 778 239 295 NA NA NA NA 
1782810000.0 160.02 136 245 123 488 131 0 NA NA NA 179 333 167 673 206 0 NA NA NA 976 185 81 733 214 260 NA NA NA 748 163 91 811 260 297 NA NA NA 
1782810000.0 160.03 131 227 106 255 181 NA NA NA NA 184 321 156 474 304 NA NA NA NA 1001 160 70 291 205 NA NA NA NA 882 247 92 387 213 NA NA NA NA 
1782810000.0 160.1 142 290 493 0 NA NA NA NA NA 190 399 688 0 NA NA NA NA NA 819 228 635 197 NA NA NA NA NA 489 163 685 236 NA NA NA NA NA 
1782810000.0 160.2 139 290 492 0 NA NA NA NA NA 187 392 678 0 NA NA NA NA NA 660 222 630 194 NA NA NA NA NA 431 163 703 250 NA NA NA NA NA 
1782810000.0 160.3 139 299 507 0 NA NA NA NA NA 189 399 690 0 NA NA NA NA NA 714 221 620 204 NA NA NA NA NA 561 165 577 239 NA NA NA NA NA 
1782810000.0 160.4 140 292 491 0 NA NA NA NA NA 200 392 681 0 NA NA NA NA NA 890 270 800 241 NA NA NA NA NA 602 231 785 280 NA NA NA NA NA 
1782810000.0 160.401 126 224 105 461 188 NA NA NA NA 174 331 156 630 262 NA NA NA NA 753 130 62 608 156 NA NA NA NA 655 160 89 669 160 NA NA NA NA 
1782810000.0 161.0 145 240 530 134 0 NA NA NA NA 192 364 724 202 0 NA NA NA NA 1236 180 917 218 300 NA NA NA NA 925 176 909 244 335 NA NA NA NA 
1782810000.0 161.02 137 241 123 533 134 0 NA NA NA 191 367 169 711 207 0 NA NA NA 1003 167 85 1015 231 299 NA NA NA 810 163 106 943 267 330 NA NA NA 
1782810000.0 161.03 125 229 105 249 179 NA NA NA NA 173 350 156 473 293 NA NA NA NA 877 164 74 296 201 NA NA NA NA 718 218 97 392 212 NA NA NA NA 
1782810000.0 161.1 140 291 553 0 NA NA NA NA NA 190 391 744 0 NA NA NA NA NA 851 270 828 229 NA NA NA NA NA 569 161 816 251 NA NA NA NA NA 
1782810000.0 161.2 141 294 536 0 NA NA NA NA NA 189 398 737 0 NA NA NA NA NA 660 227 879 234 NA NA NA NA NA 442 148 1035 265 NA NA NA NA NA 
1782810000.0 161.3 141 303 564 0 NA NA NA NA NA 197 414 744 0 NA NA NA NA NA 1076 279 830 292 NA NA NA NA NA 703 185 784 333 NA NA NA NA NA 
1782810000.0 161.4 136 291 539 0 NA NA NA NA NA 200 411 760 0 NA NA NA NA NA 698 232 819 233 NA NA NA NA NA 457 154 814 277 NA NA NA NA NA 
1782810000.0 162.0 103 244 524 133 0 NA NA NA NA 177 354 707 202 0 NA NA NA NA 1069 202 940 205 245 NA NA NA NA 974 202 989 225 316 NA NA NA NA 
1782810000.0 162.02 136 240 123 525 133 0 NA NA NA 182 357 162 700 205 0 NA NA NA 1023 189 84 976 236 289 NA NA NA 905 213 94 902 272 325 NA NA NA 
1782810000.0 162.03 125 228 109 245 181 NA NA NA NA 170 359 163 458 305 NA NA NA NA 999 176 69 308 205 NA NA NA NA 808 232 94 444 212 NA NA NA NA 
1782810000.0 162.1 140 302 536 0 NA NA NA NA NA 198 412 737 0 NA NA NA NA NA 847 234 825 226 NA NA NA NA NA 485 135 794 247 NA NA NA NA NA 
1782810000.0 162.2 141 295 545 0 NA NA NA NA NA 188 392 746 0 NA NA NA NA NA 970 275 932 268 NA NA NA NA NA 659 173 859 302 NA NA NA NA NA 
1782810000.0 162.3 142 294 554 0 NA NA NA NA NA 190 391 736 0 NA NA NA NA NA 956 279 920 282 NA NA NA NA NA 625 179 862 316 NA NA NA NA NA 
1782810000.0 162.4 138 292 530 0 NA NA NA NA NA 198 389 714 0 NA NA NA NA NA 689 260 855 225 NA NA NA NA NA 440 174 1064 249 NA NA NA NA NA 
1782810000.0 163.0 134 360 530 129 0 NA NA NA NA 178 529 735 204 0 NA NA NA NA 1008 289 768 215 239 NA NA NA NA 1030 369 803 248 267 NA NA NA NA 
1782810000.0 163.02 96 356 175 519 129 0 NA NA NA 190 514 280 728 204 0 NA NA NA 1267 427 180 1044 235 271 NA NA NA 2456 769 251 1392 277 338 NA NA NA 
1782810000.0 163.03 135 350 164 243 223 NA NA NA NA 184 556 281 438 310 NA NA NA NA 750 273 152 303 177 NA NA NA NA 713 345 212 368 173 NA NA NA NA 
1782810000.0 163.1 142 442 564 0 NA NA NA NA NA 189 636 777 0 NA NA NA NA NA 1241 584 943 318 NA NA NA NA NA 773 413 888 359 NA NA NA NA NA 
1782810000.0 163.2 141 437 562 0 NA NA NA NA NA 202 637 762 0 NA NA NA NA NA 859 551 1148 305 NA NA NA NA NA 548 409 1174 344 NA NA NA NA NA 
1782810000.0 163.3 140 434 573 0 NA NA NA NA NA 187 624 759 0 NA NA NA NA NA 996 519 1030 322 NA NA NA NA NA 669 359 976 358 NA NA NA NA NA 
1782810000.0 163.4 140 429 559 0 NA NA NA NA NA 194 614 772 0 NA NA NA NA NA 979 526 1080 300 NA NA NA NA NA 632 406 990 337 NA NA NA NA NA 
1782810000.0 16434.0 NA 584 0 NA NA NA NA NA NA NA 846 0 NA NA NA NA NA NA NA 2051 130 NA NA NA NA NA NA NA 968 146 NA NA NA NA NA NA 
1782810000.0 16634.0 NA 780 0 NA NA NA NA NA NA NA 1002 0 NA NA NA NA NA NA NA 2651 130 NA NA NA NA NA NA NA 1292 143 NA NA NA NA NA NA 
1782810000.0 16834.0 NA 351 571 0 185 NA NA NA NA NA 445 791 0 293 NA NA NA NA NA 369 1265 242 289 NA NA NA NA NA 216 1139 273 325 NA NA NA NA 
1782810000.0 17.0 NA 193 366 0 NA NA NA NA NA NA 290 551 0 NA NA NA NA NA NA 670 1076 188 NA NA NA NA NA NA 300 896 214 NA NA NA NA NA 
1782810000.0 17034.0 NA 660 1045 0 NA NA NA NA NA NA 926 1517 0 NA NA NA NA NA NA 1973 2966 224 NA NA NA NA NA NA 824 1571 260 NA NA NA NA NA 
1782810000.0 17034.21 NA 571 335 231 184 NA NA NA NA NA 731 529 346 285 NA NA NA NA NA 1804 1023 262 164 NA NA NA NA NA 821 524 225 168 NA NA NA NA 
1782810000.0 17034.96 NA 140 589 836 0 NA NA NA NA NA 184 799 1145 0 NA NA NA NA NA 1120 1251 1609 241 NA NA NA NA NA 595 520 1034 275 NA NA NA NA 
1782810000.0 18.0 NA 182 361 0 NA NA NA NA NA NA 278 508 0 NA NA NA NA NA NA 649 1027 212 NA NA NA NA NA NA 301 1002 242 NA NA NA NA NA 
1782810000.0 180.0 133 292 523 133 0 NA NA NA NA 190 388 696 209 0 NA NA NA NA 615 298 964 213 226 NA NA NA NA 583 197 981 271 260 NA NA NA NA 
1782810000.0 180.1 130 292 500 134 0 NA NA NA NA 210 398 700 200 0 NA NA NA NA 3039 208 698 185 183 NA NA NA NA 1315 138 748 233 217 NA NA NA NA 
1782810000.0 18034.0 NA 575 0 NA NA NA NA NA NA NA 810 0 NA NA NA NA NA NA NA 2177 130 NA NA NA NA NA NA NA 976 161 NA NA NA NA NA NA 
1782810000.0 181.0 135 293 575 134 0 NA NA NA NA 182 401 783 208 0 NA NA NA NA 588 281 1164 223 236 NA NA NA NA 536 187 1153 264 273 NA NA NA NA 
1782810000.0 181.1 96 288 547 130 0 NA NA NA NA 205 421 742 203 0 NA NA NA NA 4087 307 1135 245 269 NA NA NA NA 1518 217 1233 283 307 NA NA NA NA 
1782810000.0 182.0 134 294 563 130 0 NA NA NA NA 179 395 741 205 0 NA NA NA NA 607 275 1224 232 241 NA NA NA NA 555 169 1211 278 280 NA NA NA NA 
1782810000.0 182.1 129 285 549 128 0 NA NA NA NA 203 412 747 204 0 NA NA NA NA 3610 278 1134 263 303 NA NA NA NA 1595 237 1132 304 347 NA NA NA NA 
1782810000.0 18234.0 NA 730 0 NA NA NA NA NA NA NA 1022 0 NA NA NA NA NA NA NA 3324 159 NA NA NA NA NA NA NA 1683 181 NA NA NA NA NA NA 
1782810000.0 183.0 133 423 568 135 0 NA NA NA NA 180 555 778 207 0 NA NA NA NA 446 453 1215 210 269 NA NA NA NA 431 382 1204 237 325 NA NA NA NA 
1782810000.0 183.01 131 412 595 130 0 NA NA NA NA 183 580 844 209 0 NA NA NA NA 451 407 981 218 243 NA NA NA NA 457 386 1192 237 263 NA NA NA NA 
1782810000.0 183.1 132 407 563 130 0 NA NA NA NA 205 568 764 203 0 NA NA NA NA 3494 466 1228 225 281 NA NA NA NA 1468 429 1248 335 350 NA NA NA NA 
1782810000.0 18434.0 NA 513 651 0 166 NA NA NA NA NA 750 899 0 251 NA NA NA NA NA 773 1683 357 273 NA NA NA NA NA 1000 1968 452 302 NA NA NA NA 
1782810000.0 18634.0 NA 819 1128 0 NA NA NA NA NA NA 1314 1508 0 NA NA NA NA NA NA 2455 2995 308 NA NA NA NA NA NA 3482 3093 396 NA NA NA NA NA 
1782810000.0 18634.21 NA 703 347 267 189 NA NA NA NA NA 925 490 353 283 NA NA NA NA NA 2824 1041 307 240 NA NA NA NA NA 1369 534 295 255 NA NA NA NA 
1782810000.0 19.0 NA 182 363 0 NA NA NA NA NA NA 277 502 0 NA NA NA NA NA NA 651 1023 196 NA NA NA NA NA NA 293 861 229 NA NA NA NA NA 
1782810000.0 2.0 141 181 281 NA NA NA NA NA NA 251 275 435 NA NA NA NA NA NA 922 176 450 NA NA NA NA NA NA 517 167 494 NA NA NA NA NA NA 
1782810000.0 20.0 NA 187 366 0 NA NA NA NA NA NA 283 527 0 NA NA NA NA NA NA 639 1144 221 NA NA NA NA NA NA 280 897 255 NA NA NA NA NA 
1782810000.0 200.0 NA 268 456 0 NA NA NA NA NA NA 363 629 0 NA NA NA NA NA NA 306 905 170 NA NA NA NA NA NA 276 873 184 NA NA NA NA NA 
1782810000.0 2017.1 412 0 214 163 NA NA NA NA NA 612 0 311 275 NA NA NA NA NA 614 124 326 246 NA NA NA NA NA 517 219 396 310 NA NA NA NA NA 
1782810000.0 2017.11 460 0 221 164 NA NA NA NA NA 624 0 308 270 NA NA NA NA NA 648 144 406 233 NA NA NA NA NA 537 164 447 295 NA NA NA NA NA 
1782810000.0 2017.12 462 0 215 162 NA NA NA NA NA 639 0 317 268 NA NA NA NA NA 555 123 328 232 NA NA NA NA NA 620 189 454 293 NA NA NA NA NA 
1782810000.0 2017.13 474 0 NA NA NA NA NA NA NA 640 0 NA NA NA NA NA NA NA 442 160 NA NA NA NA NA NA NA 383 191 NA NA NA NA NA NA NA 
1782810000.0 2017.2 408 0 206 161 NA NA NA NA NA 535 0 294 268 NA NA NA NA NA 479 121 298 232 NA NA NA NA NA 607 145 402 291 NA NA NA NA NA 
1782810000.0 2017.3 414 0 208 166 NA NA NA NA NA 554 0 306 268 NA NA NA NA NA 373 99 240 178 NA NA NA NA NA 739 204 264 261 NA NA NA NA NA 
1782810000.0 2017.4 457 0 210 162 NA NA NA NA NA 615 0 310 271 NA NA NA NA NA 521 111 327 241 NA NA NA NA NA 608 125 433 308 NA NA NA NA NA 
1782810000.0 2017.5 459 0 210 161 NA NA NA NA NA 612 0 306 269 NA NA NA NA NA 537 115 317 231 NA NA NA NA NA 528 130 426 288 NA NA NA NA NA 
1782810000.0 2017.6 454 0 221 162 NA NA NA NA NA 638 0 309 265 NA NA NA NA NA 628 122 322 236 NA NA NA NA NA 578 140 357 299 NA NA NA NA NA 
1782810000.0 2017.7 453 0 204 162 NA NA NA NA NA 615 0 310 270 NA NA NA NA NA 548 128 317 229 NA NA NA NA NA 535 148 413 288 NA NA NA NA NA 
1782810000.0 2017.8 214 NA NA NA NA NA NA NA NA 332 NA NA NA NA NA NA NA NA 428 NA NA NA NA NA NA NA NA 337 NA NA NA NA NA NA NA NA 
1782810000.0 2017.9 453 0 217 163 NA NA NA NA NA 618 0 307 271 NA NA NA NA NA 407 106 240 180 NA NA NA NA NA 622 179 288 234 NA NA NA NA NA 
1782810000.0 2018.1 462 0 212 163 NA NA NA NA NA 649 0 303 274 NA NA NA NA NA 610 124 352 229 NA NA NA NA NA 540 167 444 291 NA NA NA NA NA 
1782810000.0 2018.11 467 0 221 165 NA NA NA NA NA 645 0 323 275 NA NA NA NA NA 541 113 308 182 NA NA NA NA NA 607 162 261 236 NA NA NA NA NA 
1782810000.0 2018.12 453 0 218 162 NA NA NA NA NA 628 0 306 266 NA NA NA NA NA 577 114 326 244 NA NA NA NA NA 504 131 425 300 NA NA NA NA NA 
1782810000.0 2018.13 500 0 NA NA NA NA NA NA NA 633 0 NA NA NA NA NA NA NA 474 164 NA NA NA NA NA NA NA 403 197 NA NA NA NA NA NA NA 
1782810000.0 2018.2 408 0 208 162 NA NA NA NA NA 528 0 289 269 NA NA NA NA NA 391 97 241 175 NA NA NA NA NA 669 147 295 216 NA NA NA NA NA 
1782810000.0 2018.3 408 0 207 167 NA NA NA NA NA 533 0 302 270 NA NA NA NA NA 386 94 247 174 NA NA NA NA NA 636 115 340 231 NA NA NA NA NA 
1782810000.0 2018.4 460 0 209 173 NA NA NA NA NA 645 0 302 267 NA NA NA NA NA 429 101 248 179 NA NA NA NA NA 533 118 306 233 NA NA NA NA NA 
1782810000.0 2018.5 454 0 200 162 NA NA NA NA NA 619 0 304 266 NA NA NA NA NA 535 126 318 244 NA NA NA NA NA 545 145 431 315 NA NA NA NA NA 
1782810000.0 2018.6 461 0 213 162 NA NA NA NA NA 624 0 307 276 NA NA NA NA NA 581 122 326 229 NA NA NA NA NA 473 163 376 292 NA NA NA NA NA 
1782810000.0 2018.7 462 0 210 166 NA NA NA NA NA 633 0 299 275 NA NA NA NA NA 436 106 234 179 NA NA NA NA NA 702 159 243 230 NA NA NA NA NA 
1782810000.0 2018.8 211 NA NA NA NA NA NA NA NA 338 NA NA NA NA NA NA NA NA 432 NA NA NA NA NA NA NA NA 368 NA NA NA NA NA NA NA NA 
1782810000.0 2018.9 457 0 215 162 NA NA NA NA NA 640 0 312 272 NA NA NA NA NA 420 105 249 176 NA NA NA NA NA 545 155 320 229 NA NA NA NA NA 
1782810000.0 202.0 NA 266 463 0 NA NA NA NA NA NA 370 641 0 NA NA NA NA NA NA 288 936 165 NA NA NA NA NA NA 278 935 180 NA NA NA NA NA 
1782810000.0 2022.0000001 NA 202 584 0 NA NA NA NA NA NA 296 806 0 NA NA NA NA NA NA 262 5998 133 NA NA NA NA NA NA 234 2162 152 NA NA NA NA NA 
1782810000.0 2022.0000002 NA 208 541 0 NA NA NA NA NA NA 304 732 0 NA NA NA NA NA NA 228 5620 138 NA NA NA NA NA NA 177 2157 157 NA NA NA NA NA 
1782810000.0 2022.0010001 NA 202 575 0 NA NA NA NA NA NA 305 819 0 NA NA NA NA NA NA 250 6385 132 NA NA NA NA NA NA 208 2237 151 NA NA NA NA NA 
1782810000.0 2022.0010002 NA 203 482 0 NA NA NA NA NA NA 309 744 0 NA NA NA NA NA NA 253 6052 139 NA NA NA NA NA NA 276 2350 157 NA NA NA NA NA 
1782810000.0 2022.0020001 NA 202 580 0 NA NA NA NA NA NA 292 822 0 NA NA NA NA NA NA 246 6507 138 NA NA NA NA NA NA 177 2414 157 NA NA NA NA NA 
1782810000.0 2022.0020002 NA 201 541 0 NA NA NA NA NA NA 302 747 0 NA NA NA NA NA NA 257 6453 140 NA NA NA NA NA NA 235 2324 159 NA NA NA NA NA 
1782810000.0 2023.0000001 NA 214 601 0 NA NA NA NA NA NA 300 806 0 NA NA NA NA NA NA 194 6025 184 NA NA NA NA NA NA 122 2224 213 NA NA NA NA NA 
1782810000.0 2023.0000002 NA 208 555 0 NA NA NA NA NA NA 306 743 0 NA NA NA NA NA NA 207 5920 208 NA NA NA NA NA NA 186 2320 240 NA NA NA NA NA 
1782810000.0 2023.0010001 NA 199 594 0 NA NA NA NA NA NA 302 829 0 NA NA NA NA NA NA 338 9173 173 NA NA NA NA NA NA 352 3112 199 NA NA NA NA NA 
1782810000.0 2023.0010002 NA 199 544 0 NA NA NA NA NA NA 303 795 0 NA NA NA NA NA NA 318 9293 162 NA NA NA NA NA NA 344 3826 190 NA NA NA NA NA 
1782810000.0 2023.0020001 NA 200 628 0 NA NA NA NA NA NA 296 906 0 NA NA NA NA NA NA 322 12624 155 NA NA NA NA NA NA 446 4535 185 NA NA NA NA NA 
1782810000.0 2023.0020002 NA 200 576 0 NA NA NA NA NA NA 304 816 0 NA NA NA NA NA NA 343 12898 168 NA NA NA NA NA NA 504 4597 195 NA NA NA NA NA 
1782810000.0 2024.0000001 NA 214 564 0 NA NA NA NA NA NA 331 748 0 NA NA NA NA NA NA 266 3980 196 NA NA NA NA NA NA 178 1720 223 NA NA NA NA NA 
1782810000.0 2024.0000002 NA 210 525 0 NA NA NA NA NA NA 318 701 0 NA NA NA NA NA NA 269 4411 197 NA NA NA NA NA NA 194 2170 234 NA NA NA NA NA 
1782810000.0 2024.0010001 NA 202 605 0 NA NA NA NA NA NA 317 887 0 NA NA NA NA NA NA 353 10874 155 NA NA NA NA NA NA 435 3787 186 NA NA NA NA NA 
1782810000.0 2024.0010002 NA 213 553 0 NA NA NA NA NA NA 317 793 0 NA NA NA NA NA NA 355 10803 161 NA NA NA NA NA NA 565 3825 189 NA NA NA NA NA 
1782810000.0 2024.0020001 NA 212 586 0 NA NA NA NA NA NA 334 817 0 NA NA NA NA NA NA 256 5945 201 NA NA NA NA NA NA 236 2270 236 NA NA NA NA NA 
1782810000.0 2024.0020002 NA 214 537 0 NA NA NA NA NA NA 330 743 0 NA NA NA NA NA NA 210 5248 198 NA NA NA NA NA NA 157 2171 248 NA NA NA NA NA 
1782810000.0 2024.0030001 NA 200 604 0 NA NA NA NA NA NA 329 864 0 NA NA NA NA NA NA 360 13000 186 NA NA NA NA NA NA 495 4811 221 NA NA NA NA NA 
1782810000.0 2024.0030002 NA 201 566 0 NA NA NA NA NA NA 321 783 0 NA NA NA NA NA NA 354 12553 171 NA NA NA NA NA NA 522 4523 198 NA NA NA NA NA 
1782810000.0 2024.0040001 NA 204 582 0 NA NA NA NA NA NA 325 826 0 NA NA NA NA NA NA 251 6881 131 NA NA NA NA NA NA 192 2550 151 NA NA NA NA NA 
1782810000.0 2024.0040002 NA 202 519 0 NA NA NA NA NA NA 333 732 0 NA NA NA NA NA NA 269 7016 145 NA NA NA NA NA NA 294 2698 162 NA NA NA NA NA 
1782810000.0 2024.0050001 NA 202 603 0 NA NA NA NA NA NA 336 881 0 NA NA NA NA NA NA 372 11156 196 NA NA NA NA NA NA 460 4094 223 NA NA NA NA NA 
1782810000.0 2024.0050002 NA 199 566 0 NA NA NA NA NA NA 334 767 0 NA NA NA NA NA NA 364 11113 181 NA NA NA NA NA NA 573 4062 210 NA NA NA NA NA 
1782810000.0 2024.0060001 NA 206 580 0 NA NA NA NA NA NA 317 800 0 NA NA NA NA NA NA 241 5972 145 NA NA NA NA NA NA 188 2193 168 NA NA NA NA NA 
1782810000.0 2024.0060002 NA 209 546 0 NA NA NA NA NA NA 316 768 0 NA NA NA NA NA NA 223 7089 204 NA NA NA NA NA NA 151 2729 235 NA NA NA NA NA 
1782810000.0 2024.0070001 NA 202 575 0 NA NA NA NA NA NA 326 832 0 NA NA NA NA NA NA 226 5840 139 NA NA NA NA NA NA 201 2147 198 NA NA NA NA NA 
1782810000.0 2024.0070002 NA 207 529 0 NA NA NA NA NA NA 331 727 0 NA NA NA NA NA NA 213 5825 148 NA NA NA NA NA NA 160 2234 170 NA NA NA NA NA 
1782810000.0 2025.0000001 NA 455 653 0 NA NA NA NA NA NA 703 941 0 NA NA NA NA NA NA 1344 7729 167 NA NA NA NA NA NA 2081 8123 197 NA NA NA NA NA 
1782810000.0 2025.0000002 NA 452 545 0 NA NA NA NA NA NA 703 819 0 NA NA NA NA NA NA 1397 7132 163 NA NA NA NA NA NA 1880 6496 195 NA NA NA NA NA 
1782810000.0 2025.0010001 NA 479 649 0 NA NA NA NA NA NA 763 973 0 NA NA NA NA NA NA 1731 12032 182 NA NA NA NA NA NA 1812 13085 218 NA NA NA NA NA 
1782810000.0 2025.0010002 NA 485 612 0 NA NA NA NA NA NA 739 845 0 NA NA NA NA NA NA 1742 11354 180 NA NA NA NA NA NA 1802 10596 221 NA NA NA NA NA 
1782810000.0 2025.0020001 NA 470 632 0 NA NA NA NA NA NA 752 978 0 NA NA NA NA NA NA 1607 10270 180 NA NA NA NA NA NA 1676 12088 216 NA NA NA NA NA 
1782810000.0 2025.0020002 NA 440 596 0 NA NA NA NA NA NA 729 877 0 NA NA NA NA NA NA 1631 9678 173 NA NA NA NA NA NA 2118 9360 210 NA NA NA NA NA 
1782810000.0 203.0 NA 256 454 0 NA NA NA NA NA NA 378 640 0 NA NA NA NA NA NA 383 1157 227 NA NA NA NA NA NA 369 1410 256 NA NA NA NA NA 
1782810000.0 204.0 141 239 446 0 NA NA NA NA NA 233 346 606 0 NA NA NA NA NA 746 289 863 176 NA NA NA NA NA 468 321 813 195 NA NA NA NA NA 
1782810000.0 205.0 NA 249 444 0 NA NA NA NA NA NA 371 619 0 NA NA NA NA NA NA 291 887 172 NA NA NA NA NA NA 305 881 188 NA NA NA NA NA 
1782810000.0 21.0 NA 183 368 0 NA NA NA NA NA NA 277 531 0 NA NA NA NA NA NA 702 1202 227 NA NA NA NA NA NA 380 885 256 NA NA NA NA NA 
1782810000.0 22.0 NA 196 371 0 NA NA NA NA NA NA 295 543 0 NA NA NA NA NA NA 693 1419 256 NA NA NA NA NA NA 325 1008 287 NA NA NA NA NA 
1782810000.0 23.0 NA 209 402 0 NA NA NA NA NA NA 314 550 0 NA NA NA NA NA NA 772 1494 238 NA NA NA NA NA NA 380 995 278 NA NA NA NA NA 
1782810000.0 24.0 NA 211 408 0 NA NA NA NA NA NA 315 580 0 NA NA NA NA NA NA 915 1891 247 NA NA NA NA NA NA 393 1211 288 NA NA NA NA NA 
1782810000.0 25.0 NA 222 446 0 136 NA NA NA NA NA 320 603 0 204 NA NA NA NA NA 1096 2221 204 297 NA NA NA NA NA 521 1322 267 368 NA NA NA NA 
1782810000.0 2500.0001 NA 261 0 NA NA NA NA NA NA NA 431 0 NA NA NA NA NA NA NA 26724 50 NA NA NA NA NA NA NA 22597 65 NA NA NA NA NA NA 
1782810000.0 2500.0002 NA 263 0 NA NA NA NA NA NA NA 444 0 NA NA NA NA NA NA NA 25998 51 NA NA NA NA NA NA NA 22067 67 NA NA NA NA NA NA 
1782810000.0 2500.0003 NA 304 0 NA NA NA NA NA NA NA 514 0 NA NA NA NA NA NA NA 28361 51 NA NA NA NA NA NA NA 23744 67 NA NA NA NA NA NA 
1782810000.0 2500.0004 NA 302 0 NA NA NA NA NA NA NA 512 0 NA NA NA NA NA NA NA 27956 50 NA NA NA NA NA NA NA 23467 68 NA NA NA NA NA NA 
1782810000.0 2500.0101 NA 272 0 NA NA NA NA NA NA NA 422 0 NA NA NA NA NA NA NA 16314 50 NA NA NA NA NA NA NA 11753 65 NA NA NA NA NA NA 
1782810000.0 2500.0102 NA 289 0 NA NA NA NA NA NA NA 471 0 NA NA NA NA NA NA NA 23862 50 NA NA NA NA NA NA NA 20525 67 NA NA NA NA NA NA 
1782810000.0 2500.0103 NA 279 0 NA NA NA NA NA NA NA 438 0 NA NA NA NA NA NA NA 19974 49 NA NA NA NA NA NA NA 17203 63 NA NA NA NA NA NA 
1782810000.0 2500.0201 NA 270 185 0 NA NA NA NA NA NA 411 308 0 NA NA NA NA NA NA 878 372 77 NA NA NA NA NA NA 630 401 106 NA NA NA NA NA 
1782810000.0 2500.0202 NA 270 184 0 NA NA NA NA NA NA 408 296 0 NA NA NA NA NA NA 988 373 72 NA NA NA NA NA NA 920 410 85 NA NA NA NA NA 
1782810000.0 2500.0203 NA 286 188 0 NA NA NA NA NA NA 428 309 0 NA NA NA NA NA NA 961 371 72 NA NA NA NA NA NA 575 412 86 NA NA NA NA NA 
1782810000.0 2500.0204 NA 289 187 0 NA NA NA NA NA NA 429 300 0 NA NA NA NA NA NA 1025 386 65 NA NA NA NA NA NA 646 428 80 NA NA NA NA NA 
1782810000.0 2500.0301 NA 278 176 0 NA NA NA NA NA NA 394 267 0 NA NA NA NA NA NA 852 254 51 NA NA NA NA NA NA 667 330 65 NA NA NA NA NA 
1782810000.0 2500.0302 NA 267 176 0 NA NA NA NA NA NA 423 272 0 NA NA NA NA NA NA 844 256 51 NA NA NA NA NA NA 570 333 67 NA NA NA NA NA 
1782810000.0 2500.0303 NA 278 179 0 NA NA NA NA NA NA 401 271 0 NA NA NA NA NA NA 864 266 49 NA NA NA NA NA NA 583 353 63 NA NA NA NA NA 
1782810000.0 2500.0304 NA 278 186 0 NA NA NA NA NA NA 413 266 0 NA NA NA NA NA NA 874 271 49 NA NA NA NA NA NA 713 365 63 NA NA NA NA NA 
1782810000.0 2500.0401 NA 206 186 0 NA NA NA NA NA NA 309 307 0 NA NA NA NA NA NA 458 286 51 NA NA NA NA NA NA 303 347 67 NA NA NA NA NA 
1782810000.0 2500.0402 NA 211 186 0 NA NA NA NA NA NA 320 301 0 NA NA NA NA NA NA 464 294 50 NA NA NA NA NA NA 288 370 67 NA NA NA NA NA 
1782810000.0 2500.0403 NA 214 188 0 NA NA NA NA NA NA 318 304 0 NA NA NA NA NA NA 487 297 51 NA NA NA NA NA NA 289 368 66 NA NA NA NA NA 
1782810000.0 2500.0404 NA 209 188 0 NA NA NA NA NA NA 318 296 0 NA NA NA NA NA NA 481 300 50 NA NA NA NA NA NA 321 360 66 NA NA NA NA NA 
1782810000.0 2500.0501 NA 196 176 0 NA NA NA NA NA NA 294 268 0 NA NA NA NA NA NA 362 259 51 NA NA NA NA NA NA 274 347 66 NA NA NA NA NA 
1782810000.0 2500.0502 NA 206 182 0 NA NA NA NA NA NA 309 272 0 NA NA NA NA NA NA 455 273 49 NA NA NA NA NA NA 303 352 66 NA NA NA NA NA 
1782810000.0 2500.0503 NA 204 185 0 NA NA NA NA NA NA 304 264 0 NA NA NA NA NA NA 402 267 50 NA NA NA NA NA NA 271 358 64 NA NA NA NA NA 
1782810000.0 2500.1001 NA 303 0 NA NA NA NA NA NA NA 530 0 NA NA NA NA NA NA NA 22992 51 NA NA NA NA NA NA NA 19683 68 NA NA NA NA NA NA 
1782810000.0 2500.1101 NA 280 0 NA NA NA NA NA NA NA 422 0 NA NA NA NA NA NA NA 15557 51 NA NA NA NA NA NA NA 8650 71 NA NA NA NA NA NA 
1782810000.0 2500.1201 NA 204 192 0 NA NA NA NA NA NA 314 314 0 NA NA NA NA NA NA 447 269 50 NA NA NA NA NA NA 239 316 64 NA NA NA NA NA 
1782810000.0 2500.1301 NA 231 191 0 NA NA NA NA NA NA 317 276 0 NA NA NA NA NA NA 366 240 50 NA NA NA NA NA NA 217 298 68 NA NA NA NA NA 
1782810000.0 2500.1501 NA 149 NA NA NA NA NA NA NA NA 269 NA NA NA NA NA NA NA NA 3039 NA NA NA NA NA NA NA NA 1011 NA NA NA NA NA NA NA 
1782810000.0 2500.1502 NA 129 NA NA NA NA NA NA NA NA 254 NA NA NA NA NA NA NA NA 7211 NA NA NA NA NA NA NA NA 12866 NA NA NA NA NA NA NA 
1782810000.0 2500.1503 NA 148 NA NA NA NA NA NA NA NA 270 NA NA NA NA NA NA NA NA 4138 NA NA NA NA NA NA NA NA 1269 NA NA NA NA NA NA NA 
1782810000.0 2500.1504 NA 139 NA NA NA NA NA NA NA NA 249 NA NA NA NA NA NA NA NA 9345 NA NA NA NA NA NA NA NA 14689 NA NA NA NA NA NA NA 
1782810000.0 2500.2201 NA 222 NA NA NA NA NA NA NA NA 365 NA NA NA NA NA NA NA NA 1942 NA NA NA NA NA NA NA NA 786 NA NA NA NA NA NA NA 
1782810000.0 2500.2202 NA 255 NA NA NA NA NA NA NA NA 410 NA NA NA NA NA NA NA NA 2602 NA NA NA NA NA NA NA NA 1019 NA NA NA NA NA NA NA 
1782810000.0 2500.2203 NA 267 NA NA NA NA NA NA NA NA 424 NA NA NA NA NA NA NA NA 3925 NA NA NA NA NA NA NA NA 1284 NA NA NA NA NA NA NA 
1782810000.0 2500.2204 NA 278 NA NA NA NA NA NA NA NA 429 NA NA NA NA NA NA NA NA 8791 NA NA NA NA NA NA NA NA 3149 NA NA NA NA NA NA NA 
1782810000.0 2500.2206 NA 268 NA NA NA NA NA NA NA NA 403 NA NA NA NA NA NA NA NA 2595 NA NA NA NA NA NA NA NA 994 NA NA NA NA NA NA NA 
1782810000.0 2500.2207 NA 170 NA NA NA NA NA NA NA NA 299 NA NA NA NA NA NA NA NA 7340 NA NA NA NA NA NA NA NA 4483 NA NA NA NA NA NA NA 
1782810000.0 2500.2208 NA 265 NA NA NA NA NA NA NA NA 457 NA NA NA NA NA NA NA NA 26543 NA NA NA NA NA NA NA NA 22078 NA NA NA NA NA NA NA 
1782810000.0 2500.2301 NA 250 NA NA NA NA NA NA NA NA 360 NA NA NA NA NA NA NA NA 1473 NA NA NA NA NA NA NA NA 637 NA NA NA NA NA NA NA 
1782810000.0 2500.2302 NA 283 NA NA NA NA NA NA NA NA 408 NA NA NA NA NA NA NA NA 1848 NA NA NA NA NA NA NA NA 734 NA NA NA NA NA NA NA 
1782810000.0 2500.2303 NA 300 NA NA NA NA NA NA NA NA 422 NA NA NA NA NA NA NA NA 2800 NA NA NA NA NA NA NA NA 995 NA NA NA NA NA NA NA 
1782810000.0 2500.2304 NA 317 NA NA NA NA NA NA NA NA 445 NA NA NA NA NA NA NA NA 8712 NA NA NA NA NA NA NA NA 2660 NA NA NA NA NA NA NA 
1782810000.0 2500.2306 NA 275 NA NA NA NA NA NA NA NA 409 NA NA NA NA NA NA NA NA 1900 NA NA NA NA NA NA NA NA 775 NA NA NA NA NA NA NA 
1782810000.0 2500.2307 NA 148 NA NA NA NA NA NA NA NA 257 NA NA NA NA NA NA NA NA 3434 NA NA NA NA NA NA NA NA 1004 NA NA NA NA NA NA NA 
1782810000.0 2500.2308 NA 289 NA NA NA NA NA NA NA NA 493 NA NA NA NA NA NA NA NA 19716 NA NA NA NA NA NA NA NA 16684 NA NA NA NA NA NA NA 
1782810000.0 2500.2309 NA 288 NA NA NA NA NA NA NA NA 516 NA NA NA NA NA NA NA NA 19703 NA NA NA NA NA NA NA NA 16692 NA NA NA NA NA NA NA 
1782810000.0 2500.231 NA 97 NA NA NA NA NA NA NA NA 161 NA NA NA NA NA NA NA NA 3132 NA NA NA NA NA NA NA NA 1852 NA NA NA NA NA NA NA 
1782810000.0 2500.2311 NA 82 NA NA NA NA NA NA NA NA 154 NA NA NA NA NA NA NA NA 281 NA NA NA NA NA NA NA NA 232 NA NA NA NA NA NA NA 
1782810000.0 2500.2401 NA 230 NA NA NA NA NA NA NA NA 382 NA NA NA NA NA NA NA NA 218 NA NA NA NA NA NA NA NA 230 NA NA NA NA NA NA NA 
1782810000.0 2500.2402 NA 166 NA NA NA NA NA NA NA NA 265 NA NA NA NA NA NA NA NA 705 NA NA NA NA NA NA NA NA 438 NA NA NA NA NA NA NA 
1782810000.0 2500.2403 NA 130 NA NA NA NA NA NA NA NA 208 NA NA NA NA NA NA NA NA 126 NA NA NA NA NA NA NA NA 163 NA NA NA NA NA NA NA 
1782810000.0 2500.2404 NA 177 NA NA NA NA NA NA NA NA 285 NA NA NA NA NA NA NA NA 973 NA NA NA NA NA NA NA NA 466 NA NA NA NA NA NA NA 
1782810000.0 2500.2405 NA 173 NA NA NA NA NA NA NA NA 285 NA NA NA NA NA NA NA NA 765 NA NA NA NA NA NA NA NA 387 NA NA NA NA NA NA NA 
1782810000.0 2500.2501 NA 179 NA NA NA NA NA NA NA NA 287 NA NA NA NA NA NA NA NA 706 NA NA NA NA NA NA NA NA 352 NA NA NA NA NA NA NA 
1782810000.0 2500.2601 NA 234 207 0 NA NA NA NA NA NA 411 312 0 NA NA NA NA NA NA 820 276 50 NA NA NA NA NA NA 775 326 67 NA NA NA NA NA 
1782810000.0 2500.2701 NA 268 181 0 NA NA NA NA NA NA 400 273 0 NA NA NA NA NA NA 772 245 49 NA NA NA NA NA NA 527 275 68 NA NA NA NA NA 
1782810000.0 2500.3001 NA 288 0 NA NA NA NA NA NA NA 444 0 NA NA NA NA NA NA NA 7665 81 NA NA NA NA NA NA NA 2622 100 NA NA NA NA NA NA 
1782810000.0 2500.3101 NA 247 0 NA NA NA NA NA NA NA 410 0 NA NA NA NA NA NA NA 2656 50 NA NA NA NA NA NA NA 1100 69 NA NA NA NA NA NA 
1782810000.0 2500.3102 NA 241 0 NA NA NA NA NA NA NA 349 0 NA NA NA NA NA NA NA 510 50 NA NA NA NA NA NA NA 355 64 NA NA NA NA NA NA 
1782810000.0 2500.3201 NA 250 NA NA NA NA NA NA NA NA 384 NA NA NA NA NA NA NA NA 725 NA NA NA NA NA NA NA NA 486 NA NA NA NA NA NA NA 
1782810000.0 2500.3202 NA 275 NA NA NA NA NA NA NA NA 404 NA NA NA NA NA NA NA NA 780 NA NA NA NA NA NA NA NA 472 NA NA NA NA NA NA NA 
1782810000.0 2500.3203 NA 284 NA NA NA NA NA NA NA NA 423 NA NA NA NA NA NA NA NA 1967 NA NA NA NA NA NA NA NA 734 NA NA NA NA NA NA NA 
1782810000.0 2500.3204 NA 310 NA NA NA NA NA NA NA NA 441 NA NA NA NA NA NA NA NA 9718 NA NA NA NA NA NA NA NA 2992 NA NA NA NA NA NA NA 
1782810000.0 2500.3205 NA 272 NA NA NA NA NA NA NA NA 481 NA NA NA NA NA NA NA NA 7935 NA NA NA NA NA NA NA NA 2525 NA NA NA NA NA NA NA 
1782810000.0 2500.3206 NA 266 NA NA NA NA NA NA NA NA 396 NA NA NA NA NA NA NA NA 761 NA NA NA NA NA NA NA NA 480 NA NA NA NA NA NA NA 
1782810000.0 2500.3207 NA 232 NA NA NA NA NA NA NA NA 376 NA NA NA NA NA NA NA NA 5905 NA NA NA NA NA NA NA NA 1917 NA NA NA NA NA NA NA 
1782810000.0 2500.3208 NA 282 NA NA NA NA NA NA NA NA 464 NA NA NA NA NA NA NA NA 11356 NA NA NA NA NA NA NA NA 3817 NA NA NA NA NA NA NA 
1782810000.0 2500.3209 NA 278 NA NA NA NA NA NA NA NA 458 NA NA NA NA NA NA NA NA 5716 NA NA NA NA NA NA NA NA 1905 NA NA NA NA NA NA NA 
1782810000.0 2500.321 NA 290 NA NA NA NA NA NA NA NA 498 NA NA NA NA NA NA NA NA 11847 NA NA NA NA NA NA NA NA 3648 NA NA NA NA NA NA NA 
1782810000.0 2500.3301 NA 228 NA NA NA NA NA NA NA NA 345 NA NA NA NA NA NA NA NA 476 NA NA NA NA NA NA NA NA 363 NA NA NA NA NA NA NA 
1782810000.0 2500.3302 NA 234 NA NA NA NA NA NA NA NA 359 NA NA NA NA NA NA NA NA 520 NA NA NA NA NA NA NA NA 403 NA NA NA NA NA NA NA 
1782810000.0 2500.3303 NA 272 NA NA NA NA NA NA NA NA 391 NA NA NA NA NA NA NA NA 1700 NA NA NA NA NA NA NA NA 675 NA NA NA NA NA NA NA 
1782810000.0 2500.3304 NA 260 NA NA NA NA NA NA NA NA 385 NA NA NA NA NA NA NA NA 6006 NA NA NA NA NA NA NA NA 1772 NA NA NA NA NA NA NA 
1782810000.0 2500.3305 NA 291 NA NA NA NA NA NA NA NA 427 NA NA NA NA NA NA NA NA 9227 NA NA NA NA NA NA NA NA 2837 NA NA NA NA NA NA NA 
1782810000.0 2500.3306 NA 231 NA NA NA NA NA NA NA NA 364 NA NA NA NA NA NA NA NA 504 NA NA NA NA NA NA NA NA 415 NA NA NA NA NA NA NA 
1782810000.0 2500.3307 NA 161 NA NA NA NA NA NA NA NA 253 NA NA NA NA NA NA NA NA 3236 NA NA NA NA NA NA NA NA 1037 NA NA NA NA NA NA NA 
1782810000.0 2500.3308 NA 230 NA NA NA NA NA NA NA NA 378 NA NA NA NA NA NA NA NA 3771 NA NA NA NA NA NA NA NA 1381 NA NA NA NA NA NA NA 
1782810000.0 2500.3309 NA 257 NA NA NA NA NA NA NA NA 414 NA NA NA NA NA NA NA NA 6567 NA NA NA NA NA NA NA NA 2605 NA NA NA NA NA NA NA 
1782810000.0 2500.331 NA 256 NA NA NA NA NA NA NA NA 432 NA NA NA NA NA NA NA NA 2827 NA NA NA NA NA NA NA NA 1142 NA NA NA NA NA NA NA 
1782810000.0 2500.3311 NA 280 NA NA NA NA NA NA NA NA 446 NA NA NA NA NA NA NA NA 11982 NA NA NA NA NA NA NA NA 4017 NA NA NA NA NA NA NA 
1782810000.0 2500.3312 NA 98 NA NA NA NA NA NA NA NA 160 NA NA NA NA NA NA NA NA 4619 NA NA NA NA NA NA NA NA 2566 NA NA NA NA NA NA NA 
1782810000.0 2500.3313 NA 90 NA NA NA NA NA NA NA NA 155 NA NA NA NA NA NA NA NA 500 NA NA NA NA NA NA NA NA 374 NA NA NA NA NA NA NA 
1782810000.0 2500.4301 NA 84 NA NA NA NA NA NA NA NA 143 NA NA NA NA NA NA NA NA 6999 NA NA NA NA NA NA NA NA 8689 NA NA NA NA NA NA NA 
1782810000.0 2500.4302 NA 93 NA NA NA NA NA NA NA NA 146 NA NA NA NA NA NA NA NA 656 NA NA NA NA NA NA NA NA 488 NA NA NA NA NA NA NA 
1782810000.0 2500.9001 NA 185 NA NA NA NA NA NA NA NA 296 NA NA NA NA NA NA NA NA 427 NA NA NA NA NA NA NA NA 347 NA NA NA NA NA NA NA 
1782810000.0 2500.9002 NA 147 NA NA NA NA NA NA NA NA 259 NA NA NA NA NA NA NA NA 460 NA NA NA NA NA NA NA NA 375 NA NA NA NA NA NA NA 
1782810000.0 2500.9101 91 117 NA NA NA NA NA NA NA 126 202 NA NA NA NA NA NA NA 82 97 NA NA NA NA NA NA NA 92 114 NA NA NA NA NA NA NA 
1782810000.0 2500.9102 64 93 116 NA NA NA NA NA NA 106 130 202 NA NA NA NA NA NA 3559 101 100 NA NA NA NA NA NA 2673 112 113 NA NA NA NA NA NA 
1782810000.0 2500.9103 65 95 117 NA NA NA NA NA NA 107 134 207 NA NA NA NA NA NA 460 122 100 NA NA NA NA NA NA 228 103 119 NA NA NA NA NA NA 
1782810000.0 250199.0 369 NA NA NA NA NA NA NA NA 532 NA NA NA NA NA NA NA NA 999 NA NA NA NA NA NA NA NA 621 NA NA NA NA NA NA NA NA 
1782810000.0 250199.17 375 NA NA NA NA NA NA NA NA 553 NA NA NA NA NA NA NA NA 1111 NA NA NA NA NA NA NA NA 708 NA NA NA NA NA NA NA NA 
1782810000.0 250199.18 461 NA NA NA NA NA NA NA NA 649 NA NA NA NA NA NA NA NA 1543 NA NA NA NA NA NA NA NA 799 NA NA NA NA NA NA NA NA 
1782810000.0 250200.0 NA 439 521 0 NA NA NA NA NA NA 610 675 0 NA NA NA NA NA NA 3005 1239 231 NA NA NA NA NA NA 1137 917 260 NA NA NA NA NA 
1782810000.0 250200.1 147 423 328 NA NA NA NA NA NA 221 583 509 NA NA NA NA NA NA 751 407 858 NA NA NA NA NA NA 409 357 883 NA NA NA NA NA NA 
1782810000.0 250200.117 127 488 350 NA NA NA NA NA NA 196 639 550 NA NA NA NA NA NA 820 416 814 NA NA NA NA NA NA 442 388 762 NA NA NA NA NA NA 
1782810000.0 250200.118 134 544 404 173 NA NA NA NA NA 186 783 610 278 NA NA NA NA NA 648 471 874 188 NA NA NA NA NA 382 379 620 229 NA NA NA NA NA 
1782810000.0 250200.17 NA 536 599 0 NA NA NA NA NA NA 733 812 0 NA NA NA NA NA NA 3326 1647 257 NA NA NA NA NA NA 1385 1267 291 NA NA NA NA NA 
1782810000.0 250200.18 NA 557 630 0 NA NA NA NA NA NA 841 849 0 NA NA NA NA NA NA 3360 1368 218 NA NA NA NA NA NA 1481 1071 265 NA NA NA NA NA 
1782810000.0 250200.182 136 571 654 0 NA NA NA NA NA 194 796 866 0 NA NA NA NA NA 932 611 1631 235 NA NA NA NA NA 594 489 1068 270 NA NA NA NA NA 
1782810000.0 250202.0 NA 448 536 0 NA NA NA NA NA NA 651 721 0 NA NA NA NA NA NA 3457 1289 189 NA NA NA NA NA NA 1284 907 210 NA NA NA NA NA 
1782810000.0 250202.1 NA 388 438 557 0 NA NA NA NA NA 558 615 734 0 NA NA NA NA NA 1072 2981 1333 214 NA NA NA NA NA 730 1058 911 244 NA NA NA NA 
1782810000.0 250202.118 137 559 443 180 NA NA NA NA NA 195 726 623 278 NA NA NA NA NA 1248 530 1050 252 NA NA NA NA NA 555 426 793 304 NA NA NA NA NA 
1782810000.0 250202.17 NA 533 613 0 NA NA NA NA NA NA 707 836 0 NA NA NA NA NA NA 2442 1750 294 NA NA NA NA NA NA 972 1268 329 NA NA NA NA NA 
1782810000.0 250202.171 NA 388 519 613 0 NA NA NA NA NA 554 741 836 0 NA NA NA NA NA 1128 2535 1339 220 NA NA NA NA NA 718 1072 894 237 NA NA NA NA 
1782810000.0 250202.172 NA 536 623 0 NA NA NA NA NA NA 774 814 0 NA NA NA NA NA NA 3518 1562 251 NA NA NA NA NA NA 1402 1160 283 NA NA NA NA NA 
1782810000.0 250202.18 NA 563 639 0 NA NA NA NA NA NA 828 869 0 NA NA NA NA NA NA 3600 1713 216 NA NA NA NA NA NA 1567 1154 239 NA NA NA NA NA 
1782810000.0 250202.181 NA 448 563 647 0 NA NA NA NA NA 648 785 901 0 NA NA NA NA NA 1998 3831 1856 258 NA NA NA NA NA 1193 1437 1276 302 NA NA NA NA 
1782810000.0 250202.182 140 573 667 0 NA NA NA NA NA 199 781 905 0 NA NA NA NA NA 1228 674 1821 268 NA NA NA NA NA 559 483 1152 297 NA NA NA NA NA 
1782810000.0 250202.183 140 558 628 0 NA NA NA NA NA 198 721 885 0 NA NA NA NA NA 1030 479 1571 284 NA NA NA NA NA 541 415 1199 307 NA NA NA NA NA 
1782810000.0 250202.184 NA 412 572 629 0 NA NA NA NA NA 625 824 907 0 NA NA NA NA NA 2022 4160 1858 252 NA NA NA NA NA 1141 1473 1167 310 NA NA NA NA 
1782810000.0 250202.185 NA 416 567 630 0 NA NA NA NA NA 627 846 901 0 NA NA NA NA NA 2020 4113 1705 261 NA NA NA NA NA 1159 1739 1156 298 NA NA NA NA 
1782810000.0 250202.2 NA 446 520 0 NA NA NA NA NA NA 652 698 0 NA NA NA NA NA NA 4500 1039 159 NA NA NA NA NA NA 1594 805 176 NA NA NA NA NA 
1782810000.0 250202.3 NA 369 443 517 0 NA NA NA NA NA 534 616 720 0 NA NA NA NA NA 1048 4325 1017 166 NA NA NA NA NA 879 1228 759 189 NA NA NA NA 
1782810000.0 250202.4 NA 451 524 0 NA NA NA NA NA NA 668 696 0 NA NA NA NA NA NA 4876 1013 169 NA NA NA NA NA NA 1697 936 199 NA NA NA NA NA 
1782810000.0 250202.5 NA 367 445 519 0 NA NA NA NA NA 510 616 697 0 NA NA NA NA NA 1041 4837 1077 171 NA NA NA NA NA 902 1431 734 190 NA NA NA NA 
1782810000.0 250203.0 NA 448 532 0 NA NA NA NA NA NA 609 710 0 NA NA NA NA NA NA 3042 1300 224 NA NA NA NA NA NA 1204 991 255 NA NA NA NA NA 
1782810000.0 250203.17 NA 536 610 0 NA NA NA NA NA NA 759 834 0 NA NA NA NA NA NA 2722 1604 233 NA NA NA NA NA NA 1155 1128 259 NA NA NA NA NA 
1782810000.0 250203.18 NA 583 634 0 NA NA NA NA NA NA 845 889 0 NA NA NA NA NA NA 3339 1670 207 NA NA NA NA NA NA 1405 1080 233 NA NA NA NA NA 
1782810000.0 250204.0 NA 451 524 0 NA NA NA NA NA NA 605 698 0 NA NA NA NA NA NA 3234 1230 200 NA NA NA NA NA NA 1229 973 232 NA NA NA NA NA 
1782810000.0 250204.17 NA 537 621 0 NA NA NA NA NA NA 747 836 0 NA NA NA NA NA NA 3066 1745 238 NA NA NA NA NA NA 1197 1325 274 NA NA NA NA NA 
1782810000.0 250204.18 NA 552 649 0 NA NA NA NA NA NA 829 870 0 NA NA NA NA NA NA 3305 1466 212 NA NA NA NA NA NA 1327 931 230 NA NA NA NA NA 
1782810000.0 250205.0 NA 451 518 0 NA NA NA NA NA NA 636 690 0 NA NA NA NA NA NA 2958 1163 229 NA NA NA NA NA NA 1156 883 263 NA NA NA NA NA 
1782810000.0 250205.17 NA 527 613 0 NA NA NA NA NA NA 736 790 0 NA NA NA NA NA NA 2883 1466 238 NA NA NA NA NA NA 1069 1153 270 NA NA NA NA NA 
1782810000.0 250205.18 NA 571 655 0 NA NA NA NA NA NA 781 835 0 NA NA NA NA NA NA 3132 1668 237 NA NA NA NA NA NA 1246 1038 268 NA NA NA NA NA 
1782810000.0 250206.0 NA 443 539 0 NA NA NA NA NA NA 636 693 0 NA NA NA NA NA NA 3215 1394 206 NA NA NA NA NA NA 1271 1017 236 NA NA NA NA NA 
1782810000.0 250206.118 126 553 380 166 NA NA NA NA NA 190 723 581 279 NA NA NA NA NA 492 329 700 190 NA NA NA NA NA 320 323 822 217 NA NA NA NA NA 
1782810000.0 250206.17 NA 523 607 0 NA NA NA NA NA NA 714 785 0 NA NA NA NA NA NA 3364 1535 232 NA NA NA NA NA NA 1160 1227 263 NA NA NA NA NA 
1782810000.0 250206.18 NA 552 682 0 NA NA NA NA NA NA 796 953 0 NA NA NA NA NA NA 3439 1639 218 NA NA NA NA NA NA 1269 1281 235 NA NA NA NA NA 
1782810000.0 250206.181 NA 451 564 685 0 NA NA NA NA NA 632 835 929 0 NA NA NA NA NA 2066 3762 1664 290 NA NA NA NA NA 1125 1388 1489 333 NA NA NA NA 
1782810000.0 250206.182 135 544 712 0 NA NA NA NA NA 191 755 944 0 NA NA NA NA NA 725 507 1726 283 NA NA NA NA NA 526 482 1367 324 NA NA NA NA NA 
1782810000.0 250207.0 NA 432 522 0 NA NA NA NA NA NA 607 672 0 NA NA NA NA NA NA 2891 1150 210 NA NA NA NA NA NA 1132 856 238 NA NA NA NA NA 
1782810000.0 250207.17 NA 518 599 0 NA NA NA NA NA NA 682 794 0 NA NA NA NA NA NA 2925 1290 230 NA NA NA NA NA NA 1109 1081 260 NA NA NA NA NA 
1782810000.0 250207.18 NA 562 611 0 NA NA NA NA NA NA 820 833 0 NA NA NA NA NA NA 3298 1221 216 NA NA NA NA NA NA 1511 1005 268 NA NA NA NA NA 
1782810000.0 250208.17 NA 550 642 0 NA NA NA NA NA NA 725 866 0 NA NA NA NA NA NA 3164 1899 292 NA NA NA NA NA NA 1283 1210 329 NA NA NA NA NA 
1782810000.0 250208.18 NA 568 663 0 NA NA NA NA NA NA 862 905 0 NA NA NA NA NA NA 3497 1810 214 NA NA NA NA NA NA 1504 1013 232 NA NA NA NA NA 
1782810000.0 250399.0 278 NA NA NA NA NA NA NA NA 390 NA NA NA NA NA NA NA NA 319 NA NA NA NA NA NA NA NA 373 NA NA NA NA NA NA NA NA 
1782810000.0 250399.17 330 NA NA NA NA NA NA NA NA 464 NA NA NA NA NA NA NA NA 450 NA NA NA NA NA NA NA NA 436 NA NA NA NA NA NA NA NA 
1782810000.0 250399.18 330 NA NA NA NA NA NA NA NA 465 NA NA NA NA NA NA NA NA 469 NA NA NA NA NA NA NA NA 465 NA NA NA NA NA NA NA NA 
1782810000.0 250400.0 419 0 213 NA NA NA NA NA NA 590 0 308 NA NA NA NA NA NA 448 88 262 NA NA NA NA NA NA 590 128 314 NA NA NA NA NA NA 
1782810000.0 250400.17 490 0 222 NA NA NA NA NA NA 683 0 329 NA NA NA NA NA NA 521 98 265 NA NA NA NA NA NA 847 139 318 NA NA NA NA NA NA 
1782810000.0 250400.18 507 0 221 NA NA NA NA NA NA 694 0 313 NA NA NA NA NA NA 540 100 260 NA NA NA NA NA NA 749 128 306 NA NA NA NA NA NA 
1782810000.0 250402.0 417 0 224 NA NA NA NA NA NA 596 0 314 NA NA NA NA NA NA 480 96 279 NA NA NA NA NA NA 560 134 329 NA NA NA NA NA NA 
1782810000.0 250402.1 274 423 0 NA NA NA NA NA NA 395 578 0 NA NA NA NA NA NA 327 445 90 NA NA NA NA NA NA 369 372 109 NA NA NA NA NA NA 
1782810000.0 250402.17 496 0 229 NA NA NA NA NA NA 681 0 324 NA NA NA NA NA NA 574 106 287 NA NA NA NA NA NA 675 133 306 NA NA NA NA NA NA 
1782810000.0 250402.171 334 492 0 NA NA NA NA NA NA 461 662 0 NA NA NA NA NA NA 448 548 103 NA NA NA NA NA NA 437 427 123 NA NA NA NA NA NA 
1782810000.0 250402.18 498 0 219 NA NA NA NA NA NA 696 0 316 NA NA NA NA NA NA 746 153 337 NA NA NA NA NA NA 717 179 388 NA NA NA NA NA NA 
1782810000.0 250402.181 329 508 0 NA NA NA NA NA NA 465 697 0 NA NA NA NA NA NA 480 556 104 NA NA NA NA NA NA 427 420 133 NA NA NA NA NA NA 
1782810000.0 250403.0 419 0 219 NA NA NA NA NA NA 597 0 302 NA NA NA NA NA NA 450 87 261 NA NA NA NA NA NA 643 119 333 NA NA NA NA NA NA 
1782810000.0 250403.17 491 0 213 NA NA NA NA NA NA 671 0 315 NA NA NA NA NA NA 711 129 327 NA NA NA NA NA NA 680 159 403 NA NA NA NA NA NA 
1782810000.0 250403.18 503 0 214 NA NA NA NA NA NA 696 0 323 NA NA NA NA NA NA 547 102 264 NA NA NA NA NA NA 659 124 301 NA NA NA NA NA NA 
1782810000.0 250405.0 418 0 220 NA NA NA NA NA NA 593 0 309 NA NA NA NA NA NA 436 91 255 NA NA NA NA NA NA 606 120 332 NA NA NA NA NA NA 
1782810000.0 250405.17 494 0 224 NA NA NA NA NA NA 669 0 312 NA NA NA NA NA NA 500 101 264 NA NA NA NA NA NA 658 125 297 NA NA NA NA NA NA 
1782810000.0 250405.18 498 0 216 NA NA NA NA NA NA 705 0 311 NA NA NA NA NA NA 532 100 262 NA NA NA NA NA NA 641 122 299 NA NA NA NA NA NA 
1782810000.0 250406.0 416 0 209 NA NA NA NA NA NA 589 0 300 NA NA NA NA NA NA 397 90 249 NA NA NA NA NA NA 527 117 330 NA NA NA NA NA NA 
1782810000.0 250406.17 488 0 230 NA NA NA NA NA NA 669 0 320 NA NA NA NA NA NA 479 103 250 NA NA NA NA NA NA 820 121 284 NA NA NA NA NA NA 
1782810000.0 250406.18 497 0 216 NA NA NA NA NA NA 680 0 320 NA NA NA NA NA NA 483 98 256 NA NA NA NA NA NA 609 138 331 NA NA NA NA NA NA 
1782810000.0 250407.0 370 0 207 NA NA NA NA NA NA 525 0 305 NA NA NA NA NA NA 387 77 249 NA NA NA NA NA NA 774 105 317 NA NA NA NA NA NA 
1782810000.0 250407.17 440 0 219 NA NA NA NA NA NA 578 0 312 NA NA NA NA NA NA 457 89 255 NA NA NA NA NA NA 706 113 309 NA NA NA NA NA NA 
1782810000.0 250407.18 448 0 209 NA NA NA NA NA NA 595 0 312 NA NA NA NA NA NA 473 91 258 NA NA NA NA NA NA 889 112 348 NA NA NA NA NA NA 
1782810000.0 250408.0 421 0 220 NA NA NA NA NA NA 589 0 316 NA NA NA NA NA NA 466 96 272 NA NA NA NA NA NA 634 127 349 NA NA NA NA NA NA 
1782810000.0 250408.17 495 0 224 NA NA NA NA NA NA 705 0 322 NA NA NA NA NA NA 556 104 278 NA NA NA NA NA NA 749 133 306 NA NA NA NA NA NA 
1782810000.0 250408.18 500 0 230 NA NA NA NA NA NA 693 0 321 NA NA NA NA NA NA 568 104 279 NA NA NA NA NA NA 637 132 313 NA NA NA NA NA NA 
1782810000.0 250409.0 426 0 223 NA NA NA NA NA NA 594 0 317 NA NA NA NA NA NA 543 97 320 NA NA NA NA NA NA 663 133 333 NA NA NA NA NA NA 
1782810000.0 250409.17 498 0 228 NA NA NA NA NA NA 670 0 334 NA NA NA NA NA NA 828 135 431 NA NA NA NA NA NA 827 173 400 NA NA NA NA NA NA 
1782810000.0 250409.18 510 0 234 NA NA NA NA NA NA 695 0 356 NA NA NA NA NA NA 680 107 340 NA NA NA NA NA NA 715 142 343 NA NA NA NA NA NA 
1782810000.0 25200.0 NA 442 676 0 179 NA NA NA NA NA 626 926 0 275 NA NA NA NA NA 1303 1883 198 235 NA NA NA NA NA 719 1410 221 287 NA NA NA NA 
1782810000.0 25202.0 NA 444 703 0 179 NA NA NA NA NA 637 971 0 279 NA NA NA NA NA 1297 2064 183 247 NA NA NA NA NA 738 1315 199 308 NA NA NA NA 
1782810000.0 25202.1 NA 457 692 0 NA NA NA NA NA NA 633 933 0 NA NA NA NA NA NA 1523 1843 205 NA NA NA NA NA NA 734 1271 227 NA NA NA NA NA 
1782810000.0 25202.15 NA 445 692 0 199 NA NA NA NA NA 613 947 0 289 NA NA NA NA NA 1257 1799 225 320 NA NA NA NA NA 664 1347 248 334 NA NA NA NA 
1782810000.0 25202.2 NA 437 650 0 NA NA NA NA NA NA 611 922 0 NA NA NA NA NA NA 1180 1301 157 NA NA NA NA NA NA 642 967 172 NA NA NA NA NA 
1782810000.0 25203.0 NA 458 696 0 179 NA NA NA NA NA 612 920 0 273 NA NA NA NA NA 1338 1955 188 236 NA NA NA NA NA 695 1320 219 297 NA NA NA NA 
1782810000.0 25204.0 NA 440 672 0 NA NA NA NA NA NA 623 921 0 NA NA NA NA NA NA 1124 1886 203 NA NA NA NA NA NA 598 1436 230 NA NA NA NA NA 
1782810000.0 25205.0 NA 445 682 0 177 NA NA NA NA NA 600 952 0 279 NA NA NA NA NA 1076 1723 171 255 NA NA NA NA NA 588 1307 191 319 NA NA NA NA 
1782810000.0 25206.0 NA 450 736 0 176 NA NA NA NA NA 622 964 0 270 NA NA NA NA NA 1183 1700 207 259 NA NA NA NA NA 615 1184 226 333 NA NA NA NA 
1782810000.0 25207.0 NA 425 664 0 NA NA NA NA NA NA 602 966 0 NA NA NA NA NA NA 948 1350 164 NA NA NA NA NA NA 565 980 190 NA NA NA NA NA 
1782810000.0 25208.0 NA 450 705 0 NA NA NA NA NA NA 635 969 0 NA NA NA NA NA NA 1216 1918 226 NA NA NA NA NA NA 683 1168 252 NA NA NA NA NA 
1782810000.0 25209.0 NA 450 709 0 179 NA NA NA NA NA 637 922 0 279 NA NA NA NA NA 1234 1935 199 239 NA NA NA NA NA 680 1278 249 299 NA NA NA NA 
1782810000.0 25210.0 143 431 685 0 NA NA NA NA NA 211 600 903 0 NA NA NA NA NA 1425 648 1283 200 NA NA NA NA NA 575 564 1075 229 NA NA NA NA NA 
1782810000.0 25211.0 160 437 668 0 NA NA NA NA NA 247 613 930 0 NA NA NA NA NA 3327 1079 1389 170 NA NA NA NA NA 1648 596 1019 184 NA NA NA NA NA 
1782810000.0 25211.17 128 479 747 0 NA NA NA NA NA 204 678 1051 0 NA NA NA NA NA 4154 1291 1832 289 NA NA NA NA NA 1498 706 1202 326 NA NA NA NA NA 
1782810000.0 25211.18 96 532 822 0 NA NA NA NA NA 207 764 1235 0 NA NA NA NA NA 4102 1914 2174 256 NA NA NA NA NA 3510 1126 1664 293 NA NA NA NA NA 
1782810000.0 25212.0 141 440 684 0 NA NA NA NA NA 241 644 946 0 NA NA NA NA NA 4943 1096 1740 222 NA NA NA NA NA 2126 579 1428 258 NA NA NA NA NA 
1782810000.0 25212.17 88 488 735 0 NA NA NA NA NA 211 661 1029 0 NA NA NA NA NA 5319 1293 1865 266 NA NA NA NA NA 4882 897 1353 304 NA NA NA NA NA 
1782810000.0 25212.18 131 555 828 0 NA NA NA NA NA 207 786 1122 0 NA NA NA NA NA 5297 1860 2146 277 NA NA NA NA NA 2064 1003 1390 317 NA NA NA NA NA 
1782810000.0 25213.0 140 439 681 0 NA NA NA NA NA 242 636 950 0 NA NA NA NA NA 4793 1178 1685 217 NA NA NA NA NA 1811 654 1264 249 NA NA NA NA NA 
1782810000.0 25213.17 86 481 702 0 NA NA NA NA NA 208 679 1027 0 NA NA NA NA NA 5380 1357 1991 281 NA NA NA NA NA 4890 770 1400 325 NA NA NA NA NA 
1782810000.0 25213.18 84 554 840 0 NA NA NA NA NA 209 769 1128 0 NA NA NA NA NA 5186 1863 2525 262 NA NA NA NA NA 4694 1029 1732 300 NA NA NA NA NA 
1782810000.0 25214.0 NA 448 694 0 NA NA NA NA NA NA 613 957 0 NA NA NA NA NA NA 1169 1613 251 NA NA NA NA NA NA 613 1088 280 NA NA NA NA NA 
1782810000.0 25215.0 66 158 445 681 0 NA NA NA NA 96 223 610 908 0 NA NA NA NA 22 1039 1181 1528 199 NA NA NA NA 71 550 626 1039 226 NA NA NA NA 
1782810000.0 25215.17 66 138 501 777 0 NA NA NA NA 96 197 657 1063 0 NA NA NA NA 21 1066 1322 2044 248 NA NA NA NA 58 556 677 1355 275 NA NA NA NA 
1782810000.0 25215.18 65 133 565 849 0 NA NA NA NA 96 197 774 1192 0 NA NA NA NA 21 860 1597 2110 219 NA NA NA NA 62 421 819 1203 239 NA NA NA NA 
1782810000.0 25400.0 511 0 237 NA NA NA NA NA NA 703 0 339 NA NA NA NA NA NA 844 98 275 NA NA NA NA NA NA 645 143 323 NA NA NA NA NA NA 
1782810000.0 25400.17 622 0 242 NA NA NA NA NA NA 864 0 332 NA NA NA NA NA NA 1315 111 285 NA NA NA NA NA NA 730 141 378 NA NA NA NA NA NA 
1782810000.0 25400.18 623 0 251 NA NA NA NA NA NA 840 0 357 NA NA NA NA NA NA 1520 112 292 NA NA NA NA NA NA 742 141 360 NA NA NA NA NA NA 
1782810000.0 25402.0 512 0 233 NA NA NA NA NA NA 689 0 343 NA NA NA NA NA NA 1126 129 335 NA NA NA NA NA NA 728 159 363 NA NA NA NA NA NA 
1782810000.0 25402.17 630 0 247 NA NA NA NA NA NA 839 0 346 NA NA NA NA NA NA 1802 151 375 NA NA NA NA NA NA 895 179 407 NA NA NA NA NA NA 
1782810000.0 25402.18 631 0 249 NA NA NA NA NA NA 823 0 355 NA NA NA NA NA NA 1461 113 304 NA NA NA NA NA NA 772 141 330 NA NA NA NA NA NA 
1782810000.0 25403.0 520 0 229 NA NA NA NA NA NA 736 0 339 NA NA NA NA NA NA 882 97 274 NA NA NA NA NA NA 569 135 318 NA NA NA NA NA NA 
1782810000.0 25403.17 622 0 245 NA NA NA NA NA NA 826 0 343 NA NA NA NA NA NA 1369 109 290 NA NA NA NA NA NA 803 137 359 NA NA NA NA NA NA 
1782810000.0 25403.18 619 0 240 NA NA NA NA NA NA 841 0 345 NA NA NA NA NA NA 1522 141 382 NA NA NA NA NA NA 782 179 412 NA NA NA NA NA NA 
1782810000.0 25405.0 513 0 231 NA NA NA NA NA NA 702 0 345 NA NA NA NA NA NA 820 92 275 NA NA NA NA NA NA 649 110 346 NA NA NA NA NA NA 
1782810000.0 25405.17 615 0 253 NA NA NA NA NA NA 857 0 343 NA NA NA NA NA NA 1368 108 296 NA NA NA NA NA NA 767 139 396 NA NA NA NA NA NA 
1782810000.0 25405.18 618 0 239 NA NA NA NA NA NA 839 0 346 NA NA NA NA NA NA 1670 141 394 NA NA NA NA NA NA 881 170 417 NA NA NA NA NA NA 
1782810000.0 25406.0 519 0 235 NA NA NA NA NA NA 728 0 335 NA NA NA NA NA NA 668 94 264 NA NA NA NA NA NA 640 123 336 NA NA NA NA NA NA 
1782810000.0 25406.17 611 0 239 NA NA NA NA NA NA 857 0 346 NA NA NA NA NA NA 974 112 265 NA NA NA NA NA NA 696 150 319 NA NA NA NA NA NA 
1782810000.0 25406.18 609 0 237 NA NA NA NA NA NA 806 0 337 NA NA NA NA NA NA 1105 148 331 NA NA NA NA NA NA 925 179 386 NA NA NA NA NA NA 
1782810000.0 25407.0 462 0 220 NA NA NA NA NA NA 624 0 320 NA NA NA NA NA NA 766 90 261 NA NA NA NA NA NA 817 129 334 NA NA NA NA NA NA 
1782810000.0 25407.17 570 0 236 NA NA NA NA NA NA 742 0 336 NA NA NA NA NA NA 1284 102 284 NA NA NA NA NA NA 841 130 368 NA NA NA NA NA NA 
1782810000.0 25407.18 568 0 240 NA NA NA NA NA NA 754 0 344 NA NA NA NA NA NA 1282 106 279 NA NA NA NA NA NA 830 145 326 NA NA NA NA NA NA 
1782810000.0 25408.0 523 0 245 NA NA NA NA NA NA 719 0 336 NA NA NA NA NA NA 1016 101 341 NA NA NA NA NA NA 610 129 351 NA NA NA NA NA NA 
1782810000.0 25408.17 631 0 252 NA NA NA NA NA NA 862 0 366 NA NA NA NA NA NA 1889 150 436 NA NA NA NA NA NA 871 178 417 NA NA NA NA NA NA 
1782810000.0 25408.18 629 0 256 NA NA NA NA NA NA 843 0 365 NA NA NA NA NA NA 2002 157 447 NA NA NA NA NA NA 898 183 416 NA NA NA NA NA NA 
1782810000.0 25409.0 518 0 233 NA NA NA NA NA NA 735 0 342 NA NA NA NA NA NA 871 98 288 NA NA NA NA NA NA 634 118 305 NA NA NA NA NA NA 
1782810000.0 25409.17 624 0 251 NA NA NA NA NA NA 841 0 361 NA NA NA NA NA NA 1475 112 308 NA NA NA NA NA NA 791 147 377 NA NA NA NA NA NA 
1782810000.0 25409.18 628 0 246 NA NA NA NA NA NA 861 0 350 NA NA NA NA NA NA 1750 157 378 NA NA NA NA NA NA 853 190 432 NA NA NA NA NA NA 
1782810000.0 26.0 NA 217 410 0 NA NA NA NA NA NA 319 564 0 NA NA NA NA NA NA 652 1216 175 NA NA NA NA NA NA 288 983 204 NA NA NA NA NA 
1782810000.0 27.0 NA 212 398 0 NA NA NA NA NA NA 313 569 0 NA NA NA NA NA NA 787 1309 237 NA NA NA NA NA NA 387 908 268 NA NA NA NA NA 
1782810000.0 27234.0 222 632 715 0 268 NA NA NA NA 291 850 963 0 380 NA NA NA NA 2090 955 1334 293 448 NA NA NA NA 2081 1102 1514 445 491 NA NA NA NA 
1782810000.0 28.0 NA 212 409 0 NA NA NA NA NA NA 322 584 0 NA NA NA NA NA NA 831 1578 229 NA NA NA NA NA NA 391 1014 262 NA NA NA NA NA 
1782810000.0 280.0 126 178 365 0 NA NA NA NA NA 235 269 520 0 NA NA NA NA NA 806 194 915 203 NA NA NA NA NA 539 199 924 246 NA NA NA NA NA 
1782810000.0 281.0 134 251 454 0 NA NA NA NA NA 208 356 643 0 NA NA NA NA NA 625 178 686 156 NA NA NA NA NA 337 231 762 170 NA NA NA NA NA 
1782810000.0 29.0 NA 217 423 0 NA NA NA NA NA NA 315 581 0 NA NA NA NA NA NA 678 1268 180 NA NA NA NA NA NA 318 988 234 NA NA NA NA NA 
1782810000.0 29634.0 NA 649 718 0 268 NA NA NA NA NA 827 966 0 371 NA NA NA NA NA 934 1317 322 540 NA NA NA NA NA 652 1199 371 555 NA NA NA NA 
1782810000.0 3.0 134 178 284 NA NA NA NA NA NA 232 272 422 NA NA NA NA NA NA 1492 194 635 NA NA NA NA NA NA 802 193 668 NA NA NA NA NA NA 
1782810000.0 30.0 NA 211 398 0 NA NA NA NA NA NA 313 578 0 NA NA NA NA NA NA 758 1467 249 NA NA NA NA NA NA 340 967 292 NA NA NA NA NA 
1782810000.0 300.0 145 264 504 0 NA NA NA NA NA 222 384 715 0 NA NA NA NA NA 503 185 638 185 NA NA NA NA NA 399 289 841 211 NA NA NA NA NA 
1782810000.0 3000.0001 NA 576 NA NA NA NA NA NA NA NA 761 NA NA NA NA NA NA NA NA 858 NA NA NA NA NA NA NA NA 519 NA NA NA NA NA NA NA 
1782810000.0 3000.0002 NA 638 NA NA NA NA NA NA NA NA 841 NA NA NA NA NA NA NA NA 953 NA NA NA NA NA NA NA NA 555 NA NA NA NA NA NA NA 
1782810000.0 3000.0003 NA 563 NA NA NA NA NA NA NA NA 757 NA NA NA NA NA NA NA NA 863 NA NA NA NA NA NA NA NA 530 NA NA NA NA NA NA NA 
1782810000.0 3000.0004 NA 612 NA NA NA NA NA NA NA NA 823 NA NA NA NA NA NA NA NA 939 NA NA NA NA NA NA NA NA 573 NA NA NA NA NA NA NA 
1782810000.0 30034.0 215 648 707 0 265 NA NA NA NA 278 829 915 0 382 NA NA NA NA 2167 930 1361 288 448 NA NA NA NA 2392 871 1919 469 428 NA NA NA NA 
1782810000.0 301.0 151 279 524 0 NA NA NA NA NA 225 388 715 0 NA NA NA NA NA 880 230 791 237 NA NA NA NA NA 568 332 889 277 NA NA NA NA NA 
1782810000.0 302.0 134 263 507 0 NA NA NA NA NA 225 381 709 0 NA NA NA NA NA 468 179 647 185 NA NA NA NA NA 477 346 896 236 NA NA NA NA NA 
1782810000.0 30434.0 182 638 704 0 255 NA NA NA NA 281 847 926 0 364 NA NA NA NA 2232 953 1368 290 417 NA NA NA NA 2890 1200 1867 674 440 NA NA NA NA 
1782810000.0 30834.0 218 634 713 0 256 NA NA NA NA 279 851 943 0 375 NA NA NA NA 2179 940 1350 292 425 NA NA NA NA 1700 1154 1484 467 474 NA NA NA NA 
1782810000.0 31.0 NA 210 400 0 NA NA NA NA NA NA 307 556 0 NA NA NA NA NA NA 815 1343 232 NA NA NA NA NA NA 364 921 262 NA NA NA NA NA 
1782810000.0 310.0 148 262 506 0 NA NA NA NA NA 213 370 672 0 NA NA NA NA NA 906 210 720 219 NA NA NA NA NA 752 270 760 243 NA NA NA NA NA 
1782810000.0 311.0 149 267 509 0 NA NA NA NA NA 218 371 699 0 NA NA NA NA NA 1104 210 725 229 NA NA NA NA NA 764 274 789 261 NA NA NA NA NA 
1782810000.0 312.0 147 266 519 0 NA NA NA NA NA 213 358 696 0 NA NA NA NA NA 872 214 710 233 NA NA NA NA NA 701 278 791 262 NA NA NA NA NA 
1782810000.0 31234.0 183 633 699 0 271 NA NA NA NA 276 825 947 0 380 NA NA NA NA 2149 938 1331 291 451 NA NA NA NA 2528 938 1756 448 475 NA NA NA NA 
1782810000.0 32.0 NA 209 405 0 NA NA NA NA NA NA 307 585 0 NA NA NA NA NA NA 841 1435 230 NA NA NA NA NA NA 375 1024 260 NA NA NA NA NA 
1782810000.0 320.0 163 282 509 0 NA NA NA NA NA 227 395 709 0 NA NA NA NA NA 1152 198 653 247 NA NA NA NA NA 915 303 764 275 NA NA NA NA NA 
1782810000.0 32034.0 221 657 723 0 265 NA NA NA NA 287 839 992 0 368 NA NA NA NA 2671 989 1373 314 428 NA NA NA NA 2693 1132 1600 427 479 NA NA NA NA 
1782810000.0 321.0 167 268 503 0 NA NA NA NA NA 239 380 673 0 NA NA NA NA NA 1281 205 720 240 NA NA NA NA NA 893 308 878 281 NA NA NA NA NA 
1782810000.0 322.0 166 282 514 0 NA NA NA NA NA 234 388 721 0 NA NA NA NA NA 999 215 701 245 NA NA NA NA NA 701 319 817 277 NA NA NA NA NA 
1782810000.0 33.0 NA 210 394 0 NA NA NA NA NA NA 307 557 0 NA NA NA NA NA NA 814 1181 243 NA NA NA NA NA NA 349 874 271 NA NA NA NA NA 
1782810000.0 330.0 185 342 650 0 NA NA NA NA NA 264 493 865 0 NA NA NA NA NA 939 346 1375 291 NA NA NA NA NA 688 356 1212 330 NA NA NA NA NA 
1782810000.0 331.0 183 345 649 0 NA NA NA NA NA 261 481 884 0 NA NA NA NA NA 1056 362 1407 285 NA NA NA NA NA 716 382 1178 321 NA NA NA NA NA 
1782810000.0 332.0 183 346 648 0 NA NA NA NA NA 264 460 872 0 NA NA NA NA NA 1205 355 1517 243 NA NA NA NA NA 837 345 1314 299 NA NA NA NA NA 
1782810000.0 34.0 140 178 375 0 NA NA NA NA NA 237 275 509 0 NA NA NA NA NA 843 214 858 221 NA NA NA NA NA 463 224 856 253 NA NA NA NA NA 
1782810000.0 34034.0 202 632 714 0 274 NA NA NA NA 300 848 943 0 377 NA NA NA NA 2205 939 1323 294 437 NA NA NA NA 2833 811 1694 477 444 NA NA NA NA 
1782810000.0 34434.0 NA 643 714 0 265 NA NA NA NA NA 839 920 0 381 NA NA NA NA NA 951 1409 293 532 NA NA NA NA NA 859 1291 323 520 NA NA NA NA 
1782810000.0 34434.21 NA 597 321 240 NA NA NA NA NA NA 785 479 376 NA NA NA NA NA NA 1078 536 421 NA NA NA NA NA NA 580 654 409 NA NA NA NA NA 
1782810000.0 34434.402 NA 654 391 0 NA NA NA NA NA NA 934 573 0 NA NA NA NA NA NA 919 445 85 NA NA NA NA NA NA 519 475 102 NA NA NA NA NA 
1782810000.0 34434.5 NA 642 266 0 NA NA NA NA NA NA 859 406 0 NA NA NA NA NA NA 929 332 69 NA NA NA NA NA NA 594 357 86 NA NA NA NA NA 
1782810000.0 34434.702 NA 636 712 0 269 NA NA NA NA NA 849 972 0 375 NA NA NA NA NA 1225 1805 329 584 NA NA NA NA NA 973 1782 407 693 NA NA NA NA 
1782810000.0 34434.711 NA 652 329 0 NA NA NA NA NA NA 861 452 0 NA NA NA NA NA NA 928 466 101 NA NA NA NA NA NA 606 456 119 NA NA NA NA NA 
1782810000.0 34434.75 NA 691 0 NA NA NA NA NA NA NA 883 0 NA NA NA NA NA NA NA 1036 86 NA NA NA NA NA NA NA 601 104 NA NA NA NA NA NA 
1782810000.0 34434.7501 NA 564 0 NA NA NA NA NA NA NA 732 0 NA NA NA NA NA NA NA 891 64 NA NA NA NA NA NA NA 530 81 NA NA NA NA NA NA 
1782810000.0 34434.7502 NA 583 NA NA NA NA NA NA NA NA 790 NA NA NA NA NA NA NA NA 879 NA NA NA NA NA NA NA NA 521 NA NA NA NA NA NA NA 
1782810000.0 34434.7503 NA 705 0 NA NA NA NA NA NA NA 988 0 NA NA NA NA NA NA NA 1084 89 NA NA NA NA NA NA NA 632 109 NA NA NA NA NA NA 
1782810000.0 34434.751 NA 690 0 NA NA NA NA NA NA NA 963 0 NA NA NA NA NA NA NA 1040 85 NA NA NA NA NA NA NA 599 103 NA NA NA NA NA NA 
1782810000.0 34434.7521 NA 685 0 NA NA NA NA NA NA NA 897 0 NA NA NA NA NA NA NA 1024 84 NA NA NA NA NA NA NA 557 104 NA NA NA NA NA NA 
1782810000.0 34434.753 NA 683 0 NA NA NA NA NA NA NA 900 0 NA NA NA NA NA NA NA 1015 86 NA NA NA NA NA NA NA 597 106 NA NA NA NA NA NA 
1782810000.0 34434.754 NA 686 0 NA NA NA NA NA NA NA 874 0 NA NA NA NA NA NA NA 1020 85 NA NA NA NA NA NA NA 551 105 NA NA NA NA NA NA 
1782810000.0 34434.755 NA 686 0 NA NA NA NA NA NA NA 875 0 NA NA NA NA NA NA NA 1038 82 NA NA NA NA NA NA NA 560 99 NA NA NA NA NA NA 
1782810000.0 34434.756 NA 685 0 NA NA NA NA NA NA NA 888 0 NA NA NA NA NA NA NA 1027 86 NA NA NA NA NA NA NA 562 103 NA NA NA NA NA NA 
1782810000.0 34434.757 NA 690 0 NA NA NA NA NA NA NA 885 0 NA NA NA NA NA NA NA 1031 87 NA NA NA NA NA NA NA 564 107 NA NA NA NA NA NA 
1782810000.0 34434.758 NA 689 0 NA NA NA NA NA NA NA 874 0 NA NA NA NA NA NA NA 1058 87 NA NA NA NA NA NA NA 598 106 NA NA NA NA NA NA 
1782810000.0 34434.759 NA 580 NA NA NA NA NA NA NA NA 771 NA NA NA NA NA NA NA NA 880 NA NA NA NA NA NA NA NA 525 NA NA NA NA NA NA NA 
1782810000.0 34434.7591 NA 637 NA NA NA NA NA NA NA NA 841 NA NA NA NA NA NA NA NA 963 NA NA NA NA NA NA NA NA 545 NA NA NA NA NA NA NA 
1782810000.0 34434.77 NA 687 0 NA NA NA NA NA NA NA 901 0 NA NA NA NA NA NA NA 1036 79 NA NA NA NA NA NA NA 650 96 NA NA NA NA NA NA 
1782810000.0 34434.771 NA 688 0 NA NA NA NA NA NA NA 951 0 NA NA NA NA NA NA NA 1044 85 NA NA NA NA NA NA NA 620 104 NA NA NA NA NA NA 
1782810000.0 34434.772 NA 553 NA NA NA NA NA NA NA NA 756 NA NA NA NA NA NA NA NA 853 NA NA NA NA NA NA NA NA 513 NA NA NA NA NA NA NA 
1782810000.0 34434.773 NA 615 NA NA NA NA NA NA NA NA 816 NA NA NA NA NA NA NA NA 946 NA NA NA NA NA NA NA NA 564 NA NA NA NA NA NA NA 
1782810000.0 34434.774 NA 702 NA NA NA NA NA NA NA NA 930 NA NA NA NA NA NA NA NA 1078 NA NA NA NA NA NA NA NA 640 NA NA NA NA NA NA NA 
1782810000.0 34434.775 NA 688 0 NA NA NA NA NA NA NA 892 0 NA NA NA NA NA NA NA 1035 83 NA NA NA NA NA NA NA 677 100 NA NA NA NA NA NA 
1782810000.0 34434.9 NA 608 729 0 264 NA NA NA NA NA 871 973 0 382 NA NA NA NA NA 1139 1813 340 566 NA NA NA NA NA 1195 1769 367 629 NA NA NA NA 
1782810000.0 34434.911 188 623 697 0 270 NA NA NA NA 289 845 949 0 381 NA NA NA NA 3940 2458 2822 709 447 NA NA NA NA 5431 4783 3959 1552 472 NA NA NA NA 
1782810000.0 34461.0 NA 552 615 0 256 NA NA NA NA NA 766 826 0 372 NA NA NA NA NA 819 1152 298 512 NA NA NA NA NA 572 1056 357 536 NA NA NA NA 
1782810000.0 34496.0 NA 599 628 0 252 NA NA NA NA NA 790 820 0 369 NA NA NA NA NA 810 1151 278 490 NA NA NA NA NA 495 1038 340 512 NA NA NA NA 
1782810000.0 34500.0 NA 603 616 0 252 NA NA NA NA NA 794 836 0 357 NA NA NA NA NA 803 1096 299 472 NA NA NA NA NA 601 1004 356 552 NA NA NA NA 
1782810000.0 34551.85 NA 487 586 0 253 NA NA NA NA NA 756 749 0 372 NA NA NA NA NA 495 1026 279 500 NA NA NA NA NA 458 996 331 571 NA NA NA NA 
1782810000.0 34634.114 NA 1523 2140 0 NA NA NA NA NA NA 2078 3252 0 NA NA NA NA NA NA 5540 8874 336 NA NA NA NA NA NA 4311 3356 415 NA NA NA NA NA 
1782810000.0 34634.21 NA 1234 736 290 NA NA NA NA NA NA 1903 1126 438 NA NA NA NA NA NA 5753 3334 616 NA NA NA NA NA NA 4490 1188 421 NA NA NA NA NA 
1782810000.0 34634.711 NA 1355 678 0 NA NA NA NA NA NA 2030 1100 0 NA NA NA NA NA NA 7192 1859 149 NA NA NA NA NA NA 6393 856 168 NA NA NA NA NA 
1782810000.0 34634.99 NA 1053 1354 1253 0 NA NA NA NA NA 1519 1865 1790 0 NA NA NA NA NA 3851 2286 6631 324 NA NA NA NA NA 4745 1283 2434 421 NA NA NA NA 
1782810000.0 34634.9921 NA 797 1127 659 293 NA NA NA NA NA 1321 1583 1132 418 NA NA NA NA NA 3585 1874 3320 610 NA NA NA NA NA 3787 833 1136 417 NA NA NA NA 
1782810000.0 34634.999 NA 497 869 807 0 NA NA NA NA NA 742 1249 1060 0 NA NA NA NA NA 1833 1739 2840 389 NA NA NA NA NA 2843 922 1831 444 NA NA NA NA 
1782810000.0 34661.97 979 NA NA NA NA NA NA NA NA 1427 NA NA NA NA NA NA NA NA 4288 NA NA NA NA NA NA NA NA 1806 NA NA NA NA NA NA NA NA 
1782810000.0 34834.0 233 645 706 0 279 NA NA NA NA 307 838 969 0 379 NA NA NA NA 1962 893 1322 250 414 NA NA NA NA 1880 1019 2186 325 512 NA NA NA NA 
1782810000.0 35.0 NA 215 407 0 NA NA NA NA NA NA 307 570 0 NA NA NA NA NA NA 833 1573 238 NA NA NA NA NA NA 381 1026 267 NA NA NA NA NA 
1782810000.0 35234.0 231 632 704 0 276 NA NA NA NA 300 807 916 0 384 NA NA NA NA 1936 882 1295 259 413 NA NA NA NA 1503 1041 1471 416 505 NA NA NA NA 
1782810000.0 35634.0 218 642 710 0 267 NA NA NA NA 280 859 994 0 380 NA NA NA NA 2160 945 1355 295 443 NA NA NA NA 1708 1113 1569 475 456 NA NA NA NA 
1782810000.0 36.0 NA 215 428 0 NA NA NA NA NA NA 312 558 0 NA NA NA NA NA NA 945 3819 242 NA NA NA NA NA NA 422 1569 269 NA NA NA NA NA 
1782810000.0 36034.0 215 639 707 0 269 NA NA NA NA 275 865 953 0 375 NA NA NA NA 2211 934 1344 298 440 NA NA NA NA 2279 1057 1507 506 440 NA NA NA NA 
1782810000.0 36434.0 80 398 0 NA NA NA NA NA NA 116 537 0 NA NA NA NA NA NA 59 593 138 NA NA NA NA NA NA 71 373 166 NA NA NA NA NA NA 
1782810000.0 36834.0 79 387 0 NA NA NA NA NA NA 115 533 0 NA NA NA NA NA NA 58 574 135 NA NA NA NA NA NA 59 346 154 NA NA NA NA NA NA 
1782810000.0 37.0 NA 215 414 0 NA NA NA NA NA NA 314 581 0 NA NA NA NA NA NA 746 1713 192 NA NA NA NA NA NA 471 911 211 NA NA NA NA NA 
1782810000.0 38.0 NA 211 406 0 NA NA NA NA NA NA 326 578 0 NA NA NA NA NA NA 854 1897 257 NA NA NA NA NA NA 393 1263 290 NA NA NA NA NA 
1782810000.0 39.0 NA 214 425 0 NA NA NA NA NA NA 318 570 0 NA NA NA NA NA NA 814 2560 185 NA NA NA NA NA NA 356 1156 200 NA NA NA NA NA 
1782810000.0 4.17 NA 110 396 0 204 NA NA NA NA NA 181 534 0 280 NA NA NA NA NA 97 1602 155 377 NA NA NA NA NA 90 1264 221 371 NA NA NA NA 
1782810000.0 4.22 NA 203 124 127 0 NA NA NA NA NA 340 200 209 0 NA NA NA NA NA 396 191 107 70 NA NA NA NA NA 432 248 165 87 NA NA NA NA 
1782810000.0 4.23 NA 127 392 0 NA NA NA NA NA NA 216 532 0 NA NA NA NA NA NA 108 1323 162 NA NA NA NA NA NA 172 1206 177 NA NA NA NA NA 
1782810000.0 4.24 NA 126 388 0 NA NA NA NA NA NA 201 534 0 NA NA NA NA NA NA 102 1379 129 NA NA NA NA NA NA 115 1079 150 NA NA NA NA NA 
1782810000.0 4.25 NA 125 389 0 NA NA NA NA NA NA 196 523 0 NA NA NA NA NA NA 99 1315 144 NA NA NA NA NA NA 224 1000 163 NA NA NA NA NA 
1782810000.0 4.26 NA 126 395 0 NA NA NA NA NA NA 194 545 0 NA NA NA NA NA NA 92 1553 157 NA NA NA NA NA NA 129 1111 185 NA NA NA NA NA 
1782810000.0 4.27 NA 125 398 0 NA NA NA NA NA NA 208 528 0 NA NA NA NA NA NA 104 1564 189 NA NA NA NA NA NA 121 1010 206 NA NA NA NA NA 
1782810000.0 4.28 NA 127 383 0 NA NA NA NA NA NA 212 517 0 NA NA NA NA NA NA 108 1481 777 NA NA NA NA NA NA 331 1519 809 NA NA NA NA NA 
1782810000.0 4.29 NA 112 405 0 206 NA NA NA NA NA 186 532 0 281 NA NA NA NA NA 104 1902 153 403 NA NA NA NA NA 94 1372 171 395 NA NA NA NA 
1782810000.0 4.34 NA 128 381 0 NA NA NA NA NA NA 209 565 0 NA NA NA NA NA NA 110 1454 168 NA NA NA NA NA NA 273 1000 188 NA NA NA NA NA 
1782810000.0 4.36 NA 124 393 0 NA NA NA NA NA NA 208 535 0 NA NA NA NA NA NA 110 1502 136 NA NA NA NA NA NA 254 1105 162 NA NA NA NA NA 
1782810000.0 4.37 NA 126 401 0 NA NA NA NA NA NA 201 552 0 NA NA NA NA NA NA 98 1898 144 NA NA NA NA NA NA 145 1209 166 NA NA NA NA NA 
1782810000.0 4.4 NA 104 463 0 NA NA NA NA NA NA 191 691 0 NA NA NA NA NA NA 75 1583 123 NA NA NA NA NA NA 120 1092 138 NA NA NA NA NA 
1782810000.0 4.41 NA 110 465 0 NA NA NA NA NA NA 186 713 0 NA NA NA NA NA NA 73 2044 130 NA NA NA NA NA NA 101 1094 151 NA NA NA NA NA 
1782810000.0 4.42 NA 104 475 0 NA NA NA NA NA NA 189 727 0 NA NA NA NA NA NA 92 2667 147 NA NA NA NA NA NA 138 1423 172 NA NA NA NA NA 
1782810000.0 4.43 NA 111 457 0 NA NA NA NA NA NA 196 707 0 NA NA NA NA NA NA 80 1580 127 NA NA NA NA NA NA 102 1110 144 NA NA NA NA NA 
1782810000.0 4.44 NA 103 465 0 NA NA NA NA NA NA 185 690 0 NA NA NA NA NA NA 83 1976 128 NA NA NA NA NA NA 156 1296 144 NA NA NA NA NA 
1782810000.0 4.45 NA 103 478 0 NA NA NA NA NA NA 187 708 0 NA NA NA NA NA NA 81 2555 132 NA NA NA NA NA NA 90 1302 151 NA NA NA NA NA 
1782810000.0 4.51 NA 102 471 0 NA NA NA NA NA NA 188 713 0 NA NA NA NA NA NA 113 2483 154 NA NA NA NA NA NA 136 1381 181 NA NA NA NA NA 
1782810000.0 4.52 NA 109 477 0 NA NA NA NA NA NA 186 709 0 NA NA NA NA NA NA 79 2599 130 NA NA NA NA NA NA 104 1309 145 NA NA NA NA NA 
1782810000.0 4.53 NA 109 479 0 NA NA NA NA NA NA 188 717 0 NA NA NA NA NA NA 76 2487 126 NA NA NA NA NA NA 82 1283 142 NA NA NA NA NA 
1782810000.0 4.54 NA 103 467 0 NA NA NA NA NA NA 190 707 0 NA NA NA NA NA NA 78 2394 130 NA NA NA NA NA NA 87 1221 154 NA NA NA NA NA 
1782810000.0 4.55 NA 111 492 0 NA NA NA NA NA NA 190 720 0 NA NA NA NA NA NA 102 3390 189 NA NA NA NA NA NA 150 1669 217 NA NA NA NA NA 
1782810000.0 4.57 NA 124 483 0 NA NA NA NA NA NA 200 727 0 NA NA NA NA NA NA 107 2842 140 NA NA NA NA NA NA 160 1384 157 NA NA NA NA NA 
1782810000.0 4.58 NA 108 473 0 NA NA NA NA NA NA 184 719 0 NA NA NA NA NA NA 79 1856 124 NA NA NA NA NA NA 78 1117 139 NA NA NA NA NA 
1782810000.0 4.6 NA 384 0 NA NA NA NA NA NA NA 522 0 NA NA NA NA NA NA NA 1285 171 NA NA NA NA NA NA NA 1226 188 NA NA NA NA NA NA 
1782810000.0 4.61 NA 104 476 0 NA NA NA NA NA NA 191 728 0 NA NA NA NA NA NA 81 2347 125 NA NA NA NA NA NA 133 1215 141 NA NA NA NA NA 
1782810000.0 4.62 NA 103 472 0 NA NA NA NA NA NA 188 703 0 NA NA NA NA NA NA 78 2369 134 NA NA NA NA NA NA 115 1224 153 NA NA NA NA NA 
1782810000.0 4.63 NA 103 478 0 NA NA NA NA NA NA 188 707 0 NA NA NA NA NA NA 82 2678 128 NA NA NA NA NA NA 124 1323 145 NA NA NA NA NA 
1782810000.0 4.64 NA 103 479 0 NA NA NA NA NA NA 189 701 0 NA NA NA NA NA NA 81 2445 128 NA NA NA NA NA NA 137 1240 155 NA NA NA NA NA 
1782810000.0 4.65 NA 108 502 0 NA NA NA NA NA NA 186 742 0 NA NA NA NA NA NA 126 4239 174 NA NA NA NA NA NA 113 1928 196 NA NA NA NA NA 
1782810000.0 4.67 NA 127 493 0 NA NA NA NA NA NA 207 733 0 NA NA NA NA NA NA 115 3359 186 NA NA NA NA NA NA 154 1646 217 NA NA NA NA NA 
1782810000.0 4.68 NA 103 479 0 NA NA NA NA NA NA 187 714 0 NA NA NA NA NA NA 81 2259 131 NA NA NA NA NA NA 108 1188 148 NA NA NA NA NA 
1782810000.0 4.71 NA 104 461 0 NA NA NA NA NA NA 188 691 0 NA NA NA NA NA NA 112 2199 155 NA NA NA NA NA NA 155 1349 181 NA NA NA NA NA 
1782810000.0 4.72 NA 103 474 0 NA NA NA NA NA NA 187 708 0 NA NA NA NA NA NA 78 2168 134 NA NA NA NA NA NA 139 1143 150 NA NA NA NA NA 
1782810000.0 4.73 NA 108 480 0 NA NA NA NA NA NA 193 710 0 NA NA NA NA NA NA 82 2564 138 NA NA NA NA NA NA 113 1255 157 NA NA NA NA NA 
1782810000.0 4.74 NA 104 467 0 NA NA NA NA NA NA 188 714 0 NA NA NA NA NA NA 105 2746 150 NA NA NA NA NA NA 132 1494 170 NA NA NA NA NA 
1782810000.0 4.75 NA 103 478 0 NA NA NA NA NA NA 191 718 0 NA NA NA NA NA NA 80 2759 125 NA NA NA NA NA NA 81 1300 141 NA NA NA NA NA 
1782810000.0 4.76 NA 127 490 0 NA NA NA NA NA NA 201 711 0 NA NA NA NA NA NA 140 3083 214 NA NA NA NA NA NA 146 1553 238 NA NA NA NA NA 
1782810000.0 4.77 NA 124 488 0 NA NA NA NA NA NA 202 731 0 NA NA NA NA NA NA 139 3177 195 NA NA NA NA NA NA 208 1533 221 NA NA NA NA NA 
1782810000.0 4.78 NA 108 475 0 NA NA NA NA NA NA 189 719 0 NA NA NA NA NA NA 89 2667 130 NA NA NA NA NA NA 237 1300 153 NA NA NA NA NA 
1782810000.0 4000.0 NA 210 413 NA NA NA NA NA NA NA 329 574 NA NA NA NA NA NA NA 928 2136 NA NA NA NA NA NA NA 398 1405 NA NA NA NA NA NA 
1782810000.0 4001.0 NA 244 459 NA NA NA NA NA NA NA 371 641 NA NA NA NA NA NA NA 391 1102 NA NA NA NA NA NA NA 402 1137 NA NA NA NA NA NA 
1782810000.0 4002.0 NA 209 393 NA NA NA NA NA NA NA 313 557 NA NA NA NA NA NA NA 788 1331 NA NA NA NA NA NA NA 368 1158 NA NA NA NA NA NA 
1782810000.0 4003.0 NA 211 398 NA NA NA NA NA NA NA 312 588 NA NA NA NA NA NA NA 865 1503 NA NA NA NA NA NA NA 410 1220 NA NA NA NA NA NA 
1782810000.0 4006.0 115 252 448 NA NA NA NA NA NA 180 367 626 NA NA NA NA NA NA 289 326 894 NA NA NA NA NA NA 297 302 820 NA NA NA NA NA NA 
1782810000.0 4007.0 125 210 397 NA NA NA NA NA NA 208 303 561 NA NA NA NA NA NA 400 152 683 NA NA NA NA NA NA 466 300 880 NA NA NA NA NA NA 
1782810000.0 4008.0 114 0 0 NA NA NA NA NA NA 176 0 0 NA NA NA NA NA NA 239 68 538 NA NA NA NA NA NA 245 160 653 NA NA NA NA NA NA 
1782810000.0 43.0 NA 209 406 0 NA NA NA NA NA NA 310 570 0 NA NA NA NA NA NA 818 1818 250 NA NA NA NA NA NA 382 1104 286 NA NA NA NA NA 
1782810000.0 44.0 NA 206 403 0 NA NA NA NA NA NA 308 579 0 NA NA NA NA NA NA 853 1515 223 NA NA NA NA NA NA 452 1017 252 NA NA NA NA NA 
1782810000.0 45.0 NA 209 406 0 NA NA NA NA NA NA 312 569 0 NA NA NA NA NA NA 843 1501 238 NA NA NA NA NA NA 411 935 269 NA NA NA NA NA 
1782810000.0 5.1 360 0 NA NA NA NA NA NA NA 524 0 NA NA NA NA NA NA NA 404 90 NA NA NA NA NA NA NA 401 108 NA NA NA NA NA NA NA 
1782810000.0 5.2 311 0 NA NA NA NA NA NA NA 437 0 NA NA NA NA NA NA NA 329 78 NA NA NA NA NA NA NA 329 92 NA NA NA NA NA NA NA 
1782810000.0 5.3 309 0 NA NA NA NA NA NA NA 426 0 NA NA NA NA NA NA NA 339 81 NA NA NA NA NA NA NA 387 99 NA NA NA NA NA NA NA 
1782810000.0 5.4 356 0 NA NA NA NA NA NA NA 527 0 NA NA NA NA NA NA NA 371 86 NA NA NA NA NA NA NA 369 103 NA NA NA NA NA NA NA 
1782810000.0 5.5 358 0 NA NA NA NA NA NA NA 523 0 NA NA NA NA NA NA NA 360 89 NA NA NA NA NA NA NA 347 111 NA NA NA NA NA NA NA 
1782810000.0 5.6 372 0 NA NA NA NA NA NA NA 527 0 NA NA NA NA NA NA NA 380 88 NA NA NA NA NA NA NA 367 107 NA NA NA NA NA NA NA 
1782810000.0 5.7 372 0 NA NA NA NA NA NA NA 540 0 NA NA NA NA NA NA NA 383 87 NA NA NA NA NA NA NA 360 106 NA NA NA NA NA NA NA 
1782810000.0 500199.0 282 NA NA NA NA NA NA NA NA 386 NA NA NA NA NA NA NA NA 617 NA NA NA NA NA NA NA NA 533 NA NA NA NA NA NA NA NA 
1782810000.0 500200.0 NA 304 433 0 NA NA NA NA NA NA 454 595 0 NA NA NA NA NA NA 1423 973 169 NA NA NA NA NA NA 616 826 186 NA NA NA NA NA 
1782810000.0 500200.1 146 262 309 NA NA NA NA NA NA 226 386 453 NA NA NA NA NA NA 766 313 866 NA NA NA NA NA NA 469 349 881 NA NA NA NA NA NA 
1782810000.0 500202.0 NA 312 455 0 NA NA NA NA NA NA 477 627 0 NA NA NA NA NA NA 1560 1135 176 NA NA NA NA NA NA 655 853 192 NA NA NA NA NA 
1782810000.0 500203.0 NA 301 439 0 NA NA NA NA NA NA 445 591 0 NA NA NA NA NA NA 1472 1014 173 NA NA NA NA NA NA 652 831 193 NA NA NA NA NA 
1782810000.0 500204.0 NA 298 447 0 NA NA NA NA NA NA 448 590 0 NA NA NA NA NA NA 1441 1006 181 NA NA NA NA NA NA 621 802 217 NA NA NA NA NA 
1782810000.0 500205.0 NA 298 429 0 NA NA NA NA NA NA 451 579 0 NA NA NA NA NA NA 1443 955 175 NA NA NA NA NA NA 692 769 205 NA NA NA NA NA 
1782810000.0 500206.0 NA 295 438 0 NA NA NA NA NA NA 451 598 0 NA NA NA NA NA NA 1476 990 187 NA NA NA NA NA NA 649 778 203 NA NA NA NA NA 
1782810000.0 500207.0 NA 290 440 0 NA NA NA NA NA NA 419 570 0 NA NA NA NA NA NA 1318 903 170 NA NA NA NA NA NA 670 733 185 NA NA NA NA NA 
1782810000.0 50200.0 NA 315 523 0 NA NA NA NA NA NA 465 728 0 NA NA NA NA NA NA 563 1222 175 NA NA NA NA NA NA 381 1000 196 NA NA NA NA NA 
1782810000.0 50202.0 NA 307 545 0 NA NA NA NA NA NA 452 741 0 NA NA NA NA NA NA 582 1391 181 NA NA NA NA NA NA 435 1139 195 NA NA NA NA NA 
1782810000.0 50203.0 NA 315 529 0 NA NA NA NA NA NA 457 747 0 NA NA NA NA NA NA 594 1300 185 NA NA NA NA NA NA 407 940 205 NA NA NA NA NA 
1782810000.0 50204.0 NA 316 551 0 NA NA NA NA NA NA 456 721 0 NA NA NA NA NA NA 578 1193 174 NA NA NA NA NA NA 418 1058 189 NA NA NA NA NA 
1782810000.0 50205.0 NA 315 534 0 NA NA NA NA NA NA 449 740 0 NA NA NA NA NA NA 590 1167 180 NA NA NA NA NA NA 467 945 215 NA NA NA NA NA 
1782810000.0 50206.0 NA 316 555 0 NA NA NA NA NA NA 468 709 0 NA NA NA NA NA NA 594 1278 182 NA NA NA NA NA NA 434 1152 199 NA NA NA NA NA 
1782810000.0 50207.0 NA 314 530 0 NA NA NA NA NA NA 451 701 0 NA NA NA NA NA NA 711 1261 222 NA NA NA NA NA NA 490 1082 248 NA NA NA NA NA 
1782810000.0 50208.0 NA 337 552 0 NA NA NA NA NA NA 451 741 0 NA NA NA NA NA NA 616 1664 195 NA NA NA NA NA NA 388 1071 273 NA NA NA NA NA 
1782810000.0 503.0 88 0 NA NA NA NA NA NA NA 123 0 NA NA NA NA NA NA NA 833 51 NA NA NA NA NA NA NA 484 68 NA NA NA NA NA NA NA 
1782810000.0 504.0 94 0 NA NA NA NA NA NA NA 130 0 NA NA NA NA NA NA NA 83 51 NA NA NA NA NA NA NA 86 65 NA NA NA NA NA NA NA 
1782810000.0 505.0 93 0 NA NA NA NA NA NA NA 128 0 NA NA NA NA NA NA NA 81 50 NA NA NA NA NA NA NA 91 63 NA NA NA NA NA NA NA 
1782810000.0 506.0 94 0 NA NA NA NA NA NA NA 128 0 NA NA NA NA NA NA NA 83 51 NA NA NA NA NA NA NA 85 68 NA NA NA NA NA NA NA 
1782810000.0 507.0 86 0 NA NA NA NA NA NA NA 118 0 NA NA NA NA NA NA NA 573 50 NA NA NA NA NA NA NA 413 65 NA NA NA NA NA NA NA 
1782810000.0 508.0 88 0 NA NA NA NA NA NA NA 123 0 NA NA NA NA NA NA NA 80 50 NA NA NA NA NA NA NA 118 67 NA NA NA NA NA NA NA 
1782810000.0 509.0 86 0 NA NA NA NA NA NA NA 120 0 NA NA NA NA NA NA NA 77 50 NA NA NA NA NA NA NA 94 62 NA NA NA NA NA NA NA 
1782810000.0 510.0 88 0 NA NA NA NA NA NA NA 124 0 NA NA NA NA NA NA NA 833 50 NA NA NA NA NA NA NA 524 68 NA NA NA NA NA NA NA 
1782810000.0 511.0 75 0 NA NA NA NA NA NA NA 131 0 NA NA NA NA NA NA NA 2684 50 NA NA NA NA NA NA NA 8374 64 NA NA NA NA NA NA NA 
1782810000.0 512.0 26 91 0 NA NA NA NA NA NA 106 129 0 NA NA NA NA NA NA 4309 121 59 NA NA NA NA NA NA 3655 119 78 NA NA NA NA NA NA 
1782810000.0 513.0 64 94 0 NA NA NA NA NA NA 107 127 0 NA NA NA NA NA NA 890 99 50 NA NA NA NA NA NA 350 94 67 NA NA NA NA NA NA 
1782810000.0 514.0 64 96 0 NA NA NA NA NA NA 106 133 0 NA NA NA NA NA NA 474 79 50 NA NA NA NA NA NA 205 86 65 NA NA NA NA NA NA 
1782810000.0 515.0 25 90 0 NA NA NA NA NA NA 108 125 0 NA NA NA NA NA NA 4266 106 78 NA NA NA NA NA NA 3638 105 95 NA NA NA NA NA NA 
1782810000.0 516.0 25 93 0 NA NA NA NA NA NA 107 128 0 NA NA NA NA NA NA 4387 98 75 NA NA NA NA NA NA 3553 104 95 NA NA NA NA NA NA 
1782810000.0 517.0 63 95 0 NA NA NA NA NA NA 105 133 0 NA NA NA NA NA NA 492 81 50 NA NA NA NA NA NA 187 84 63 NA NA NA NA NA NA 
1782810000.0 518.0 25 91 0 NA NA NA NA NA NA 106 129 0 NA NA NA NA NA NA 4261 98 67 NA NA NA NA NA NA 3636 103 86 NA NA NA NA NA NA 
1782810000.0 519.0 25 91 0 NA NA NA NA NA NA 108 128 0 NA NA NA NA NA NA 4421 105 67 NA NA NA NA NA NA 3992 110 82 NA NA NA NA NA NA 
1782810000.0 520.0 63 93 0 NA NA NA NA NA NA 105 135 0 NA NA NA NA NA NA 502 81 49 NA NA NA NA NA NA 245 86 63 NA NA NA NA NA NA 
1782810000.0 521.0 25 88 0 NA NA NA NA NA NA 108 126 0 NA NA NA NA NA NA 5228 75 64 NA NA NA NA NA NA 7387 84 78 NA NA NA NA NA NA 
1782810000.0 522.0 64 88 0 NA NA NA NA NA NA 106 121 0 NA NA NA NA NA NA 871 66 49 NA NA NA NA NA NA 353 122 63 NA NA NA NA NA NA 
1782810000.0 523.0 67 90 0 NA NA NA NA NA NA 106 125 0 NA NA NA NA NA NA 1051 68 50 NA NA NA NA NA NA 390 88 67 NA NA NA NA NA NA 
1782810000.0 524.0 65 91 0 NA NA NA NA NA NA 106 129 0 NA NA NA NA NA NA 493 67 49 NA NA NA NA NA NA 228 85 64 NA NA NA NA NA NA 
1782810000.0 525.0 25 88 0 NA NA NA NA NA NA 108 125 0 NA NA NA NA NA NA 4429 78 74 NA NA NA NA NA NA 4166 93 87 NA NA NA NA NA NA 
1782810000.0 526.0 64 90 0 NA NA NA NA NA NA 107 125 0 NA NA NA NA NA NA 3551 62 51 NA NA NA NA NA NA 2672 71 63 NA NA NA NA NA NA 
1782810000.0 527.0 64 91 0 NA NA NA NA NA NA 105 129 0 NA NA NA NA NA NA 497 65 50 NA NA NA NA NA NA 215 84 67 NA NA NA NA NA NA 
1782810000.0 528.0 25 88 0 NA NA NA NA NA NA 106 126 0 NA NA NA NA NA NA 4532 87 66 NA NA NA NA NA NA 4971 148 90 NA NA NA NA NA NA 
1782810000.0 529.0 64 87 0 NA NA NA NA NA NA 108 125 0 NA NA NA NA NA NA 4458 87 73 NA NA NA NA NA NA 3325 103 85 NA NA NA NA NA NA 
1782810000.0 530.0 63 90 0 NA NA NA NA NA NA 105 127 0 NA NA NA NA NA NA 494 63 50 NA NA NA NA NA NA 208 83 65 NA NA NA NA NA NA 
1782810000.0 531.0 108 0 NA NA NA NA NA NA NA 228 0 NA NA NA NA NA NA NA 57 50 NA NA NA NA NA NA NA 82 64 NA NA NA NA NA NA NA 
1782810000.0 534.0 234 0 NA NA NA NA NA NA NA 312 0 NA NA NA NA NA NA NA 787 72 NA NA NA NA NA NA NA 1112 86 NA NA NA NA NA NA NA 
1782810000.0 535.0 101 0 NA NA NA NA NA NA NA 149 0 NA NA NA NA NA NA NA 589 50 NA NA NA NA NA NA NA 421 66 NA NA NA NA NA NA NA 
1782810000.0 536.0 99 0 NA NA NA NA NA NA NA 158 0 NA NA NA NA NA NA NA 103 50 NA NA NA NA NA NA NA 167 69 NA NA NA NA NA NA NA 
1782810000.0 537.0 98 0 NA NA NA NA NA NA NA 144 0 NA NA NA NA NA NA NA 1652 50 NA NA NA NA NA NA NA 828 69 NA NA NA NA NA NA NA 
1782810000.0 538.0 60 0 NA NA NA NA NA NA NA 145 0 NA NA NA NA NA NA NA 4561 65 NA NA NA NA NA NA NA 5470 86 NA NA NA NA NA NA NA 
1782810000.0 539.0 82 0 NA NA NA NA NA NA NA 138 0 NA NA NA NA NA NA NA 10933 50 NA NA NA NA NA NA NA 31702 68 NA NA NA NA NA NA NA 
1782810000.0 541.0 88 0 NA NA NA NA NA NA NA 120 0 NA NA NA NA NA NA NA 68 51 NA NA NA NA NA NA NA 91 69 NA NA NA NA NA NA NA 
1782810000.0 545.0 87 0 NA NA NA NA NA NA NA 119 0 NA NA NA NA NA NA NA 81 50 NA NA NA NA NA NA NA 115 65 NA NA NA NA NA NA NA 
1782810000.0 551.0 67 93 0 NA NA NA NA NA NA 106 129 0 NA NA NA NA NA NA 1037 123 50 NA NA NA NA NA NA 378 115 69 NA NA NA NA NA NA 
1782810000.0 552.0 63 93 0 NA NA NA NA NA NA 106 133 0 NA NA NA NA NA NA 501 81 50 NA NA NA NA NA NA 231 86 64 NA NA NA NA NA NA 
1782810000.0 554.0 62 93 0 NA NA NA NA NA NA 105 133 0 NA NA NA NA NA NA 2273 81 50 NA NA NA NA NA NA 706 82 66 NA NA NA NA NA NA 
1782810000.0 555.0 65 91 0 NA NA NA NA NA NA 106 133 0 NA NA NA NA NA NA 1502 81 50 NA NA NA NA NA NA 658 103 65 NA NA NA NA NA NA 
1782810000.0 556.0 65 94 0 NA NA NA NA NA NA 106 136 0 NA NA NA NA NA NA 462 98 52 NA NA NA NA NA NA 197 91 70 NA NA NA NA NA NA 
1782810000.0 560.0 92 0 NA NA NA NA NA NA NA 126 0 NA NA NA NA NA NA NA 81 50 NA NA NA NA NA NA NA 76 68 NA NA NA NA NA NA NA 
1782810000.0 561.0 92 0 NA NA NA NA NA NA NA 127 0 NA NA NA NA NA NA NA 79 52 NA NA NA NA NA NA NA 84 69 NA NA NA NA NA NA NA 
1782810000.0 562.0 64 94 0 NA NA NA NA NA NA 107 129 0 NA NA NA NA NA NA 460 80 51 NA NA NA NA NA NA 297 91 68 NA NA NA NA NA NA 
1782810000.0 570.0 83 0 NA NA NA NA NA NA NA 117 0 NA NA NA NA NA NA NA 131 50 NA NA NA NA NA NA NA 117 67 NA NA NA NA NA NA NA 
1782810000.0 571.0 83 0 NA NA NA NA NA NA NA 112 0 NA NA NA NA NA NA NA 146 50 NA NA NA NA NA NA NA 122 65 NA NA NA NA NA NA NA 
1782810000.0 572.0 82 0 NA NA NA NA NA NA NA 111 0 NA NA NA NA NA NA NA 114 50 NA NA NA NA NA NA NA 115 66 NA NA NA NA NA NA NA 
1782810000.0 573.0 85 0 NA NA NA NA NA NA NA 114 0 NA NA NA NA NA NA NA 311 51 NA NA NA NA NA NA NA 230 71 NA NA NA NA NA NA NA 
1782810000.0 574.0 84 0 NA NA NA NA NA NA NA 113 0 NA NA NA NA NA NA NA 399 50 NA NA NA NA NA NA NA 261 64 NA NA NA NA NA NA NA 
1782810000.0 575.0 82 0 NA NA NA NA NA NA NA 111 0 NA NA NA NA NA NA NA 387 50 NA NA NA NA NA NA NA 303 63 NA NA NA NA NA NA NA 
1782810000.0 576.0 84 0 NA NA NA NA NA NA NA 112 0 NA NA NA NA NA NA NA 95 51 NA NA NA NA NA NA NA 94 67 NA NA NA NA NA NA NA 
1782810000.0 577.0 83 0 NA NA NA NA NA NA NA 111 0 NA NA NA NA NA NA NA 86 51 NA NA NA NA NA NA NA 83 65 NA NA NA NA NA NA NA 
1782810000.0 6.0 NA 181 358 0 NA NA NA NA NA NA 276 521 0 NA NA NA NA NA NA 702 967 201 NA NA NA NA NA NA 341 998 228 NA NA NA NA NA 
1782810000.0 7.0 111 170 200 114 0 NA NA NA NA 177 260 313 185 0 NA NA NA NA 274 122 211 183 70 NA NA NA NA 398 197 272 306 89 NA NA NA NA 
1782810000.0 7.1 109 161 194 114 0 NA NA NA NA 175 250 317 190 0 NA NA NA NA 581 140 234 245 90 NA NA NA NA 496 208 253 327 110 NA NA NA NA 
1782810000.0 7.2 112 266 319 119 0 NA NA NA NA 175 366 496 202 0 NA NA NA NA 332 219 513 242 119 NA NA NA NA 360 220 659 330 140 NA NA NA NA 
1782810000.0 7.21 111 260 307 120 0 NA NA NA NA 170 371 492 199 0 NA NA NA NA 339 182 506 256 109 NA NA NA NA 371 272 647 341 132 NA NA NA NA 
1782810000.0 7.22 110 203 255 118 0 NA NA NA NA 172 305 411 198 0 NA NA NA NA 369 152 394 237 95 NA NA NA NA 497 241 532 318 118 NA NA NA NA 
1782810000.0 7.23 130 226 318 124 0 NA NA NA NA 173 312 477 197 0 NA NA NA NA 612 121 357 238 129 NA NA NA NA 555 117 386 253 152 NA NA NA NA 
1782810000.0 7.24 128 236 298 114 0 NA NA NA NA 177 330 466 196 0 NA NA NA NA 433 121 348 170 100 NA NA NA NA 448 108 352 193 130 NA NA NA NA 
1782810000.0 7.25 133 332 228 121 0 NA NA NA NA 186 483 398 197 0 NA NA NA NA 615 314 358 207 58 NA NA NA NA 731 353 454 263 76 NA NA NA NA 
1782810000.0 7.3 111 246 293 120 0 NA NA NA NA 173 342 477 200 0 NA NA NA NA 482 132 366 190 91 NA NA NA NA 396 157 411 221 106 NA NA NA NA 
1782810000.0 7.4 113 266 315 120 0 NA NA NA NA 175 360 486 196 0 NA NA NA NA 347 192 484 257 102 NA NA NA NA 372 292 523 344 124 NA NA NA NA 
1782810000.0 7.5 142 369 223 NA NA NA NA NA NA 188 563 345 NA NA NA NA NA NA 709 456 456 NA NA NA NA NA NA 732 383 485 NA NA NA NA NA NA 
1782810000.0 77.0 155 NA NA NA NA NA NA NA NA 452 NA NA NA NA NA NA NA NA 120 NA NA NA NA NA NA NA NA 122 NA NA NA NA NA NA NA NA 
1782810000.0 8.0 NA 187 199 100 0 NA NA NA NA NA 281 323 170 0 NA NA NA NA NA 558 266 147 72 NA NA NA NA NA 251 374 191 92 NA NA NA NA 
1782810000.0 8.1 112 280 315 99 0 NA NA NA NA 172 369 492 170 0 NA NA NA NA 315 249 469 179 105 NA NA NA NA 297 257 529 247 124 NA NA NA NA 
1782810000.0 8.2 132 236 323 100 0 NA NA NA NA 185 334 479 171 0 NA NA NA NA 505 199 443 187 111 NA NA NA NA 485 190 543 256 128 NA NA NA NA 
1782810000.0 9.0 NA 209 408 0 NA NA NA NA NA NA 314 578 0 NA NA NA NA NA NA 911 1928 238 NA NA NA NA NA NA 393 1071 273 NA NA NA NA NA 
