Timestamp WorkflowId PeakValueRss1 PeakValueRss2 PeakValueRss3 PeakValueRss4 PeakValueRss5 PeakValueRss6 PeakValueRss7 PeakValueRss8 PeakValueRss9 PeakValueVsize1 PeakValueVsize2 PeakValueVsize3 PeakValueVsize4 PeakValueVsize5 PeakValueVsize6 PeakValueVsize7 PeakValueVsize8 PeakValueVsize9 TotalJobCPU1 TotalJobCPU2 TotalJobCPU3 TotalJobCPU4 TotalJobCPU5 TotalJobCPU6 TotalJobCPU7 TotalJobCPU8 TotalJobCPU9 TotalJobTime1 TotalJobTime2 TotalJobTime3 TotalJobTime4 TotalJobTime5 TotalJobTime6 TotalJobTime7 TotalJobTime8 TotalJobTime9 
1743368400.0 1.0 154 200 330 NA NA NA NA NA NA 236 279 439 NA NA NA NA NA NA 624 193 413 NA NA NA NA NA NA 466 210 418 NA NA NA NA NA NA 
1743368400.0 10.0 NA 232 451 0 NA NA NA NA NA NA 340 618 0 NA NA NA NA NA NA 722 1359 167 NA NA NA NA NA NA 322 992 188 NA NA NA NA NA 
1743368400.0 1000.0 NA 401 283 0 114 NA NA NA NA NA 553 368 0 176 NA NA NA NA NA 1424 465 131 136 NA NA NA NA NA 1191 466 175 171 NA NA NA NA 
1743368400.0 10001.0 NA 332 545 0 158 186 NA NA NA NA 431 736 0 231 276 NA NA NA NA 593 749 170 159 245 NA NA NA NA 291 690 189 197 261 NA NA NA 
1743368400.0 10002.0 NA 332 549 0 158 185 NA NA NA NA 444 756 0 231 278 NA NA NA NA 591 770 171 158 241 NA NA NA NA 281 743 191 209 271 NA NA NA 
1743368400.0 10003.0 NA 329 552 0 158 188 NA NA NA NA 438 772 0 224 275 NA NA NA NA 596 773 170 159 244 NA NA NA NA 352 708 188 210 257 NA NA NA 
1743368400.0 10004.0 NA 328 546 0 158 184 NA NA NA NA 437 774 0 224 273 NA NA NA NA 606 739 168 162 243 NA NA NA NA 286 725 184 194 264 NA NA NA 
1743368400.0 10005.0 NA 326 547 0 158 185 NA NA NA NA 432 758 0 226 271 NA NA NA NA 595 728 168 164 251 NA NA NA NA 344 672 185 231 316 NA NA NA 
1743368400.0 10006.0 NA 331 544 0 157 184 NA NA NA NA 443 742 0 231 274 NA NA NA NA 595 729 167 159 236 NA NA NA NA 290 687 182 197 255 NA NA NA 
1743368400.0 10007.0 NA 332 548 0 188 186 NA NA NA NA 435 734 0 304 280 NA NA NA NA 595 761 172 162 245 NA NA NA NA 283 781 196 187 300 NA NA NA 
1743368400.0 10008.0 NA 334 556 0 189 185 NA NA NA NA 456 753 0 307 279 NA NA NA NA 591 739 170 162 245 NA NA NA NA 279 715 206 190 266 NA NA NA 
1743368400.0 10009.0 NA 333 553 0 188 186 NA NA NA NA 438 772 0 308 271 NA NA NA NA 596 765 174 168 240 NA NA NA NA 282 702 214 213 256 NA NA NA 
1743368400.0 1001.0 NA 356 194 0 0 0 0 0 0 NA 487 280 0 0 0 0 0 0 NA 981 213 39 28 39 77 51 78 NA 667 260 58 44 52 91 61 89 
1743368400.0 1001.2 NA 580 244 0 0 0 0 NA NA NA 788 374 0 0 0 0 NA NA NA 4500 369 47 54 51 56 NA NA NA 1562 270 59 97 66 77 NA NA 
1743368400.0 1001.3 NA 556 216 0 NA NA NA NA NA NA 780 330 0 NA NA NA NA NA NA 3747 226 111 NA NA NA NA NA NA 1546 262 149 NA NA NA NA NA 
1743368400.0 1001.4 NA 535 187 0 0 0 NA NA NA NA 789 294 0 0 0 NA NA NA NA 3837 182 51 49 50 NA NA NA NA 1587 210 66 57 68 NA NA NA 
1743368400.0 1002.0 NA 368 140 NA NA NA NA NA NA NA 570 179 NA NA NA NA NA NA NA 1473 105 NA NA NA NA NA NA NA 1188 117 NA NA NA NA NA NA 
1743368400.0 1002.3 NA 547 239 0 NA NA NA NA NA NA 745 355 0 NA NA NA NA NA NA 2836 313 113 NA NA NA NA NA NA 1304 270 148 NA NA NA NA NA 
1743368400.0 1002.4 NA 556 0 NA NA NA NA NA NA NA 761 0 NA NA NA NA NA NA NA 4196 168 NA NA NA NA NA NA NA 1623 186 NA NA NA NA NA NA 
1743368400.0 1002.5 NA 129 136 0 0 NA NA NA NA NA 205 206 0 0 NA NA NA NA NA 123 111 95 50 NA NA NA NA NA 253 126 110 68 NA NA NA NA 
1743368400.0 10023.0 NA 331 545 0 156 183 NA NA NA NA 431 753 0 229 274 NA NA NA NA 593 731 172 160 241 NA NA NA NA 302 712 198 187 280 NA NA NA 
1743368400.0 10024.0 NA 344 568 0 190 186 NA NA NA NA 448 794 0 304 275 NA NA NA NA 620 847 187 163 251 NA NA NA NA 275 782 201 181 285 NA NA NA 
1743368400.0 10024.1 NA 338 335 0 NA NA NA NA NA NA 450 524 0 NA NA NA NA NA NA 649 368 179 NA NA NA NA NA NA 334 387 226 NA NA NA NA NA 
1743368400.0 10024.2 NA 342 557 0 NA NA NA NA NA NA 452 762 0 NA NA NA NA NA NA 638 858 180 NA NA NA NA NA NA 308 789 195 NA NA NA NA NA 
1743368400.0 10024.3 NA 340 308 0 NA NA NA NA NA NA 434 439 0 NA NA NA NA NA NA 609 343 150 NA NA NA NA NA NA 316 376 178 NA NA NA NA NA 
1743368400.0 10024.4 NA 343 556 0 NA NA NA NA NA NA 447 751 0 NA NA NA NA NA NA 645 849 182 NA NA NA NA NA NA 321 794 227 NA NA NA NA NA 
1743368400.0 10025.0 NA 333 554 0 159 186 NA NA NA NA 441 788 0 225 269 NA NA NA NA 603 759 180 158 238 NA NA NA NA 299 685 213 178 253 NA NA NA 
1743368400.0 10026.0 NA 344 578 0 163 186 NA NA NA NA 437 788 0 229 279 NA NA NA NA 612 939 190 157 250 NA NA NA NA 305 894 202 171 304 NA NA NA 
1743368400.0 1003.0 NA 416 0 NA NA NA NA NA NA NA 671 0 NA NA NA NA NA NA NA 1176 110 NA NA NA NA NA NA NA 841 134 NA NA NA NA NA NA 
1743368400.0 10042.0 NA 337 556 0 193 187 NA NA NA NA 442 779 0 311 284 NA NA NA NA 602 777 182 166 248 NA NA NA NA 312 723 234 197 270 NA NA NA 
1743368400.0 1005.0 NA 218 163 0 0 NA NA NA NA NA 378 267 0 0 NA NA NA NA NA 211 100 35 52 NA NA NA NA NA 241 108 52 77 NA NA NA NA 
1743368400.0 10059.0 NA 344 578 0 162 188 NA NA NA NA 439 784 0 231 281 NA NA NA NA 617 1112 188 159 252 NA NA NA NA 309 798 199 181 263 NA NA NA 
1743368400.0 10071.0 NA 340 563 0 160 189 NA NA NA NA 446 762 0 231 273 NA NA NA NA 738 829 189 160 245 NA NA NA NA 325 812 221 188 267 NA NA NA 
1743368400.0 101.0 179 NA NA NA NA NA NA NA NA 299 NA NA NA NA NA NA NA NA 295 NA NA NA NA NA NA NA NA 303 NA NA NA NA NA NA NA NA 
1743368400.0 1010.0 NA 89 106 0 NA NA NA NA NA NA 154 169 0 NA NA NA NA NA NA 69 79 53 NA NA NA NA NA NA 146 96 68 NA NA NA NA NA 
1743368400.0 102.0 177 NA NA NA NA NA NA NA NA 282 NA NA NA NA NA NA NA NA 275 NA NA NA NA NA NA NA NA 286 NA NA NA NA NA NA NA NA 
1743368400.0 1020.0 NA 95 84 0 92 NA NA NA NA NA 166 158 0 165 NA NA NA NA NA 86 73 27 76 NA NA NA NA NA 147 83 36 119 NA NA NA NA 
1743368400.0 10224.0 NA 528 805 0 188 NA NA NA NA NA 713 1139 0 275 NA NA NA NA NA 1405 1488 202 263 NA NA NA NA NA 733 1043 216 314 NA NA NA NA 
1743368400.0 10224.15 NA 531 818 0 211 NA NA NA NA NA 695 1071 0 310 NA NA NA NA NA 1411 1520 210 335 NA NA NA NA NA 687 1036 273 321 NA NA NA NA 
1743368400.0 10225.0 NA 519 797 0 186 NA NA NA NA NA 667 1077 0 280 NA NA NA NA NA 1346 1389 203 255 NA NA NA NA NA 644 1127 232 297 NA NA NA NA 
1743368400.0 103.0 122 193 407 NA NA NA NA NA NA 183 264 550 NA NA NA NA NA NA 307 180 880 NA NA NA NA NA NA 310 247 869 NA NA NA NA NA NA 
1743368400.0 1030.0 NA 280 98 0 0 NA NA NA NA NA 453 165 0 0 NA NA NA NA NA 2103 87 25 23 NA NA NA NA NA 772 97 64 31 NA NA NA NA 
1743368400.0 1040.0 NA 525 85 0 NA NA NA NA NA NA 727 144 0 NA NA NA NA NA NA 3687 64 45 NA NA NA NA NA NA 1306 78 60 NA NA NA NA NA 
1743368400.0 1040.1 NA 132 84 0 NA NA NA NA NA NA 203 144 0 NA NA NA NA NA NA 188 64 46 NA NA NA NA NA NA 321 81 58 NA NA NA NA NA 
1743368400.0 1041.0 NA 129 91 0 NA NA NA NA NA NA 203 156 0 NA NA NA NA NA NA 120 68 28 NA NA NA NA NA NA 164 83 36 NA NA NA NA NA 
1743368400.0 1042.0 NA 128 87 0 NA NA NA NA NA NA 203 151 0 NA NA NA NA NA NA 251 69 27 NA NA NA NA NA NA 622 84 37 NA NA NA NA NA 
1743368400.0 10424.0 NA 295 549 0 NA NA NA NA NA NA 393 730 0 NA NA NA NA NA NA 265 1055 199 NA NA NA NA NA NA 283 1087 222 NA NA NA NA NA 
1743368400.0 1046.0 NA 102 88 0 NA NA NA NA NA NA 173 156 0 NA NA NA NA NA NA 113 68 25 NA NA NA NA NA NA 197 82 33 NA NA NA NA NA 
1743368400.0 1047.0 NA 105 107 0 NA NA NA NA NA NA 175 175 0 NA NA NA NA NA NA 118 91 30 NA NA NA NA NA NA 240 94 39 NA NA NA NA NA 
1743368400.0 1048.0 NA 104 98 0 NA NA NA NA NA NA 175 162 0 NA NA NA NA NA NA 120 88 24 NA NA NA NA NA NA 224 90 33 NA NA NA NA NA 
1743368400.0 1049.0 NA 113 0 NA NA NA NA NA NA NA 182 0 NA NA NA NA NA NA NA 733 58 NA NA NA NA NA NA NA 1133 74 NA NA NA NA NA NA 
1743368400.0 105.0 154 204 117 NA NA NA NA NA NA 234 281 177 NA NA NA NA NA NA 573 184 112 NA NA NA NA NA NA 378 183 138 NA NA NA NA NA NA 
1743368400.0 1052.0 NA 218 162 0 NA NA NA NA NA NA 380 264 0 NA NA NA NA NA NA 211 102 26 NA NA NA NA NA NA 209 118 34 NA NA NA NA NA 
1743368400.0 1052.1 NA 146 0 NA NA NA NA NA NA NA 249 0 NA NA NA NA NA NA NA 97 26 NA NA NA NA NA NA NA 120 34 NA NA NA NA NA NA 
1743368400.0 106.0 115 0 0 NA NA NA NA NA NA 170 0 0 NA NA NA NA NA NA 233 122 708 NA NA NA NA NA NA 230 161 793 NA NA NA NA NA NA 
1743368400.0 107.0 163 208 429 NA NA NA NA NA NA 248 289 568 NA NA NA NA NA NA 910 205 797 NA NA NA NA NA NA 476 186 887 NA NA NA NA NA NA 
1743368400.0 108.0 153 208 427 NA NA NA NA NA NA 242 288 586 NA NA NA NA NA NA 910 209 795 NA NA NA NA NA NA 423 203 713 NA NA NA NA NA NA 
1743368400.0 10801.0 NA 320 548 0 158 190 NA NA NA NA 400 747 0 229 280 NA NA NA NA 586 739 168 163 246 NA NA NA NA 340 689 190 207 284 NA NA NA 
1743368400.0 10802.0 NA 322 544 0 158 192 NA NA NA NA 402 724 0 229 287 NA NA NA NA 582 743 171 158 249 NA NA NA NA 282 708 187 184 287 NA NA NA 
1743368400.0 10803.0 NA 324 550 0 159 188 NA NA NA NA 421 768 0 229 278 NA NA NA NA 587 769 175 161 244 NA NA NA NA 313 701 228 216 260 NA NA NA 
1743368400.0 10804.0 NA 322 548 0 158 189 NA NA NA NA 410 769 0 225 279 NA NA NA NA 579 736 170 160 246 NA NA NA NA 281 718 195 189 263 NA NA NA 
1743368400.0 10804.31 NA 318 544 0 157 187 NA NA NA NA 404 736 0 231 272 NA NA NA NA 590 787 172 165 264 NA NA NA NA 317 897 187 195 313 NA NA NA 
1743368400.0 10805.0 NA 322 544 0 158 187 NA NA NA NA 406 738 0 225 277 NA NA NA NA 578 733 171 159 249 NA NA NA NA 296 694 187 189 297 NA NA NA 
1743368400.0 10805.31 NA 319 546 0 154 188 NA NA NA NA 423 741 0 229 283 NA NA NA NA 616 803 179 172 263 NA NA NA NA 301 1031 200 226 314 NA NA NA 
1743368400.0 10806.0 NA 322 545 0 157 185 NA NA NA NA 408 748 0 230 276 NA NA NA NA 579 723 170 160 248 NA NA NA NA 280 707 184 194 274 NA NA NA 
1743368400.0 10807.0 NA 326 547 0 186 192 NA NA NA NA 428 767 0 303 272 NA NA NA NA 590 740 171 168 247 NA NA NA NA 288 756 189 213 264 NA NA NA 
1743368400.0 10808.0 NA 327 548 0 186 190 NA NA NA NA 422 749 0 302 276 NA NA NA NA 590 752 172 168 249 NA NA NA NA 284 733 185 211 284 NA NA NA 
1743368400.0 10809.0 NA 324 548 0 187 191 NA NA NA NA 420 762 0 304 275 NA NA NA NA 585 771 170 167 252 NA NA NA NA 280 733 181 196 332 NA NA NA 
1743368400.0 10823.0 NA 324 547 0 158 186 NA NA NA NA 419 795 0 227 270 NA NA NA NA 584 737 174 161 247 NA NA NA NA 297 684 192 205 282 NA NA NA 
1743368400.0 10824.0 NA 333 565 0 188 191 NA NA NA NA 427 753 0 304 289 NA NA NA NA 598 828 188 168 255 NA NA NA NA 278 742 211 231 286 NA NA NA 
1743368400.0 10824.1 NA 332 333 0 NA NA NA NA NA NA 429 507 0 NA NA NA NA NA NA 608 353 176 NA NA NA NA NA NA 319 363 199 NA NA NA NA NA 
1743368400.0 10824.6 NA 329 565 0 188 190 NA NA NA NA 420 796 0 305 280 NA NA NA NA 606 842 188 168 245 NA NA NA NA 310 763 205 198 261 NA NA NA 
1743368400.0 10824.8 NA 330 565 0 188 190 NA NA NA NA 431 800 0 305 280 NA NA NA NA 634 838 187 164 255 NA NA NA NA 295 717 198 187 290 NA NA NA 
1743368400.0 10825.0 NA 322 552 0 160 188 NA NA NA NA 431 751 0 231 285 NA NA NA NA 634 773 182 160 246 NA NA NA NA 316 741 199 186 271 NA NA NA 
1743368400.0 10826.0 NA 335 570 0 161 191 NA NA NA NA 416 775 0 225 283 NA NA NA NA 602 878 191 159 254 NA NA NA NA 286 747 211 181 294 NA NA NA 
1743368400.0 10842.0 NA 330 552 0 191 188 NA NA NA NA 421 743 0 306 280 NA NA NA NA 591 780 182 168 252 NA NA NA NA 290 781 195 235 275 NA NA NA 
1743368400.0 10859.0 NA 342 587 0 163 191 NA NA NA NA 443 785 0 234 288 NA NA NA NA 620 1143 192 161 259 NA NA NA NA 277 788 206 202 327 NA NA NA 
1743368400.0 10871.0 NA 332 564 0 161 190 NA NA NA NA 439 761 0 230 278 NA NA NA NA 598 857 192 160 250 NA NA NA NA 287 733 230 194 267 NA NA NA 
1743368400.0 109.0 155 208 423 NA NA NA NA NA NA 237 290 579 NA NA NA NA NA NA 841 195 743 NA NA NA NA NA NA 360 200 819 NA NA NA NA NA NA 
1743368400.0 11.0 NA 221 405 0 131 NA NA NA NA NA 316 571 0 194 NA NA NA NA NA 608 772 179 131 NA NA NA NA NA 267 656 243 174 NA NA NA NA 
1743368400.0 110.0 118 203 411 NA NA NA NA NA NA 173 277 554 NA NA NA NA NA NA 286 227 830 NA NA NA NA NA NA 260 279 813 NA NA NA NA NA NA 
1743368400.0 1102.0 NA 237 462 283 225 NA NA NA NA NA 330 610 384 270 NA NA NA NA NA 776 1736 881 144 NA NA NA NA NA 330 907 374 117 NA NA NA NA 
1743368400.0 11024.0 NA 597 891 0 191 NA NA NA NA NA 767 1166 0 282 NA NA NA NA NA 2089 1890 209 269 NA NA NA NA NA 938 1102 225 308 NA NA NA NA 
1743368400.0 11024.15 NA 604 878 0 214 NA NA NA NA NA 794 1216 0 316 NA NA NA NA NA 1862 1803 204 353 NA NA NA NA NA 813 1098 238 336 NA NA NA NA 
1743368400.0 11024.2 NA 601 890 0 184 NA NA NA NA NA 786 1176 0 269 NA NA NA NA NA 1868 2029 202 207 NA NA NA NA NA 932 1222 217 220 NA NA NA NA 
1743368400.0 11024.6 NA 581 904 0 191 NA NA NA NA NA 788 1260 0 275 NA NA NA NA NA 1896 1853 208 269 NA NA NA NA NA 948 1132 235 314 NA NA NA NA 
1743368400.0 11025.0 NA 585 930 0 189 NA NA NA NA NA 785 1229 0 276 NA NA NA NA NA 1908 1866 207 269 NA NA NA NA NA 917 1083 268 339 NA NA NA NA 
1743368400.0 111.0 133 199 405 NA NA NA NA NA NA 198 278 575 NA NA NA NA NA NA 308 180 840 NA NA NA NA NA NA 307 243 962 NA NA NA NA NA NA 
1743368400.0 112.0 149 207 417 NA NA NA NA NA NA 233 286 580 NA NA NA NA NA NA 616 197 743 NA NA NA NA NA NA 317 176 690 NA NA NA NA NA NA 
1743368400.0 11224.0 NA 296 557 0 NA NA NA NA NA NA 385 755 0 NA NA NA NA NA NA 296 1060 196 NA NA NA NA NA NA 301 1123 216 NA NA NA NA NA 
1743368400.0 11224.6 NA 294 558 0 NA NA NA NA NA NA 383 742 0 NA NA NA NA NA NA 266 1053 198 NA NA NA NA NA NA 262 946 229 NA NA NA NA NA 
1743368400.0 113.0 155 206 417 NA NA NA NA NA NA 236 290 571 NA NA NA NA NA NA 721 203 765 NA NA NA NA NA NA 367 181 711 NA NA NA NA NA NA 
1743368400.0 114.0 156 206 419 NA NA NA NA NA NA 237 287 583 NA NA NA NA NA NA 675 202 757 NA NA NA NA NA NA 325 175 717 NA NA NA NA NA NA 
1743368400.0 115.0 154 206 426 NA NA NA NA NA NA 235 280 573 NA NA NA NA NA NA 751 204 773 NA NA NA NA NA NA 378 175 859 NA NA NA NA NA NA 
1743368400.0 116.0 155 209 422 NA NA NA NA NA NA 238 278 565 NA NA NA NA NA NA 770 214 769 NA NA NA NA NA NA 370 185 723 NA NA NA NA NA NA 
1743368400.0 11601.0 NA 328 584 0 159 NA NA NA NA NA 439 806 0 227 NA NA NA NA NA 571 788 170 140 NA NA NA NA NA 238 745 245 163 NA NA NA NA 
1743368400.0 11602.0 NA 332 571 0 159 NA NA NA NA NA 439 797 0 226 NA NA NA NA NA 544 793 177 140 NA NA NA NA NA 231 732 256 157 NA NA NA NA 
1743368400.0 11603.0 NA 341 584 0 159 NA NA NA NA NA 453 811 0 231 NA NA NA NA NA 554 793 174 140 NA NA NA NA NA 242 717 224 164 NA NA NA NA 
1743368400.0 11604.0 NA 333 573 0 160 NA NA NA NA NA 448 828 0 227 NA NA NA NA NA 551 782 171 140 NA NA NA NA NA 251 742 219 156 NA NA NA NA 
1743368400.0 11605.0 NA 336 565 0 162 NA NA NA NA NA 450 821 0 226 NA NA NA NA NA 557 791 176 140 NA NA NA NA NA 238 759 269 157 NA NA NA NA 
1743368400.0 11606.0 NA 336 586 0 158 NA NA NA NA NA 443 818 0 227 NA NA NA NA NA 546 775 174 139 NA NA NA NA NA 233 691 274 156 NA NA NA NA 
1743368400.0 11607.0 NA 336 589 0 190 NA NA NA NA NA 446 829 0 308 NA NA NA NA NA 561 777 177 147 NA NA NA NA NA 236 702 243 174 NA NA NA NA 
1743368400.0 11608.0 NA 338 591 0 191 NA NA NA NA NA 449 837 0 313 NA NA NA NA NA 550 797 168 145 NA NA NA NA NA 241 697 179 162 NA NA NA NA 
1743368400.0 11609.0 NA 340 588 0 190 NA NA NA NA NA 445 807 0 307 NA NA NA NA NA 551 820 175 146 NA NA NA NA NA 245 738 225 161 NA NA NA NA 
1743368400.0 11630.0 NA 352 626 0 163 NA NA NA NA NA 468 878 0 232 NA NA NA NA NA 592 1082 194 145 NA NA NA NA NA 281 820 214 156 NA NA NA NA 
1743368400.0 11634.0 NA 350 614 0 196 NA NA NA NA NA 464 858 0 312 NA NA NA NA NA 567 886 189 147 NA NA NA NA NA 241 777 220 162 NA NA NA NA 
1743368400.0 11634.1 NA 345 336 0 NA NA NA NA NA NA 449 463 0 NA NA NA NA NA NA 577 339 180 NA NA NA NA NA NA 309 343 248 NA NA NA NA NA 
1743368400.0 11634.15 NA 349 631 0 195 NA NA NA NA NA 453 866 0 310 NA NA NA NA NA 574 1033 190 151 NA NA NA NA NA 258 850 207 160 NA NA NA NA 
1743368400.0 11634.24 NA 268 547 0 175 NA NA NA NA NA 358 793 0 275 NA NA NA NA NA 239 794 184 141 NA NA NA NA NA 232 765 199 161 NA NA NA NA 
1743368400.0 11634.5 NA 344 184 0 NA NA NA NA NA NA 459 328 0 NA NA NA NA NA NA 568 228 76 NA NA NA NA NA NA 252 259 92 NA NA NA NA NA 
1743368400.0 11634.601 NA 324 126 611 0 NA NA NA NA NA 431 186 843 0 NA NA NA NA NA 534 84 891 189 NA NA NA NA NA 222 93 743 215 NA NA NA NA 
1743368400.0 11634.7 NA 348 608 0 NA NA NA NA NA NA 459 834 0 NA NA NA NA NA NA 582 967 194 NA NA NA NA NA NA 271 932 207 NA NA NA NA NA 
1743368400.0 11634.91 NA 346 609 0 195 NA NA NA NA NA 436 842 0 313 NA NA NA NA NA 566 896 192 147 NA NA NA NA NA 272 725 270 160 NA NA NA NA 
1743368400.0 11634.914 135 337 611 0 195 NA NA NA NA 183 438 869 0 311 NA NA NA NA 1040 591 920 191 164 NA NA NA NA 560 278 783 213 185 NA NA NA NA 
1743368400.0 11640.0 NA 337 577 0 161 NA NA NA NA NA 441 790 0 227 NA NA NA NA NA 551 801 181 141 NA NA NA NA NA 237 765 328 162 NA NA NA NA 
1743368400.0 11643.0 NA 350 623 0 164 NA NA NA NA NA 457 849 0 226 NA NA NA NA NA 573 965 192 141 NA NA NA NA NA 271 748 277 154 NA NA NA NA 
1743368400.0 11646.0 NA 343 582 0 162 NA NA NA NA NA 441 837 0 233 NA NA NA NA NA 559 830 187 141 NA NA NA NA NA 245 733 279 153 NA NA NA NA 
1743368400.0 11650.0 NA 341 591 0 197 NA NA NA NA NA 458 853 0 313 NA NA NA NA NA 560 841 188 148 NA NA NA NA NA 240 749 241 169 NA NA NA NA 
1743368400.0 117.0 155 209 425 NA NA NA NA NA NA 240 288 559 NA NA NA NA NA NA 809 202 791 NA NA NA NA NA NA 402 176 844 NA NA NA NA NA NA 
1743368400.0 11723.17 NA 348 618 0 NA NA NA NA NA NA 463 901 0 NA NA NA NA NA NA 606 1100 198 NA NA NA NA NA NA 285 885 222 NA NA NA NA NA 
1743368400.0 118.0 158 210 425 NA NA NA NA NA NA 240 289 583 NA NA NA NA NA NA 887 198 771 NA NA NA NA NA NA 406 191 808 NA NA NA NA NA NA 
1743368400.0 11834.0 NA 670 1054 0 NA NA NA NA NA NA 918 1348 0 NA NA NA NA NA NA 2204 2533 200 NA NA NA NA NA NA 951 1473 216 NA NA NA NA NA 
1743368400.0 11834.13 NA 686 1173 0 NA NA NA NA NA NA 973 1666 0 NA NA NA NA NA NA 2285 3086 214 NA NA NA NA NA NA 990 1492 230 NA NA NA NA NA 
1743368400.0 11834.19 NA 681 1070 0 NA NA NA NA NA NA 892 1477 0 NA NA NA NA NA NA 2188 2763 213 NA NA NA NA NA NA 927 1584 228 NA NA NA NA NA 
1743368400.0 11834.21 NA 554 401 253 182 NA NA NA NA NA 737 570 342 271 NA NA NA NA NA 1941 1053 267 164 NA NA NA NA NA 861 552 254 176 NA NA NA NA 
1743368400.0 11834.24 NA 276 566 0 NA NA NA NA NA NA 379 796 0 NA NA NA NA NA NA 250 818 176 NA NA NA NA NA NA 284 776 198 NA NA NA NA NA 
1743368400.0 11834.99 NA 538 685 783 0 NA NA NA NA NA 771 979 1077 0 NA NA NA NA NA 2112 870 1927 204 NA NA NA NA NA 1533 378 1061 252 NA NA NA NA 
1743368400.0 11846.0 NA 629 1070 0 NA NA NA NA NA NA 915 1428 0 NA NA NA NA NA NA 2194 2294 201 NA NA NA NA NA NA 1040 1263 230 NA NA NA NA NA 
1743368400.0 11846.19 NA 667 1052 0 NA NA NA NA NA NA 957 1516 0 NA NA NA NA NA NA 2257 2525 208 NA NA NA NA NA NA 1040 1438 222 NA NA NA NA NA 
1743368400.0 119.0 150 205 419 NA NA NA NA NA NA 228 281 570 NA NA NA NA NA NA 523 195 721 NA NA NA NA NA NA 358 180 694 NA NA NA NA NA NA 
1743368400.0 12.0 NA 237 449 0 NA NA NA NA NA NA 321 627 0 NA NA NA NA NA NA 694 1412 182 NA NA NA NA NA NA 301 950 202 NA NA NA NA NA 
1743368400.0 120.0 124 201 406 NA NA NA NA NA NA 190 273 566 NA NA NA NA NA NA 246 240 813 NA NA NA NA NA NA 254 267 951 NA NA NA NA NA NA 
1743368400.0 12034.0 NA 308 597 0 NA NA NA NA NA NA 389 831 0 NA NA NA NA NA NA 308 1173 194 NA NA NA NA NA NA 298 1265 211 NA NA NA NA NA 
1743368400.0 121.0 154 211 429 NA NA NA NA NA NA 241 285 584 NA NA NA NA NA NA 993 204 772 NA NA NA NA NA NA 401 198 817 NA NA NA NA NA NA 
1743368400.0 122.0 128 197 407 NA NA NA NA NA NA 199 273 536 NA NA NA NA NA NA 318 187 842 NA NA NA NA NA NA 267 231 979 NA NA NA NA NA NA 
1743368400.0 123.1 407 NA NA NA NA NA NA NA NA 551 NA NA NA NA NA NA NA NA 391 NA NA NA NA NA NA NA NA 392 NA NA NA NA NA NA NA NA 
1743368400.0 123.2 411 NA NA NA NA NA NA NA NA 538 NA NA NA NA NA NA NA NA 408 NA NA NA NA NA NA NA NA 334 NA NA NA NA NA NA NA NA 
1743368400.0 123.3 328 NA NA NA NA NA NA NA NA 444 NA NA NA NA NA NA NA NA 322 NA NA NA NA NA NA NA NA 301 NA NA NA NA NA NA NA NA 
1743368400.0 124.1 398 NA NA NA NA NA NA NA NA 527 NA NA NA NA NA NA NA NA 364 NA NA NA NA NA NA NA NA 345 NA NA NA NA NA NA NA NA 
1743368400.0 124.2 406 NA NA NA NA NA NA NA NA 522 NA NA NA NA NA NA NA NA 365 NA NA NA NA NA NA NA NA 374 NA NA NA NA NA NA NA NA 
1743368400.0 124.4 392 NA NA NA NA NA NA NA NA 524 NA NA NA NA NA NA NA NA 330 NA NA NA NA NA NA NA NA 351 NA NA NA NA NA NA NA NA 
1743368400.0 124.5 392 NA NA NA NA NA NA NA NA 531 NA NA NA NA NA NA NA NA 365 NA NA NA NA NA NA NA NA 360 NA NA NA NA NA NA NA NA 
1743368400.0 124.6 326 NA NA NA NA NA NA NA NA 451 NA NA NA NA NA NA NA NA 340 NA NA NA NA NA NA NA NA 359 NA NA NA NA NA NA NA NA 
1743368400.0 12434.0 NA 347 606 0 197 NA NA NA NA NA 444 844 0 313 NA NA NA NA NA 739 893 193 147 NA NA NA NA NA 285 745 280 160 NA NA NA NA 
1743368400.0 12434.511 NA 335 162 0 NA NA NA NA NA NA 452 254 0 NA NA NA NA NA NA 739 190 63 NA NA NA NA NA NA 345 215 78 NA NA NA NA NA 
1743368400.0 12434.521 NA 341 159 0 NA NA NA NA NA NA 438 229 0 NA NA NA NA NA NA 738 190 66 NA NA NA NA NA NA 301 205 80 NA NA NA NA NA 
1743368400.0 12434.7 NA 347 592 0 NA NA NA NA NA NA 455 827 0 NA NA NA NA NA NA 735 908 192 NA NA NA NA NA NA 276 954 227 NA NA NA NA NA 
1743368400.0 12446.0 NA 338 599 0 162 NA NA NA NA NA 431 854 0 229 NA NA NA NA NA 730 820 185 141 NA NA NA NA NA 280 713 231 161 NA NA NA NA 
1743368400.0 12461.0 NA 336 578 0 158 NA NA NA NA NA 446 822 0 233 NA NA NA NA NA 719 767 174 140 NA NA NA NA NA 277 716 264 160 NA NA NA NA 
1743368400.0 125.0 161 208 419 NA NA NA NA NA NA 247 281 575 NA NA NA NA NA NA 773 197 710 NA NA NA NA NA NA 361 204 803 NA NA NA NA NA NA 
1743368400.0 126.0 123 202 420 NA NA NA NA NA NA 192 284 563 NA NA NA NA NA NA 446 254 823 NA NA NA NA NA NA 283 244 889 NA NA NA NA NA NA 
1743368400.0 12634.0 NA 667 1095 0 NA NA NA NA NA NA 896 1481 0 NA NA NA NA NA NA 2365 2492 214 NA NA NA NA NA NA 930 1345 231 NA NA NA NA NA 
1743368400.0 12634.21 NA 561 397 253 186 NA NA NA NA NA 747 572 334 272 NA NA NA NA NA 2055 1091 263 164 NA NA NA NA NA 869 558 236 173 NA NA NA NA 
1743368400.0 12634.99 NA 586 758 849 0 NA NA NA NA NA 798 996 1109 0 NA NA NA NA NA 2617 1091 2422 208 NA NA NA NA NA 1362 489 1240 224 NA NA NA NA 
1743368400.0 127.0 121 174 406 NA NA NA NA NA NA 169 277 550 NA NA NA NA NA NA 356 244 826 NA NA NA NA NA NA 313 347 921 NA NA NA NA NA NA 
1743368400.0 128.0 119 202 407 NA NA NA NA NA NA 168 278 577 NA NA NA NA NA NA 229 235 819 NA NA NA NA NA NA 292 227 930 NA NA NA NA NA NA 
1743368400.0 12834.0 NA 338 610 0 193 NA NA NA NA NA 446 828 0 321 NA NA NA NA NA 297 900 191 149 NA NA NA NA NA 188 767 238 170 NA NA NA NA 
1743368400.0 12834.402 NA 340 179 0 NA NA NA NA NA NA 438 276 0 NA NA NA NA NA NA 299 208 87 NA NA NA NA NA NA 209 266 104 NA NA NA NA NA 
1743368400.0 12834.412 NA 343 169 0 NA NA NA NA NA NA 477 258 0 NA NA NA NA NA NA 299 193 63 NA NA NA NA NA NA 209 210 76 NA NA NA NA NA 
1743368400.0 12834.7 NA 340 565 0 NA NA NA NA NA NA 455 861 0 NA NA NA NA NA NA 401 1182 201 NA NA NA NA NA NA 291 1161 227 NA NA NA NA NA 
1743368400.0 12846.0 NA 329 598 0 161 NA NA NA NA NA 443 838 0 235 NA NA NA NA NA 297 842 185 141 NA NA NA NA NA 196 742 288 163 NA NA NA NA 
1743368400.0 12861.0 NA 323 573 0 157 NA NA NA NA NA 436 802 0 233 NA NA NA NA NA 282 777 171 138 NA NA NA NA NA 173 732 232 158 NA NA NA NA 
1743368400.0 129.0 118 201 408 NA NA NA NA NA NA 170 284 560 NA NA NA NA NA NA 244 215 797 NA NA NA NA NA NA 261 253 948 NA NA NA NA NA NA 
1743368400.0 13.0 NA 215 429 0 NA NA NA NA NA NA 294 566 0 NA NA NA NA NA NA 241 1121 163 NA NA NA NA NA NA 275 962 182 NA NA NA NA NA 
1743368400.0 130.0 121 203 409 NA NA NA NA NA NA 180 277 540 NA NA NA NA NA NA 244 231 838 NA NA NA NA NA NA 290 252 969 NA NA NA NA NA NA 
1743368400.0 1301.0 145 252 349 NA NA NA NA NA NA 210 335 521 NA NA NA NA NA NA 600 200 426 NA NA NA NA NA NA 411 196 436 NA NA NA NA NA NA 
1743368400.0 1301.17 128 323 374 NA NA NA NA NA NA 183 411 558 NA NA NA NA NA NA 715 608 468 NA NA NA NA NA NA 487 309 493 NA NA NA NA NA NA 
1743368400.0 1302.0 160 261 358 NA NA NA NA NA NA 240 352 517 NA NA NA NA NA NA 877 213 502 NA NA NA NA NA NA 387 190 467 NA NA NA NA NA NA 
1743368400.0 1302.17 133 331 388 NA NA NA NA NA NA 191 420 579 NA NA NA NA NA NA 986 636 551 NA NA NA NA NA NA 418 309 512 NA NA NA NA NA NA 
1743368400.0 1302.18 131 322 307 249 183 NA NA NA NA 186 423 490 352 273 NA NA NA NA 980 645 346 285 206 NA NA NA NA 420 300 286 308 262 NA NA NA NA 
1743368400.0 1302.181 133 317 306 247 185 NA NA NA NA 188 404 472 338 274 NA NA NA NA 989 616 334 271 193 NA NA NA NA 440 335 316 343 241 NA NA NA NA 
1743368400.0 1303.0 148 261 370 NA NA NA NA NA NA 216 347 532 NA NA NA NA NA NA 1624 195 594 NA NA NA NA NA NA 760 217 487 NA NA NA NA NA NA 
1743368400.0 1303.17 140 327 393 NA NA NA NA NA NA 197 418 590 NA NA NA NA NA NA 1560 591 607 NA NA NA NA NA NA 719 379 612 NA NA NA NA NA NA 
1743368400.0 13034.0 NA 711 1128 0 NA NA NA NA NA NA 946 1680 0 NA NA NA NA NA NA 2009 2736 209 NA NA NA NA NA NA 1053 1366 222 NA NA NA NA NA 
1743368400.0 13034.21 NA 551 382 249 185 NA NA NA NA NA 704 570 325 276 NA NA NA NA NA 1748 924 261 164 NA NA NA NA NA 914 612 283 176 NA NA NA NA 
1743368400.0 13034.99 NA 559 706 789 0 NA NA NA NA NA 796 982 1059 0 NA NA NA NA NA 2062 612 2022 203 NA NA NA NA NA 1112 299 1099 252 NA NA NA NA 
1743368400.0 1304.18 128 317 304 244 181 NA NA NA NA 185 402 484 343 269 NA NA NA NA 737 603 298 275 200 NA NA NA NA 349 313 286 323 254 NA NA NA NA 
1743368400.0 1304.181 130 314 305 246 183 NA NA NA NA 187 403 472 346 274 NA NA NA NA 742 595 291 257 192 NA NA NA NA 344 304 311 312 255 NA NA NA NA 
1743368400.0 1304.182 128 319 301 251 NA NA NA NA NA 185 408 469 348 NA NA NA NA NA 741 606 313 266 NA NA NA NA NA 399 289 347 282 NA NA NA NA NA 
1743368400.0 1306.0 NA 260 470 0 NA NA NA NA NA NA 363 654 0 NA NA NA NA NA NA 225 855 138 NA NA NA NA NA NA 280 982 154 NA NA NA NA NA 
1743368400.0 1307.0 NA 255 293 102 0 NA NA NA NA NA 347 430 169 0 NA NA NA NA NA 186 293 82 77 NA NA NA NA NA 196 308 103 92 NA NA NA NA 
1743368400.0 1308.0 NA 254 289 102 0 NA NA NA NA NA 348 420 167 0 NA NA NA NA NA 184 237 82 77 NA NA NA NA NA 199 262 93 93 NA NA NA NA 
1743368400.0 1309.0 NA 268 490 0 NA NA NA NA NA NA 370 684 0 NA NA NA NA NA NA 258 953 157 NA NA NA NA NA NA 228 1044 173 NA NA NA NA NA 
1743368400.0 131.0 123 202 414 NA NA NA NA NA NA 194 286 581 NA NA NA NA NA NA 404 225 850 NA NA NA NA NA NA 288 249 813 NA NA NA NA NA NA 
1743368400.0 1310.0 NA 270 482 0 NA NA NA NA NA NA 371 674 0 NA NA NA NA NA NA 258 965 165 NA NA NA NA NA NA 270 1112 187 NA NA NA NA NA 
1743368400.0 1311.0 NA 260 412 0 132 NA NA NA NA NA 352 623 0 196 NA NA NA NA NA 223 736 165 142 NA NA NA NA NA 267 832 185 200 NA NA NA NA 
1743368400.0 1312.0 NA 268 464 0 NA NA NA NA NA NA 368 663 0 NA NA NA NA NA NA 221 1093 163 NA NA NA NA NA NA 305 1123 182 NA NA NA NA NA 
1743368400.0 1313.0 NA 270 496 0 NA NA NA NA NA NA 367 669 0 NA NA NA NA NA NA 230 1006 166 NA NA NA NA NA NA 242 860 186 NA NA NA NA NA 
1743368400.0 1314.0 NA 268 485 0 NA NA NA NA NA NA 373 660 0 NA NA NA NA NA NA 268 954 151 NA NA NA NA NA NA 247 1051 168 NA NA NA NA NA 
1743368400.0 1315.0 NA 260 471 0 NA NA NA NA NA NA 364 634 0 NA NA NA NA NA NA 254 859 141 NA NA NA NA NA NA 315 1026 160 NA NA NA NA NA 
1743368400.0 1316.0 NA 260 478 0 NA NA NA NA NA NA 360 655 0 NA NA NA NA NA NA 252 882 143 NA NA NA NA NA NA 231 879 160 NA NA NA NA NA 
1743368400.0 1317.0 NA 261 473 0 181 NA NA NA NA NA 358 655 0 269 NA NA NA NA NA 202 740 142 190 NA NA NA NA NA 189 813 157 225 NA NA NA NA 
1743368400.0 1318.0 NA 261 470 0 178 NA NA NA NA NA 365 643 0 267 NA NA NA NA NA 200 734 146 188 NA NA NA NA NA 193 775 204 205 NA NA NA NA 
1743368400.0 1319.0 NA 259 475 0 NA NA NA NA NA NA 366 639 0 NA NA NA NA NA NA 252 846 145 NA NA NA NA NA NA 250 922 165 NA NA NA NA NA 
1743368400.0 132.0 150 207 427 NA NA NA NA NA NA 231 286 580 NA NA NA NA NA NA 811 206 776 NA NA NA NA NA NA 392 179 732 NA NA NA NA NA NA 
1743368400.0 1320.0 NA 262 474 0 180 NA NA NA NA NA 363 619 0 269 NA NA NA NA NA 250 915 147 202 NA NA NA NA NA 282 958 172 232 NA NA NA NA 
1743368400.0 1321.0 NA 263 431 0 179 NA NA NA NA NA 365 619 0 272 NA NA NA NA NA 229 888 147 196 NA NA NA NA NA 265 994 201 255 NA NA NA NA 
1743368400.0 1322.0 NA 263 479 0 172 NA NA NA NA NA 353 662 0 274 NA NA NA NA NA 204 788 153 216 NA NA NA NA NA 234 721 240 285 NA NA NA NA 
1743368400.0 1323.0 NA 257 465 0 NA NA NA NA NA NA 363 617 0 NA NA NA NA NA NA 225 872 141 NA NA NA NA NA NA 251 910 159 NA NA NA NA NA 
1743368400.0 13234.0 NA 668 0 NA NA NA NA NA NA NA 897 0 NA NA NA NA NA NA NA 2017 132 NA NA NA NA NA NA NA 1004 152 NA NA NA NA NA NA 
1743368400.0 1324.0 NA 269 487 0 NA NA NA NA NA NA 367 682 0 NA NA NA NA NA NA 290 951 159 NA NA NA NA NA NA 283 1144 177 NA NA NA NA NA 
1743368400.0 1325.0 NA 271 494 0 137 181 NA NA NA NA 368 650 0 204 274 NA NA NA NA 211 822 157 146 203 NA NA NA NA 215 762 179 195 219 NA NA NA 
1743368400.0 1325.1 NA 269 276 0 NA NA NA NA NA NA 363 407 0 NA NA NA NA NA NA 207 318 136 NA NA NA NA NA NA 280 325 161 NA NA NA NA NA 
1743368400.0 1325.2 NA 269 485 0 NA NA NA NA NA NA 363 657 0 NA NA NA NA NA NA 269 970 160 NA NA NA NA NA NA 267 920 231 NA NA NA NA NA 
1743368400.0 1325.3 NA 272 271 0 NA NA NA NA NA NA 369 400 0 NA NA NA NA NA NA 207 309 132 NA NA NA NA NA NA 255 322 155 NA NA NA NA NA 
1743368400.0 1325.4 NA 270 493 0 NA NA NA NA NA NA 370 657 0 NA NA NA NA NA NA 248 939 159 NA NA NA NA NA NA 208 1048 200 NA NA NA NA NA 
1743368400.0 1325.9 NA 295 490 0 138 NA NA NA NA NA 395 650 0 200 NA NA NA NA NA 241 823 158 152 NA NA NA NA NA 231 865 172 195 NA NA NA NA 
1743368400.0 1325.91 NA 294 494 0 136 NA NA NA NA NA 393 651 0 197 NA NA NA NA NA 244 805 154 143 NA NA NA NA NA 252 710 191 177 NA NA NA NA 
1743368400.0 1326.0 NA 265 482 0 NA NA NA NA NA NA 349 640 0 NA NA NA NA NA NA 259 891 153 NA NA NA NA NA NA 253 859 225 NA NA NA NA NA 
1743368400.0 1327.0 NA 265 478 0 NA NA NA NA NA NA 361 664 0 NA NA NA NA NA NA 285 885 151 NA NA NA NA NA NA 256 1018 196 NA NA NA NA NA 
1743368400.0 1328.0 NA 270 488 0 NA NA NA NA NA NA 370 636 0 NA NA NA NA NA NA 276 915 157 NA NA NA NA NA NA 253 1010 173 NA NA NA NA NA 
1743368400.0 1329.0 NA 265 482 0 180 NA NA NA NA NA 368 661 0 274 NA NA NA NA NA 209 749 152 192 NA NA NA NA NA 249 759 173 214 NA NA NA NA 
1743368400.0 133.0 159 207 425 NA NA NA NA NA NA 239 278 589 NA NA NA NA NA NA 1034 200 790 NA NA NA NA NA NA 447 200 829 NA NA NA NA NA NA 
1743368400.0 1330.0 NA 269 538 0 179 NA NA NA NA NA 372 724 0 269 NA NA NA NA NA 215 796 156 207 NA NA NA NA NA 244 781 197 233 NA NA NA NA 
1743368400.0 1331.0 NA 266 482 0 179 NA NA NA NA NA 353 636 0 261 NA NA NA NA NA 216 779 153 203 NA NA NA NA NA 230 931 186 225 NA NA NA NA 
1743368400.0 1332.0 NA 268 485 0 NA NA NA NA NA NA 359 653 0 NA NA NA NA NA NA 289 913 159 NA NA NA NA NA NA 289 914 214 NA NA NA NA NA 
1743368400.0 1333.0 NA 262 476 0 NA NA NA NA NA NA 368 615 0 NA NA NA NA NA NA 270 897 153 NA NA NA NA NA NA 265 929 168 NA NA NA NA NA 
1743368400.0 1334.0 NA 270 486 0 NA NA NA NA NA NA 358 643 0 NA NA NA NA NA NA 234 931 160 NA NA NA NA NA NA 286 1106 180 NA NA NA NA NA 
1743368400.0 1335.0 NA 264 482 0 NA NA NA NA NA NA 356 664 0 NA NA NA NA NA NA 261 848 152 NA NA NA NA NA NA 270 982 170 NA NA NA NA NA 
1743368400.0 1336.0 NA 271 500 0 NA NA NA NA NA NA 361 658 0 NA NA NA NA NA NA 270 1431 154 NA NA NA NA NA NA 276 1170 168 NA NA NA NA NA 
1743368400.0 1337.0 NA 279 510 0 NA NA NA NA NA NA 378 683 0 NA NA NA NA NA NA 271 1171 165 NA NA NA NA NA NA 242 1033 183 NA NA NA NA NA 
1743368400.0 1338.0 NA 269 493 0 179 NA NA NA NA NA 377 676 0 269 NA NA NA NA NA 219 824 153 203 NA NA NA NA NA 193 782 187 221 NA NA NA NA 
1743368400.0 1339.0 NA 270 498 0 NA NA NA NA NA NA 358 676 0 NA NA NA NA NA NA 274 1082 161 NA NA NA NA NA NA 266 1059 175 NA NA NA NA NA 
1743368400.0 134.0 NA 417 88 0 NA NA NA NA NA NA 575 147 0 NA NA NA NA NA NA 1534 72 30 NA NA NA NA NA NA 1219 89 43 NA NA NA NA NA 
1743368400.0 134.701 NA 130 469 0 NA NA NA NA NA NA 198 611 0 NA NA NA NA NA NA 137 1761 135 NA NA NA NA NA NA 174 1032 156 NA NA NA NA NA 
1743368400.0 134.702 NA 131 466 0 NA NA NA NA NA NA 201 629 0 NA NA NA NA NA NA 141 2287 130 NA NA NA NA NA NA 156 1200 161 NA NA NA NA NA 
1743368400.0 134.703 NA 133 475 0 NA NA NA NA NA NA 203 629 0 NA NA NA NA NA NA 116 2114 129 NA NA NA NA NA NA 117 1026 148 NA NA NA NA NA 
1743368400.0 134.704 NA 132 467 0 NA NA NA NA NA NA 212 620 0 NA NA NA NA NA NA 116 2095 134 NA NA NA NA NA NA 114 1121 178 NA NA NA NA NA 
1743368400.0 134.705 NA 133 474 0 NA NA NA NA NA NA 216 654 0 NA NA NA NA NA NA 121 2206 135 NA NA NA NA NA NA 135 1090 157 NA NA NA NA NA 
1743368400.0 134.706 NA 133 470 0 NA NA NA NA NA NA 215 650 0 NA NA NA NA NA NA 117 2309 141 NA NA NA NA NA NA 108 1094 159 NA NA NA NA NA 
1743368400.0 134.707 NA 132 469 0 NA NA NA NA NA NA 202 634 0 NA NA NA NA NA NA 113 2002 124 NA NA NA NA NA NA 140 1011 153 NA NA NA NA NA 
1743368400.0 134.708 NA 132 469 0 NA NA NA NA NA NA 198 646 0 NA NA NA NA NA NA 117 1961 126 NA NA NA NA NA NA 147 1002 145 NA NA NA NA NA 
1743368400.0 134.709 NA 132 641 0 NA NA NA NA NA NA 210 860 0 NA NA NA NA NA NA 127 2232 139 NA NA NA NA NA NA 164 1117 198 NA NA NA NA NA 
1743368400.0 134.71 NA 128 410 0 NA NA NA NA NA NA 196 614 0 NA NA NA NA NA NA 128 2004 136 NA NA NA NA NA NA 149 1430 175 NA NA NA NA NA 
1743368400.0 134.801 NA 131 467 0 NA NA NA NA NA NA 203 637 0 NA NA NA NA NA NA 139 2071 134 NA NA NA NA NA NA 191 1446 172 NA NA NA NA NA 
1743368400.0 134.802 NA 130 471 0 NA NA NA NA NA NA 205 648 0 NA NA NA NA NA NA 120 2409 122 NA NA NA NA NA NA 116 1107 141 NA NA NA NA NA 
1743368400.0 134.803 NA 132 472 0 NA NA NA NA NA NA 207 630 0 NA NA NA NA NA NA 127 2280 126 NA NA NA NA NA NA 150 1084 142 NA NA NA NA NA 
1743368400.0 134.804 NA 131 485 0 NA NA NA NA NA NA 201 656 0 NA NA NA NA NA NA 121 2472 126 NA NA NA NA NA NA 120 1121 141 NA NA NA NA NA 
1743368400.0 134.805 NA 132 479 0 NA NA NA NA NA NA 209 618 0 NA NA NA NA NA NA 126 2411 128 NA NA NA NA NA NA 130 1111 145 NA NA NA NA NA 
1743368400.0 134.806 NA 132 484 0 NA NA NA NA NA NA 209 643 0 NA NA NA NA NA NA 127 2644 126 NA NA NA NA NA NA 135 1238 146 NA NA NA NA NA 
1743368400.0 134.807 NA 227 515 0 NA NA NA NA NA NA 315 705 0 NA NA NA NA NA NA 275 2501 167 NA NA NA NA NA NA 284 1134 181 NA NA NA NA NA 
1743368400.0 134.808 NA 233 524 0 NA NA NA NA NA NA 312 702 0 NA NA NA NA NA NA 271 2558 147 NA NA NA NA NA NA 248 1148 171 NA NA NA NA NA 
1743368400.0 134.809 NA 132 467 0 NA NA NA NA NA NA 206 652 0 NA NA NA NA NA NA 125 2303 126 NA NA NA NA NA NA 141 1150 144 NA NA NA NA NA 
1743368400.0 134.81 NA 131 470 0 NA NA NA NA NA NA 206 628 0 NA NA NA NA NA NA 127 2336 127 NA NA NA NA NA NA 145 1133 151 NA NA NA NA NA 
1743368400.0 134.811 NA 131 477 0 NA NA NA NA NA NA 208 642 0 NA NA NA NA NA NA 127 2394 126 NA NA NA NA NA NA 120 1113 144 NA NA NA NA NA 
1743368400.0 134.812 NA 129 463 0 NA NA NA NA NA NA 206 637 0 NA NA NA NA NA NA 135 1984 135 NA NA NA NA NA NA 180 1194 169 NA NA NA NA NA 
1743368400.0 134.813 NA 289 127 0 NA NA NA NA NA NA 428 198 0 NA NA NA NA NA NA 495 101 79 NA NA NA NA NA NA 296 120 94 NA NA NA NA NA 
1743368400.0 134.901 NA 131 459 0 NA NA NA NA NA NA 196 632 0 NA NA NA NA NA NA 116 1614 124 NA NA NA NA NA NA 120 960 143 NA NA NA NA NA 
1743368400.0 134.902 NA 133 466 0 NA NA NA NA NA NA 205 631 0 NA NA NA NA NA NA 169 2129 135 NA NA NA NA NA NA 206 1220 181 NA NA NA NA NA 
1743368400.0 134.903 NA 133 462 0 NA NA NA NA NA NA 205 623 0 NA NA NA NA NA NA 121 1845 125 NA NA NA NA NA NA 153 990 144 NA NA NA NA NA 
1743368400.0 134.904 NA 132 471 0 NA NA NA NA NA NA 206 628 0 NA NA NA NA NA NA 124 2209 125 NA NA NA NA NA NA 161 1053 149 NA NA NA NA NA 
1743368400.0 134.905 NA 132 464 0 NA NA NA NA NA NA 206 635 0 NA NA NA NA NA NA 156 1966 134 NA NA NA NA NA NA 203 1101 171 NA NA NA NA NA 
1743368400.0 134.906 NA 132 463 0 NA NA NA NA NA NA 207 635 0 NA NA NA NA NA NA 120 2140 127 NA NA NA NA NA NA 149 1085 149 NA NA NA NA NA 
1743368400.0 134.907 NA 228 505 0 NA NA NA NA NA NA 313 695 0 NA NA NA NA NA NA 259 1962 135 NA NA NA NA NA NA 279 1014 149 NA NA NA NA NA 
1743368400.0 134.908 NA 233 509 0 NA NA NA NA NA NA 324 671 0 NA NA NA NA NA NA 238 2034 132 NA NA NA NA NA NA 201 1040 147 NA NA NA NA NA 
1743368400.0 134.909 NA 132 457 0 NA NA NA NA NA NA 207 633 0 NA NA NA NA NA NA 123 1910 125 NA NA NA NA NA NA 157 1024 145 NA NA NA NA NA 
1743368400.0 134.91 NA 133 459 0 NA NA NA NA NA NA 210 633 0 NA NA NA NA NA NA 117 1957 137 NA NA NA NA NA NA 119 1194 174 NA NA NA NA NA 
1743368400.0 134.911 NA 132 462 0 NA NA NA NA NA NA 206 632 0 NA NA NA NA NA NA 118 1885 124 NA NA NA NA NA NA 138 1040 141 NA NA NA NA NA 
1743368400.0 134.912 NA 128 463 0 NA NA NA NA NA NA 196 617 0 NA NA NA NA NA NA 146 1870 136 NA NA NA NA NA NA 153 1127 162 NA NA NA NA NA 
1743368400.0 134.99601 NA 131 476 0 NA NA NA NA NA NA 200 627 0 NA NA NA NA NA NA 124 2799 125 NA NA NA NA NA NA 133 1253 141 NA NA NA NA NA 
1743368400.0 134.99602 NA 131 458 0 NA NA NA NA NA NA 211 647 0 NA NA NA NA NA NA 143 1743 132 NA NA NA NA NA NA 135 993 167 NA NA NA NA NA 
1743368400.0 134.99603 NA 131 471 0 NA NA NA NA NA NA 204 640 0 NA NA NA NA NA NA 118 2290 129 NA NA NA NA NA NA 112 1137 140 NA NA NA NA NA 
1743368400.0 134.99901 NA 132 461 0 NA NA NA NA NA NA 206 637 0 NA NA NA NA NA NA 155 1924 137 NA NA NA NA NA NA 227 1108 199 NA NA NA NA NA 
1743368400.0 1340.0 NA 262 476 0 NA NA NA NA NA NA 365 637 0 NA NA NA NA NA NA 265 838 150 NA NA NA NA NA NA 275 937 165 NA NA NA NA NA 
1743368400.0 1341.0 NA 276 500 0 NA NA NA NA NA NA 378 670 0 NA NA NA NA NA NA 254 1182 163 NA NA NA NA NA NA 290 966 188 NA NA NA NA NA 
1743368400.0 1343.0 NA 268 488 0 NA NA NA NA NA NA 368 655 0 NA NA NA NA NA NA 246 963 159 NA NA NA NA NA NA 218 926 178 NA NA NA NA NA 
1743368400.0 13434.0 NA 814 0 NA NA NA NA NA NA NA 1126 0 NA NA NA NA NA NA NA 2237 122 NA NA NA NA NA NA NA 1097 139 NA NA NA NA NA NA 
1743368400.0 1344.0 NA 268 489 0 NA NA NA NA NA NA 361 673 0 NA NA NA NA NA NA 273 1004 162 NA NA NA NA NA NA 297 1087 180 NA NA NA NA NA 
1743368400.0 1345.0 NA 268 486 0 NA NA NA NA NA NA 365 662 0 NA NA NA NA NA NA 262 1012 151 NA NA NA NA NA NA 236 1161 167 NA NA NA NA NA 
1743368400.0 1347.0 NA 270 485 0 NA NA NA NA NA NA 366 662 0 NA NA NA NA NA NA 256 938 155 NA NA NA NA NA NA 280 938 170 NA NA NA NA NA 
1743368400.0 1348.0 NA 265 467 0 NA NA NA NA NA NA 365 631 0 NA NA NA NA NA NA 253 891 154 NA NA NA NA NA NA 256 856 171 NA NA NA NA NA 
1743368400.0 1349.0 NA 266 472 0 NA NA NA NA NA NA 371 637 0 NA NA NA NA NA NA 230 924 151 NA NA NA NA NA NA 228 1131 171 NA NA NA NA NA 
1743368400.0 135.1 448 0 237 175 NA NA NA NA NA 576 0 325 269 NA NA NA NA NA 381 95 268 183 NA NA NA NA NA 454 130 282 217 NA NA NA NA NA 
1743368400.0 135.11 452 0 232 176 NA NA NA NA NA 616 0 327 270 NA NA NA NA NA 532 133 424 196 NA NA NA NA NA 502 155 376 225 NA NA NA NA NA 
1743368400.0 135.12 441 0 237 172 NA NA NA NA NA 592 0 331 265 NA NA NA NA NA 420 114 323 194 NA NA NA NA NA 459 160 334 226 NA NA NA NA NA 
1743368400.0 135.13 455 0 NA NA NA NA NA NA NA 606 0 NA NA NA NA NA NA NA 377 125 NA NA NA NA NA NA NA 302 144 NA NA NA NA NA NA NA 
1743368400.0 135.14 443 0 235 175 NA NA NA NA NA 589 0 334 270 NA NA NA NA NA 383 97 270 185 NA NA NA NA NA 427 122 326 296 NA NA NA NA NA 
1743368400.0 135.2 369 0 221 175 NA NA NA NA NA 495 0 316 268 NA NA NA NA NA 402 118 312 197 NA NA NA NA NA 367 154 328 228 NA NA NA NA NA 
1743368400.0 135.3 364 0 226 175 NA NA NA NA NA 499 0 327 268 NA NA NA NA NA 324 85 249 181 NA NA NA NA NA 327 115 305 243 NA NA NA NA NA 
1743368400.0 135.4 437 0 233 175 NA NA NA NA NA 584 0 323 271 NA NA NA NA NA 359 91 255 183 NA NA NA NA NA 486 120 324 267 NA NA NA NA NA 
1743368400.0 135.5 433 0 230 173 NA NA NA NA NA 578 0 334 261 NA NA NA NA NA 506 115 374 198 NA NA NA NA NA 427 145 398 227 NA NA NA NA NA 
1743368400.0 135.6 442 0 241 174 NA NA NA NA NA 585 0 344 258 NA NA NA NA NA 497 121 366 197 NA NA NA NA NA 428 141 384 236 NA NA NA NA NA 
1743368400.0 135.7 434 0 226 172 NA NA NA NA NA 594 0 332 262 NA NA NA NA NA 502 113 327 189 NA NA NA NA NA 517 177 327 221 NA NA NA NA NA 
1743368400.0 135.8 189 NA NA NA NA NA NA NA NA 285 NA NA NA NA NA NA NA NA 330 NA NA NA NA NA NA NA NA 195 NA NA NA NA NA NA NA NA 
1743368400.0 135.9 438 0 225 174 NA NA NA NA NA 584 0 338 259 NA NA NA NA NA 466 117 265 198 NA NA NA NA NA 498 184 287 217 NA NA NA NA NA 
1743368400.0 1350.0 NA 267 477 0 NA NA NA NA NA NA 368 631 0 NA NA NA NA NA NA 240 861 152 NA NA NA NA NA NA 251 923 170 NA NA NA NA NA 
1743368400.0 1351.0 NA 268 448 0 NA NA NA NA NA NA 368 635 0 NA NA NA NA NA NA 250 860 155 NA NA NA NA NA NA 214 835 174 NA NA NA NA NA 
1743368400.0 1352.0 NA 265 475 0 NA NA NA NA NA NA 362 664 0 NA NA NA NA NA NA 269 900 150 NA NA NA NA NA NA 248 1081 164 NA NA NA NA NA 
1743368400.0 1353.0 NA 267 489 0 NA NA NA NA NA NA 365 657 0 NA NA NA NA NA NA 278 929 156 NA NA NA NA NA NA 258 958 180 NA NA NA NA NA 
1743368400.0 1354.0 NA 267 486 0 NA NA NA NA NA NA 368 644 0 NA NA NA NA NA NA 275 918 156 NA NA NA NA NA NA 240 998 170 NA NA NA NA NA 
1743368400.0 1355.0 NA 273 489 0 NA NA NA NA NA NA 367 646 0 NA NA NA NA NA NA 262 966 154 NA NA NA NA NA NA 219 894 188 NA NA NA NA NA 
1743368400.0 1356.0 147 259 519 0 247 NA NA NA NA 206 348 702 0 351 NA NA NA NA 672 197 749 144 261 NA NA NA NA 357 180 709 157 269 NA NA NA NA 
1743368400.0 136.721 NA 207 509 0 NA NA NA NA NA NA 285 699 0 NA NA NA NA NA NA 194 2263 126 NA NA NA NA NA NA 210 1084 150 NA NA NA NA NA 
1743368400.0 136.722 NA 204 484 0 NA NA NA NA NA NA 282 666 0 NA NA NA NA NA NA 204 2586 92 NA NA NA NA NA NA 221 1217 106 NA NA NA NA NA 
1743368400.0 136.723 NA 207 512 0 NA NA NA NA NA NA 294 678 0 NA NA NA NA NA NA 206 2452 129 NA NA NA NA NA NA 214 1096 152 NA NA NA NA NA 
1743368400.0 136.724 NA 208 497 0 NA NA NA NA NA NA 291 676 0 NA NA NA NA NA NA 198 2988 91 NA NA NA NA NA NA 171 1317 109 NA NA NA NA NA 
1743368400.0 136.725 NA 207 491 0 NA NA NA NA NA NA 288 669 0 NA NA NA NA NA NA 196 2576 89 NA NA NA NA NA NA 226 1222 101 NA NA NA NA NA 
1743368400.0 136.726 NA 208 444 0 NA NA NA NA NA NA 289 611 0 NA NA NA NA NA NA 201 2714 83 NA NA NA NA NA NA 174 1236 94 NA NA NA NA NA 
1743368400.0 136.727 NA 312 552 0 NA NA NA NA NA NA 418 738 0 NA NA NA NA NA NA 322 2530 130 NA NA NA NA NA NA 272 1131 143 NA NA NA NA NA 
1743368400.0 136.728 NA 313 567 0 NA NA NA NA NA NA 423 769 0 NA NA NA NA NA NA 353 2783 130 NA NA NA NA NA NA 322 1196 145 NA NA NA NA NA 
1743368400.0 136.729 NA 206 523 0 NA NA NA NA NA NA 293 698 0 NA NA NA NA NA NA 203 2586 104 NA NA NA NA NA NA 255 1125 121 NA NA NA NA NA 
1743368400.0 136.73 NA 207 523 0 NA NA NA NA NA NA 292 706 0 NA NA NA NA NA NA 198 2647 100 NA NA NA NA NA NA 177 1224 116 NA NA NA NA NA 
1743368400.0 136.731 NA 209 497 0 NA NA NA NA NA NA 287 669 0 NA NA NA NA NA NA 201 2698 93 NA NA NA NA NA NA 186 1276 105 NA NA NA NA NA 
1743368400.0 136.732 NA 207 557 0 NA NA NA NA NA NA 291 768 0 NA NA NA NA NA NA 194 2075 127 NA NA NA NA NA NA 212 1148 145 NA NA NA NA NA 
1743368400.0 136.733 NA 298 136 0 NA NA NA NA NA NA 442 206 0 NA NA NA NA NA NA 429 116 79 NA NA NA NA NA NA 350 134 99 NA NA NA NA NA 
1743368400.0 136.734 NA 208 448 0 NA NA NA NA NA NA 290 616 0 NA NA NA NA NA NA 202 2639 97 NA NA NA NA NA NA 179 1209 107 NA NA NA NA NA 
1743368400.0 136.735 NA 212 450 0 NA NA NA NA NA NA 295 639 0 NA NA NA NA NA NA 181 1134 102 NA NA NA NA NA NA 174 1033 119 NA NA NA NA NA 
1743368400.0 136.736 NA 208 527 0 NA NA NA NA NA NA 295 688 0 NA NA NA NA NA NA 210 3670 130 NA NA NA NA NA NA 178 1453 146 NA NA NA NA NA 
1743368400.0 136.737 NA 208 493 0 NA NA NA NA NA NA 287 693 0 NA NA NA NA NA NA 216 4161 96 NA NA NA NA NA NA 194 1641 114 NA NA NA NA NA 
1743368400.0 136.738 NA 206 528 0 NA NA NA NA NA NA 281 720 0 NA NA NA NA NA NA 228 4104 135 NA NA NA NA NA NA 181 1625 152 NA NA NA NA NA 
1743368400.0 136.739 NA 207 509 0 NA NA NA NA NA NA 284 709 0 NA NA NA NA NA NA 225 4961 92 NA NA NA NA NA NA 207 1898 126 NA NA NA NA NA 
1743368400.0 136.74 NA 208 512 0 NA NA NA NA NA NA 286 707 0 NA NA NA NA NA NA 221 4119 90 NA NA NA NA NA NA 194 1645 107 NA NA NA NA NA 
1743368400.0 136.741 NA 209 457 0 NA NA NA NA NA NA 296 649 0 NA NA NA NA NA NA 224 4077 87 NA NA NA NA NA NA 209 1633 112 NA NA NA NA NA 
1743368400.0 136.742 NA 206 525 0 NA NA NA NA NA NA 287 712 0 NA NA NA NA NA NA 214 3849 110 NA NA NA NA NA NA 194 1505 132 NA NA NA NA NA 
1743368400.0 136.743 NA 207 575 0 NA NA NA NA NA NA 286 768 0 NA NA NA NA NA NA 220 3696 110 NA NA NA NA NA NA 185 1493 134 NA NA NA NA NA 
1743368400.0 136.744 NA 208 508 0 NA NA NA NA NA NA 288 718 0 NA NA NA NA NA NA 214 4078 95 NA NA NA NA NA NA 195 1651 109 NA NA NA NA NA 
1743368400.0 136.745 NA 207 571 0 NA NA NA NA NA NA 295 746 0 NA NA NA NA NA NA 213 3013 132 NA NA NA NA NA NA 221 1304 147 NA NA NA NA NA 
1743368400.0 136.746 NA 207 457 0 NA NA NA NA NA NA 285 636 0 NA NA NA NA NA NA 227 3879 102 NA NA NA NA NA NA 176 1658 122 NA NA NA NA NA 
1743368400.0 136.747 NA 208 533 0 NA NA NA NA NA NA 290 699 0 NA NA NA NA NA NA 211 3821 132 NA NA NA NA NA NA 189 1547 146 NA NA NA NA NA 
1743368400.0 136.748 NA 207 455 0 NA NA NA NA NA NA 289 642 0 NA NA NA NA NA NA 214 3740 95 NA NA NA NA NA NA 190 1556 119 NA NA NA NA NA 
1743368400.0 136.749 NA 208 535 0 NA NA NA NA NA NA 286 711 0 NA NA NA NA NA NA 224 4211 135 NA NA NA NA NA NA 174 1539 153 NA NA NA NA NA 
1743368400.0 136.75 NA 208 516 0 NA NA NA NA NA NA 287 700 0 NA NA NA NA NA NA 222 4717 90 NA NA NA NA NA NA 196 1787 109 NA NA NA NA NA 
1743368400.0 136.751 NA 205 516 0 NA NA NA NA NA NA 297 696 0 NA NA NA NA NA NA 222 5030 93 NA NA NA NA NA NA 216 1973 116 NA NA NA NA NA 
1743368400.0 136.752 NA 208 461 0 NA NA NA NA NA NA 286 644 0 NA NA NA NA NA NA 218 4105 86 NA NA NA NA NA NA 175 1677 121 NA NA NA NA NA 
1743368400.0 136.753 NA 207 538 0 NA NA NA NA NA NA 292 709 0 NA NA NA NA NA NA 215 4043 109 NA NA NA NA NA NA 197 1616 133 NA NA NA NA NA 
1743368400.0 136.754 NA 211 590 0 NA NA NA NA NA NA 303 770 0 NA NA NA NA NA NA 217 3415 112 NA NA NA NA NA NA 215 1380 133 NA NA NA NA NA 
1743368400.0 136.755 NA 208 503 0 NA NA NA NA NA NA 288 691 0 NA NA NA NA NA NA 216 4385 97 NA NA NA NA NA NA 169 1690 119 NA NA NA NA NA 
1743368400.0 136.756 NA 207 574 0 NA NA NA NA NA NA 294 726 0 NA NA NA NA NA NA 212 2798 131 NA NA NA NA NA NA 210 1235 146 NA NA NA NA NA 
1743368400.0 136.757 NA 209 463 0 NA NA NA NA NA NA 298 676 0 NA NA NA NA NA NA 235 3710 101 NA NA NA NA NA NA 211 1561 124 NA NA NA NA NA 
1743368400.0 136.758 NA 207 537 0 NA NA NA NA NA NA 295 746 0 NA NA NA NA NA NA 223 4615 131 NA NA NA NA NA NA 199 1777 149 NA NA NA NA NA 
1743368400.0 136.759 NA 205 519 0 NA NA NA NA NA NA 282 703 0 NA NA NA NA NA NA 234 5317 95 NA NA NA NA NA NA 240 1967 113 NA NA NA NA NA 
1743368400.0 136.76 NA 206 545 0 NA NA NA NA NA NA 299 742 0 NA NA NA NA NA NA 243 5805 132 NA NA NA NA NA NA 246 2097 160 NA NA NA NA NA 
1743368400.0 136.761 NA 208 516 0 NA NA NA NA NA NA 284 742 0 NA NA NA NA NA NA 239 6659 90 NA NA NA NA NA NA 275 2362 108 NA NA NA NA NA 
1743368400.0 136.762 NA 206 494 0 NA NA NA NA NA NA 294 691 0 NA NA NA NA NA NA 245 7201 89 NA NA NA NA NA NA 338 2600 103 NA NA NA NA NA 
1743368400.0 136.763 NA 206 470 0 NA NA NA NA NA NA 285 645 0 NA NA NA NA NA NA 235 5603 86 NA NA NA NA NA NA 232 2090 109 NA NA NA NA NA 
1743368400.0 136.764 NA 205 530 0 NA NA NA NA NA NA 286 718 0 NA NA NA NA NA NA 221 5546 107 NA NA NA NA NA NA 201 2072 120 NA NA NA NA NA 
1743368400.0 136.765 NA 207 585 0 NA NA NA NA NA NA 291 791 0 NA NA NA NA NA NA 224 4640 107 NA NA NA NA NA NA 204 1653 117 NA NA NA NA NA 
1743368400.0 136.766 NA 205 466 0 NA NA NA NA NA NA 283 704 0 NA NA NA NA NA NA 223 5542 94 NA NA NA NA NA NA 234 2026 105 NA NA NA NA NA 
1743368400.0 136.767 NA 207 579 0 NA NA NA NA NA NA 289 747 0 NA NA NA NA NA NA 215 3969 131 NA NA NA NA NA NA 210 1626 142 NA NA NA NA NA 
1743368400.0 136.768 NA 206 472 0 NA NA NA NA NA NA 287 656 0 NA NA NA NA NA NA 245 5345 98 NA NA NA NA NA NA 237 1995 108 NA NA NA NA NA 
1743368400.0 136.769 NA 209 535 0 NA NA NA NA NA NA 294 719 0 NA NA NA NA NA NA 210 3677 132 NA NA NA NA NA NA 210 1505 144 NA NA NA NA NA 
1743368400.0 136.77 NA 207 507 0 NA NA NA NA NA NA 286 700 0 NA NA NA NA NA NA 207 3873 97 NA NA NA NA NA NA 179 1638 117 NA NA NA NA NA 
1743368400.0 136.771 NA 208 532 0 NA NA NA NA NA NA 291 738 0 NA NA NA NA NA NA 212 3735 132 NA NA NA NA NA NA 201 1539 145 NA NA NA NA NA 
1743368400.0 136.772 NA 210 504 0 NA NA NA NA NA NA 295 715 0 NA NA NA NA NA NA 208 4454 92 NA NA NA NA NA NA 187 1687 112 NA NA NA NA NA 
1743368400.0 136.773 NA 208 515 0 NA NA NA NA NA NA 279 695 0 NA NA NA NA NA NA 212 3844 91 NA NA NA NA NA NA 229 1544 103 NA NA NA NA NA 
1743368400.0 136.774 NA 208 465 0 NA NA NA NA NA NA 293 634 0 NA NA NA NA NA NA 220 3861 84 NA NA NA NA NA NA 207 1542 102 NA NA NA NA NA 
1743368400.0 136.775 NA 209 532 0 NA NA NA NA NA NA 295 730 0 NA NA NA NA NA NA 197 3650 110 NA NA NA NA NA NA 182 1444 137 NA NA NA NA NA 
1743368400.0 136.776 NA 207 575 0 NA NA NA NA NA NA 281 769 0 NA NA NA NA NA NA 219 3483 109 NA NA NA NA NA NA 192 1435 128 NA NA NA NA NA 
1743368400.0 136.777 NA 209 502 0 NA NA NA NA NA NA 291 687 0 NA NA NA NA NA NA 209 4058 97 NA NA NA NA NA NA 205 1729 116 NA NA NA NA NA 
1743368400.0 136.778 NA 209 566 0 NA NA NA NA NA NA 293 748 0 NA NA NA NA NA NA 195 2590 134 NA NA NA NA NA NA 215 1162 149 NA NA NA NA NA 
1743368400.0 136.779 NA 208 460 0 NA NA NA NA NA NA 290 645 0 NA NA NA NA NA NA 227 3698 101 NA NA NA NA NA NA 216 1641 124 NA NA NA NA NA 
1743368400.0 136.78 NA 230 616 0 NA NA NA NA NA NA 310 850 0 NA NA NA NA NA NA 204 4777 145 NA NA NA NA NA NA 215 1863 157 NA NA NA NA NA 
1743368400.0 136.7801 NA 201 0 NA NA NA NA NA NA NA 275 0 NA NA NA NA NA NA NA 264 67 NA NA NA NA NA NA NA 279 84 NA NA NA NA NA NA 
1743368400.0 136.7802 NA 129 0 NA NA NA NA NA NA NA 197 0 NA NA NA NA NA NA NA 121 61 NA NA NA NA NA NA NA 156 77 NA NA NA NA NA NA 
1743368400.0 136.7803 NA 205 0 NA NA NA NA NA NA NA 290 0 NA NA NA NA NA NA NA 325 63 NA NA NA NA NA NA NA 533 80 NA NA NA NA NA NA 
1743368400.0 136.781 NA 230 538 0 NA NA NA NA NA NA 311 792 0 NA NA NA NA NA NA 208 5150 113 NA NA NA NA NA NA 225 1996 136 NA NA NA NA NA 
1743368400.0 136.782 NA 229 636 0 NA NA NA NA NA NA 302 872 0 NA NA NA NA NA NA 233 5550 146 NA NA NA NA NA NA 238 2004 158 NA NA NA NA NA 
1743368400.0 136.783 NA 230 548 0 NA NA NA NA NA NA 320 783 0 NA NA NA NA NA NA 218 6404 108 NA NA NA NA NA NA 272 2370 127 NA NA NA NA NA 
1743368400.0 136.784 NA 228 512 0 NA NA NA NA NA NA 299 711 0 NA NA NA NA NA NA 200 4922 110 NA NA NA NA NA NA 225 1911 123 NA NA NA NA NA 
1743368400.0 136.785 NA 231 514 0 NA NA NA NA NA NA 307 709 0 NA NA NA NA NA NA 226 5417 101 NA NA NA NA NA NA 235 1981 117 NA NA NA NA NA 
1743368400.0 136.786 NA 229 624 0 NA NA NA NA NA NA 317 850 0 NA NA NA NA NA NA 204 5152 128 NA NA NA NA NA NA 258 1919 153 NA NA NA NA NA 
1743368400.0 136.787 NA 231 709 0 NA NA NA NA NA NA 306 939 0 NA NA NA NA NA NA 207 4863 128 NA NA NA NA NA NA 201 1875 146 NA NA NA NA NA 
1743368400.0 136.788 NA 229 545 0 NA NA NA NA NA NA 321 767 0 NA NA NA NA NA NA 207 5863 113 NA NA NA NA NA NA 229 2275 142 NA NA NA NA NA 
1743368400.0 136.789 NA 229 685 0 NA NA NA NA NA NA 307 928 0 NA NA NA NA NA NA 199 4510 147 NA NA NA NA NA NA 218 1741 163 NA NA NA NA NA 
1743368400.0 136.79 NA 235 505 0 NA NA NA NA NA NA 316 686 0 NA NA NA NA NA NA 209 3016 117 NA NA NA NA NA NA 192 1405 133 NA NA NA NA NA 
1743368400.0 136.791 NA 235 527 0 NA NA NA NA NA NA 320 701 0 NA NA NA NA NA NA 181 1270 120 NA NA NA NA NA NA 186 1116 141 NA NA NA NA NA 
1743368400.0 136.792 NA 231 622 0 NA NA NA NA NA NA 322 844 0 NA NA NA NA NA NA 207 4045 146 NA NA NA NA NA NA 197 1666 162 NA NA NA NA NA 
1743368400.0 136.793 NA 231 550 0 NA NA NA NA NA NA 314 741 0 NA NA NA NA NA NA 200 3847 114 NA NA NA NA NA NA 215 1603 135 NA NA NA NA NA 
1743368400.0 136.794 NA 230 621 0 NA NA NA NA NA NA 312 859 0 NA NA NA NA NA NA 209 4184 150 NA NA NA NA NA NA 199 1713 190 NA NA NA NA NA 
1743368400.0 136.795 NA 230 558 0 NA NA NA NA NA NA 315 781 0 NA NA NA NA NA NA 209 4386 110 NA NA NA NA NA NA 205 1781 124 NA NA NA NA NA 
1743368400.0 136.796 NA 230 509 0 NA NA NA NA NA NA 313 688 0 NA NA NA NA NA NA 200 3901 110 NA NA NA NA NA NA 208 1734 127 NA NA NA NA NA 
1743368400.0 136.797 NA 231 504 0 NA NA NA NA NA NA 325 708 0 NA NA NA NA NA NA 203 4314 103 NA NA NA NA NA NA 176 1687 121 NA NA NA NA NA 
1743368400.0 136.798 NA 230 619 0 NA NA NA NA NA NA 307 830 0 NA NA NA NA NA NA 196 4096 123 NA NA NA NA NA NA 171 1636 134 NA NA NA NA NA 
1743368400.0 136.799 NA 231 722 0 NA NA NA NA NA NA 316 996 0 NA NA NA NA NA NA 210 4168 130 NA NA NA NA NA NA 194 1761 155 NA NA NA NA NA 
1743368400.0 136.8 NA 232 558 0 NA NA NA NA NA NA 313 782 0 NA NA NA NA NA NA 205 4274 112 NA NA NA NA NA NA 190 1695 126 NA NA NA NA NA 
1743368400.0 136.801 NA 230 670 0 NA NA NA NA NA NA 310 885 0 NA NA NA NA NA NA 186 2875 147 NA NA NA NA NA NA 205 1284 162 NA NA NA NA NA 
1743368400.0 136.802 NA 230 511 0 NA NA NA NA NA NA 314 677 0 NA NA NA NA NA NA 209 3678 117 NA NA NA NA NA NA 172 1548 137 NA NA NA NA NA 
1743368400.0 136.803 NA 233 534 0 NA NA NA NA NA NA 322 736 0 NA NA NA NA NA NA 183 1215 118 NA NA NA NA NA NA 195 944 138 NA NA NA NA NA 
1743368400.0 136.804 NA 232 614 0 NA NA NA NA NA NA 318 849 0 NA NA NA NA NA NA 203 3944 151 NA NA NA NA NA NA 209 1706 191 NA NA NA NA NA 
1743368400.0 136.805 NA 231 546 0 NA NA NA NA NA NA 314 760 0 NA NA NA NA NA NA 195 4120 113 NA NA NA NA NA NA 186 1617 129 NA NA NA NA NA 
1743368400.0 136.806 NA 231 608 0 NA NA NA NA NA NA 309 846 0 NA NA NA NA NA NA 212 3985 148 NA NA NA NA NA NA 189 1638 161 NA NA NA NA NA 
1743368400.0 136.807 NA 232 544 0 NA NA NA NA NA NA 319 801 0 NA NA NA NA NA NA 207 4492 108 NA NA NA NA NA NA 200 1823 118 NA NA NA NA NA 
1743368400.0 136.808 NA 230 555 0 NA NA NA NA NA NA 311 749 0 NA NA NA NA NA NA 203 4078 107 NA NA NA NA NA NA 208 1682 117 NA NA NA NA NA 
1743368400.0 136.809 NA 232 498 0 NA NA NA NA NA NA 312 705 0 NA NA NA NA NA NA 205 4048 103 NA NA NA NA NA NA 189 1602 124 NA NA NA NA NA 
1743368400.0 136.81 NA 230 605 0 NA NA NA NA NA NA 315 831 0 NA NA NA NA NA NA 196 3902 127 NA NA NA NA NA NA 177 1591 139 NA NA NA NA NA 
1743368400.0 136.811 NA 230 699 0 NA NA NA NA NA NA 314 939 0 NA NA NA NA NA NA 203 4226 130 NA NA NA NA NA NA 223 1789 141 NA NA NA NA NA 
1743368400.0 136.812 NA 231 552 0 NA NA NA NA NA NA 314 755 0 NA NA NA NA NA NA 204 4692 115 NA NA NA NA NA NA 183 1869 141 NA NA NA NA NA 
1743368400.0 136.813 NA 232 666 0 NA NA NA NA NA NA 325 893 0 NA NA NA NA NA NA 191 2883 148 NA NA NA NA NA NA 182 1306 166 NA NA NA NA NA 
1743368400.0 136.814 NA 234 507 0 NA NA NA NA NA NA 316 749 0 NA NA NA NA NA NA 204 3862 118 NA NA NA NA NA NA 165 1659 134 NA NA NA NA NA 
1743368400.0 136.815 NA 236 532 0 NA NA NA NA NA NA 314 748 0 NA NA NA NA NA NA 184 1321 118 NA NA NA NA NA NA 196 1020 137 NA NA NA NA NA 
1743368400.0 136.816 NA 229 631 0 NA NA NA NA NA NA 311 879 0 NA NA NA NA NA NA 232 6126 146 NA NA NA NA NA NA 362 2339 169 NA NA NA NA NA 
1743368400.0 136.817 NA 230 560 0 NA NA NA NA NA NA 301 831 0 NA NA NA NA NA NA 218 5331 115 NA NA NA NA NA NA 245 2029 172 NA NA NA NA NA 
1743368400.0 136.818 NA 231 633 0 NA NA NA NA NA NA 312 857 0 NA NA NA NA NA NA 228 5602 146 NA NA NA NA NA NA 235 2179 159 NA NA NA NA NA 
1743368400.0 136.819 NA 232 554 0 NA NA NA NA NA NA 307 813 0 NA NA NA NA NA NA 226 6429 109 NA NA NA NA NA NA 351 2314 128 NA NA NA NA NA 
1743368400.0 136.82 NA 230 528 0 NA NA NA NA NA NA 320 725 0 NA NA NA NA NA NA 216 6137 109 NA NA NA NA NA NA 234 2272 128 NA NA NA NA NA 
1743368400.0 136.821 NA 232 510 0 NA NA NA NA NA NA 320 730 0 NA NA NA NA NA NA 215 5553 101 NA NA NA NA NA NA 191 2057 111 NA NA NA NA NA 
1743368400.0 136.822 NA 229 623 0 NA NA NA NA NA NA 307 882 0 NA NA NA NA NA NA 211 5345 125 NA NA NA NA NA NA 233 2157 143 NA NA NA NA NA 
1743368400.0 136.823 NA 231 711 0 NA NA NA NA NA NA 308 978 0 NA NA NA NA NA NA 214 5023 129 NA NA NA NA NA NA 222 1951 149 NA NA NA NA NA 
1743368400.0 136.824 NA 231 568 0 NA NA NA NA NA NA 314 825 0 NA NA NA NA NA NA 228 6819 112 NA NA NA NA NA NA 397 2575 130 NA NA NA NA NA 
1743368400.0 136.825 NA 231 689 0 NA NA NA NA NA NA 319 934 0 NA NA NA NA NA NA 198 3646 147 NA NA NA NA NA NA 218 1666 164 NA NA NA NA NA 
1743368400.0 136.826 NA 232 468 0 NA NA NA NA NA NA 308 733 0 NA NA NA NA NA NA 230 5375 121 NA NA NA NA NA NA 242 2012 159 NA NA NA NA NA 
1743368400.0 136.827 NA 234 534 0 NA NA NA NA NA NA 324 753 0 NA NA NA NA NA NA 182 1333 118 NA NA NA NA NA NA 188 1197 136 NA NA NA NA NA 
1743368400.0 136.828 NA 231 657 0 NA NA NA NA NA NA 324 909 0 NA NA NA NA NA NA 232 6552 144 NA NA NA NA NA NA 362 2386 164 NA NA NA NA NA 
1743368400.0 136.829 NA 230 552 0 NA NA NA NA NA NA 311 828 0 NA NA NA NA NA NA 219 6282 111 NA NA NA NA NA NA 275 2290 126 NA NA NA NA NA 
1743368400.0 136.83 NA 229 623 0 NA NA NA NA NA NA 312 907 0 NA NA NA NA NA NA 240 6356 145 NA NA NA NA NA NA 406 2359 165 NA NA NA NA NA 
1743368400.0 136.831 NA 231 556 0 NA NA NA NA NA NA 304 845 0 NA NA NA NA NA NA 224 6973 109 NA NA NA NA NA NA 322 2683 127 NA NA NA NA NA 
1743368400.0 136.832 NA 230 587 0 NA NA NA NA NA NA 302 829 0 NA NA NA NA NA NA 224 7561 110 NA NA NA NA NA NA 326 2912 127 NA NA NA NA NA 
1743368400.0 136.833 NA 230 517 0 NA NA NA NA NA NA 316 764 0 NA NA NA NA NA NA 240 6640 102 NA NA NA NA NA NA 412 2543 118 NA NA NA NA NA 
1743368400.0 136.834 NA 229 636 0 NA NA NA NA NA NA 307 892 0 NA NA NA NA NA NA 231 6293 125 NA NA NA NA NA NA 387 2258 146 NA NA NA NA NA 
1743368400.0 136.835 NA 230 723 0 NA NA NA NA NA NA 316 1029 0 NA NA NA NA NA NA 234 5989 127 NA NA NA NA NA NA 367 2289 145 NA NA NA NA NA 
1743368400.0 136.836 NA 232 576 0 NA NA NA NA NA NA 313 852 0 NA NA NA NA NA NA 230 6821 111 NA NA NA NA NA NA 361 2600 127 NA NA NA NA NA 
1743368400.0 136.837 NA 231 703 0 NA NA NA NA NA NA 323 934 0 NA NA NA NA NA NA 202 4789 148 NA NA NA NA NA NA 229 1853 167 NA NA NA NA NA 
1743368400.0 136.838 NA 230 526 0 NA NA NA NA NA NA 306 733 0 NA NA NA NA NA NA 235 5921 116 NA NA NA NA NA NA 244 2131 131 NA NA NA NA NA 
1743368400.0 136.839 NA 239 535 0 NA NA NA NA NA NA 334 736 0 NA NA NA NA NA NA 185 1329 118 NA NA NA NA NA NA 190 1015 135 NA NA NA NA NA 
1743368400.0 136.8391 NA 270 651 0 NA NA NA NA NA NA 384 882 0 NA NA NA NA NA NA 474 5264 126 NA NA NA NA NA NA 671 1895 150 NA NA NA NA NA 
1743368400.0 136.84 NA 233 515 0 NA NA NA NA NA NA 310 698 0 NA NA NA NA NA NA 215 5091 104 NA NA NA NA NA NA 239 1976 118 NA NA NA NA NA 
1743368400.0 136.841 NA 232 513 0 NA NA NA NA NA NA 325 697 0 NA NA NA NA NA NA 232 4959 100 NA NA NA NA NA NA 423 1859 115 NA NA NA NA NA 
1743368400.0 136.842 NA 232 521 0 NA NA NA NA NA NA 310 767 0 NA NA NA NA NA NA 228 6845 102 NA NA NA NA NA NA 370 2573 119 NA NA NA NA NA 
1743368400.0 136.843 NA 231 522 0 NA NA NA NA NA NA 314 769 0 NA NA NA NA NA NA 233 7799 107 NA NA NA NA NA NA 477 2697 148 NA NA NA NA NA 
1743368400.0 136.844 NA 229 484 0 NA NA NA NA NA NA 312 713 0 NA NA NA NA NA NA 214 4490 102 NA NA NA NA NA NA 206 1841 118 NA NA NA NA NA 
1743368400.0 136.845 NA 231 499 0 NA NA NA NA NA NA 324 684 0 NA NA NA NA NA NA 203 3746 105 NA NA NA NA NA NA 182 1613 129 NA NA NA NA NA 
1743368400.0 136.846 NA 231 491 0 NA NA NA NA NA NA 306 694 0 NA NA NA NA NA NA 216 3572 103 NA NA NA NA NA NA 194 1515 116 NA NA NA NA NA 
1743368400.0 136.847 NA 230 511 0 NA NA NA NA NA NA 307 741 0 NA NA NA NA NA NA 228 5239 102 NA NA NA NA NA NA 237 1929 120 NA NA NA NA NA 
1743368400.0 136.848 NA 231 521 0 NA NA NA NA NA NA 323 757 0 NA NA NA NA NA NA 248 6558 102 NA NA NA NA NA NA 415 2428 118 NA NA NA NA NA 
1743368400.0 136.849 NA 231 607 0 NA NA NA NA NA NA 319 833 0 NA NA NA NA NA NA 195 3970 150 NA NA NA NA NA NA 172 1568 175 NA NA NA NA NA 
1743368400.0 136.85 NA 230 567 0 NA NA NA NA NA NA 310 831 0 NA NA NA NA NA NA 200 4215 112 NA NA NA NA NA NA 190 1712 127 NA NA NA NA NA 
1743368400.0 136.8501 NA 230 507 0 NA NA NA NA NA NA 325 710 0 NA NA NA NA NA NA 198 4415 99 NA NA NA NA NA NA 233 1743 110 NA NA NA NA NA 
1743368400.0 136.851 NA 231 608 0 NA NA NA NA NA NA 312 851 0 NA NA NA NA NA NA 221 4264 146 NA NA NA NA NA NA 215 1678 159 NA NA NA NA NA 
1743368400.0 136.852 NA 231 566 0 NA NA NA NA NA NA 317 772 0 NA NA NA NA NA NA 219 4706 108 NA NA NA NA NA NA 215 1812 126 NA NA NA NA NA 
1743368400.0 136.853 NA 230 552 0 NA NA NA NA NA NA 310 798 0 NA NA NA NA NA NA 200 4048 111 NA NA NA NA NA NA 185 1636 130 NA NA NA NA NA 
1743368400.0 136.854 NA 229 504 0 NA NA NA NA NA NA 313 745 0 NA NA NA NA NA NA 208 4462 101 NA NA NA NA NA NA 184 1804 115 NA NA NA NA NA 
1743368400.0 136.855 NA 230 682 0 NA NA NA NA NA NA 306 963 0 NA NA NA NA NA NA 202 4253 131 NA NA NA NA NA NA 224 1858 144 NA NA NA NA NA 
1743368400.0 136.856 NA 230 687 0 NA NA NA NA NA NA 319 909 0 NA NA NA NA NA NA 188 3107 148 NA NA NA NA NA NA 216 1539 162 NA NA NA NA NA 
1743368400.0 136.8561 NA 219 522 0 NA NA NA NA NA NA 312 711 0 NA NA NA NA NA NA 209 1276 143 NA NA NA NA NA NA 255 1081 155 NA NA NA NA NA 
1743368400.0 136.8562 NA 214 500 0 NA NA NA NA NA NA 291 686 0 NA NA NA NA NA NA 165 1181 137 NA NA NA NA NA NA 228 1325 160 NA NA NA NA NA 
1743368400.0 136.857 NA 229 508 0 NA NA NA NA NA NA 316 708 0 NA NA NA NA NA NA 222 4008 115 NA NA NA NA NA NA 234 1622 140 NA NA NA NA NA 
1743368400.0 136.858 NA 233 528 0 NA NA NA NA NA NA 316 745 0 NA NA NA NA NA NA 185 1317 120 NA NA NA NA NA NA 175 1176 137 NA NA NA NA NA 
1743368400.0 136.859 NA 233 517 0 NA NA NA NA NA NA 316 743 0 NA NA NA NA NA NA 217 5570 104 NA NA NA NA NA NA 260 2067 120 NA NA NA NA NA 
1743368400.0 136.86 NA 229 511 0 NA NA NA NA NA NA 307 726 0 NA NA NA NA NA NA 210 3988 104 NA NA NA NA NA NA 175 1662 124 NA NA NA NA NA 
1743368400.0 136.861 NA 228 628 0 NA NA NA NA NA NA 310 866 0 NA NA NA NA NA NA 217 5459 147 NA NA NA NA NA NA 257 2105 164 NA NA NA NA NA 
1743368400.0 136.862 NA 232 587 0 NA NA NA NA NA NA 308 803 0 NA NA NA NA NA NA 220 5756 112 NA NA NA NA NA NA 252 2088 133 NA NA NA NA NA 
1743368400.0 136.863 NA 229 626 0 NA NA NA NA NA NA 308 870 0 NA NA NA NA NA NA 233 5844 149 NA NA NA NA NA NA 239 2139 161 NA NA NA NA NA 
1743368400.0 136.864 NA 228 570 0 NA NA NA NA NA NA 313 827 0 NA NA NA NA NA NA 227 6971 110 NA NA NA NA NA NA 334 2632 127 NA NA NA NA NA 
1743368400.0 136.8642 NA 227 569 0 NA NA NA NA NA NA 314 857 0 NA NA NA NA NA NA 239 7007 115 NA NA NA NA NA NA 485 2607 131 NA NA NA NA NA 
1743368400.0 136.865 NA 230 588 0 NA NA NA NA NA NA 310 817 0 NA NA NA NA NA NA 234 6279 110 NA NA NA NA NA NA 372 2309 127 NA NA NA NA NA 
1743368400.0 136.866 NA 228 520 0 NA NA NA NA NA NA 300 759 0 NA NA NA NA NA NA 229 5798 102 NA NA NA NA NA NA 242 2120 122 NA NA NA NA NA 
1743368400.0 136.867 NA 229 718 0 NA NA NA NA NA NA 312 1011 0 NA NA NA NA NA NA 235 5830 128 NA NA NA NA NA NA 367 2317 143 NA NA NA NA NA 
1743368400.0 136.868 NA 231 712 0 NA NA NA NA NA NA 325 959 0 NA NA NA NA NA NA 218 4504 150 NA NA NA NA NA NA 388 1859 168 NA NA NA NA NA 
1743368400.0 136.869 NA 230 540 0 NA NA NA NA NA NA 321 760 0 NA NA NA NA NA NA 232 5867 115 NA NA NA NA NA NA 232 2120 131 NA NA NA NA NA 
1743368400.0 136.87 NA 235 535 0 NA NA NA NA NA NA 319 728 0 NA NA NA NA NA NA 194 1347 122 NA NA NA NA NA NA 193 1082 142 NA NA NA NA NA 
1743368400.0 136.871 NA 231 541 0 NA NA NA NA NA NA 319 779 0 NA NA NA NA NA NA 232 7425 108 NA NA NA NA NA NA 340 2630 142 NA NA NA NA NA 
1743368400.0 136.872 NA 229 544 0 NA NA NA NA NA NA 303 758 0 NA NA NA NA NA NA 223 5606 101 NA NA NA NA NA NA 211 2023 116 NA NA NA NA NA 
1743368400.0 136.873 NA 230 624 0 NA NA NA NA NA NA 307 876 0 NA NA NA NA NA NA 214 5171 150 NA NA NA NA NA NA 230 1907 162 NA NA NA NA NA 
1743368400.0 136.874 NA 231 626 0 NA NA NA NA NA NA 316 858 0 NA NA NA NA NA NA 223 4969 112 NA NA NA NA NA NA 289 1876 129 NA NA NA NA NA 
1743368400.0 136.875 NA 231 621 0 NA NA NA NA NA NA 308 875 0 NA NA NA NA NA NA 227 5247 150 NA NA NA NA NA NA 237 2047 164 NA NA NA NA NA 
1743368400.0 136.876 NA 232 550 0 NA NA NA NA NA NA 315 833 0 NA NA NA NA NA NA 240 6220 109 NA NA NA NA NA NA 405 2328 129 NA NA NA NA NA 
1743368400.0 136.877 NA 230 559 0 NA NA NA NA NA NA 319 802 0 NA NA NA NA NA NA 209 5202 111 NA NA NA NA NA NA 208 2033 130 NA NA NA NA NA 
1743368400.0 136.878 NA 231 518 0 NA NA NA NA NA NA 314 734 0 NA NA NA NA NA NA 231 5567 102 NA NA NA NA NA NA 296 2229 119 NA NA NA NA NA 
1743368400.0 136.879 NA 229 712 0 NA NA NA NA NA NA 307 959 0 NA NA NA NA NA NA 223 5195 130 NA NA NA NA NA NA 264 2055 146 NA NA NA NA NA 
1743368400.0 136.88 NA 230 689 0 NA NA NA NA NA NA 316 916 0 NA NA NA NA NA NA 202 4235 149 NA NA NA NA NA NA 232 1898 163 NA NA NA NA NA 
1743368400.0 136.881 NA 229 517 0 NA NA NA NA NA NA 316 725 0 NA NA NA NA NA NA 223 4716 119 NA NA NA NA NA NA 200 1866 156 NA NA NA NA NA 
1743368400.0 136.882 NA 235 577 0 NA NA NA NA NA NA 318 792 0 NA NA NA NA NA NA 187 1639 124 NA NA NA NA NA NA 175 1172 143 NA NA NA NA NA 
1743368400.0 136.883 NA 231 526 0 NA NA NA NA NA NA 312 757 0 NA NA NA NA NA NA 231 6691 103 NA NA NA NA NA NA 392 2552 120 NA NA NA NA NA 
1743368400.0 136.884 NA 229 522 0 NA NA NA NA NA NA 313 719 0 NA NA NA NA NA NA 225 4713 102 NA NA NA NA NA NA 188 1853 113 NA NA NA NA NA 
1743368400.0 136.885 NA 230 626 0 NA NA NA NA NA NA 303 873 0 NA NA NA NA NA NA 207 5220 148 NA NA NA NA NA NA 200 1939 164 NA NA NA NA NA 
1743368400.0 136.8855 NA 229 175 0 NA NA NA NA NA NA 306 330 0 NA NA NA NA NA NA 202 288 57 NA NA NA NA NA NA 215 364 70 NA NA NA NA NA 
1743368400.0 136.886 NA 231 562 0 NA NA NA NA NA NA 322 794 0 NA NA NA NA NA NA 209 4808 111 NA NA NA NA NA NA 207 1836 128 NA NA NA NA NA 
1743368400.0 136.8861 NA 235 568 0 NA NA NA NA NA NA 327 814 0 NA NA NA NA NA NA 238 4599 128 NA NA NA NA NA NA 364 1933 145 NA NA NA NA NA 
1743368400.0 136.8862 NA 230 573 0 NA NA NA NA NA NA 300 806 0 NA NA NA NA NA NA 223 5110 111 NA NA NA NA NA NA 407 1954 128 NA NA NA NA NA 
1743368400.0 136.887 NA 230 613 0 NA NA NA NA NA NA 319 852 0 NA NA NA NA NA NA 230 5008 149 NA NA NA NA NA NA 254 1902 163 NA NA NA NA NA 
1743368400.0 136.888 NA 231 588 0 NA NA NA NA NA NA 317 820 0 NA NA NA NA NA NA 212 5752 109 NA NA NA NA NA NA 211 2097 128 NA NA NA NA NA 
1743368400.0 136.8885 NA 231 177 0 NA NA NA NA NA NA 318 325 0 NA NA NA NA NA NA 204 291 57 NA NA NA NA NA NA 212 332 71 NA NA NA NA NA 
1743368400.0 136.889 NA 230 563 0 NA NA NA NA NA NA 313 802 0 NA NA NA NA NA NA 214 5602 108 NA NA NA NA NA NA 215 2066 125 NA NA NA NA NA 
1743368400.0 136.89 NA 230 520 0 NA NA NA NA NA NA 310 741 0 NA NA NA NA NA NA 225 5320 100 NA NA NA NA NA NA 268 2032 109 NA NA NA NA NA 
1743368400.0 136.891 NA 231 711 0 NA NA NA NA NA NA 314 941 0 NA NA NA NA NA NA 227 5077 131 NA NA NA NA NA NA 277 2008 153 NA NA NA NA NA 
1743368400.0 136.892 NA 229 708 0 NA NA NA NA NA NA 310 964 0 NA NA NA NA NA NA 204 4617 153 NA NA NA NA NA NA 249 1889 165 NA NA NA NA NA 
1743368400.0 136.893 NA 230 528 0 NA NA NA NA NA NA 305 740 0 NA NA NA NA NA NA 225 4962 117 NA NA NA NA NA NA 204 1877 136 NA NA NA NA NA 
1743368400.0 136.894 NA 235 599 0 NA NA NA NA NA NA 328 809 0 NA NA NA NA NA NA 200 2508 130 NA NA NA NA NA NA 210 1306 152 NA NA NA NA NA 
1743368400.0 136.895 NA 232 472 0 NA NA NA NA NA NA 315 760 0 NA NA NA NA NA NA 224 6200 102 NA NA NA NA NA NA 307 2363 119 NA NA NA NA NA 
1743368400.0 136.896 NA 229 521 0 NA NA NA NA NA NA 320 731 0 NA NA NA NA NA NA 221 4978 101 NA NA NA NA NA NA 212 1916 113 NA NA NA NA NA 
1743368400.0 136.897 NA 342 129 0 NA NA NA NA NA NA 516 205 0 NA NA NA NA NA NA 424 113 102 NA NA NA NA NA NA 335 121 118 NA NA NA NA NA 
1743368400.0 136.898 NA 229 558 0 NA NA NA NA NA NA 305 779 0 NA NA NA NA NA NA 215 4895 100 NA NA NA NA NA NA 221 1855 118 NA NA NA NA NA 
1743368400.0 136.899 NA 356 169 0 NA NA NA NA NA NA 556 283 0 NA NA NA NA NA NA 516 112 104 NA NA NA NA NA NA 312 145 121 NA NA NA NA NA 
1743368400.0 136.901 NA 271 254 268 167 260 277 NA NA NA 406 398 358 238 389 415 NA NA NA 3004 640 535 180 301 431 NA NA NA 4485 966 786 258 515 568 NA NA 
1743368400.0 136.902 NA 272 251 259 167 259 278 NA NA NA 406 361 358 238 389 393 NA NA NA 2629 614 631 181 306 437 NA NA NA 4206 1002 959 275 499 559 NA NA 
1743368400.0 136.903 NA 302 298 336 177 300 295 NA NA NA 450 429 445 247 441 444 NA NA NA 3930 1931 1639 375 550 686 NA NA NA 6261 2830 2310 475 729 844 NA NA 
1743368400.0 136.904 NA 304 288 322 174 296 294 NA NA NA 490 429 439 242 409 426 NA NA NA 3674 1206 1113 268 426 559 NA NA NA 5625 1699 1676 450 592 747 NA NA 
1743368400.0 1360.0 142 257 488 0 NA NA NA NA NA 216 333 673 0 NA NA NA NA NA 1197 178 760 144 NA NA NA NA NA 613 230 844 167 NA NA NA NA NA 
1743368400.0 1361.0 157 265 486 0 NA NA NA NA NA 238 355 639 0 NA NA NA NA NA 3349 225 792 153 NA NA NA NA NA 1195 197 757 180 NA NA NA NA NA 
1743368400.0 1361.17 133 333 561 0 179 NA NA NA NA 197 440 766 0 281 NA NA NA NA 3392 600 764 184 192 NA NA NA NA 1200 301 662 252 255 NA NA NA NA 
1743368400.0 1361.18 135 327 560 0 184 NA NA NA NA 202 414 758 0 282 NA NA NA NA 3401 598 807 185 204 NA NA NA NA 1231 303 719 253 299 NA NA NA NA 
1743368400.0 1361.181 133 326 561 0 184 NA NA NA NA 203 434 776 0 284 NA NA NA NA 3466 593 801 188 199 NA NA NA NA 1241 278 722 281 253 NA NA NA NA 
1743368400.0 1362.0 149 263 493 0 NA NA NA NA NA 237 353 664 0 NA NA NA NA NA 4338 212 820 150 NA NA NA NA NA 1612 180 721 173 NA NA NA NA NA 
1743368400.0 1362.17 134 333 562 0 179 NA NA NA NA 202 424 783 0 283 NA NA NA NA 4586 604 798 179 186 NA NA NA NA 2898 294 710 190 204 NA NA NA NA 
1743368400.0 1362.18 105 326 561 0 183 NA NA NA NA 201 409 784 0 283 NA NA NA NA 5091 602 850 206 198 NA NA NA NA 1832 290 808 234 211 NA NA NA NA 
1743368400.0 1363.0 160 263 492 0 NA NA NA NA NA 242 349 657 0 NA NA NA NA NA 4393 217 794 150 NA NA NA NA NA 1954 191 693 196 NA NA NA NA NA 
1743368400.0 1363.17 135 333 564 0 181 NA NA NA NA 201 425 761 0 280 NA NA NA NA 5247 618 855 198 193 NA NA NA NA 1864 289 806 222 205 NA NA NA NA 
1743368400.0 1363.18 133 327 558 0 184 NA NA NA NA 198 424 789 0 279 NA NA NA NA 4855 630 842 193 205 NA NA NA NA 1805 299 735 212 224 NA NA NA NA 
1743368400.0 1364.0 NA 265 482 0 NA NA NA NA NA NA 362 666 0 NA NA NA NA NA NA 268 894 158 NA NA NA NA NA NA 238 907 178 NA NA NA NA NA 
1743368400.0 1365.0 NA 271 490 0 NA NA NA NA NA NA 367 657 0 NA NA NA NA NA NA 241 862 157 NA NA NA NA NA NA 212 816 195 NA NA NA NA NA 
1743368400.0 1366.0 NA 266 480 0 NA NA NA NA NA NA 363 650 0 NA NA NA NA NA NA 263 912 156 NA NA NA NA NA NA 257 1088 171 NA NA NA NA NA 
1743368400.0 137.8 NA 230 624 NA 230 559 0 NA NA NA 318 877 NA 313 809 0 NA NA NA 203 5037 NA 193 4879 130 NA NA NA 303 2146 NA 195 1932 161 NA NA 
1743368400.0 1370.0 63 157 261 484 0 177 NA NA NA 94 230 344 667 0 271 NA NA NA 22 902 200 734 148 190 NA NA NA 57 433 193 711 164 209 NA NA NA 
1743368400.0 1370.17 64 136 333 559 0 180 NA NA NA 94 195 440 764 0 275 NA NA NA 22 987 606 793 182 197 NA NA NA 63 420 279 706 196 230 NA NA NA 
1743368400.0 1370.18 64 133 324 560 0 182 NA NA NA 94 193 417 782 0 288 NA NA NA 23 871 598 779 188 194 NA NA NA 60 437 323 687 246 214 NA NA NA 
1743368400.0 138.1 NA 352 156 0 NA NA NA NA NA NA 539 255 0 NA NA NA NA NA NA 450 117 102 NA NA NA NA NA NA 326 151 120 NA NA NA NA NA 
1743368400.0 138.2 NA 351 155 0 NA NA NA NA NA NA 538 251 0 NA NA NA NA NA NA 453 116 103 NA NA NA NA NA NA 385 150 119 NA NA NA NA NA 
1743368400.0 138.3 NA 71 547 0 NA NA NA NA NA NA 117 740 0 NA NA NA NA NA NA 30 17423 130 NA NA NA NA NA NA 384 10620 152 NA NA NA NA NA 
1743368400.0 138.4 NA 433 0 NA NA NA NA NA NA NA 634 0 NA NA NA NA NA NA NA 648 138 NA NA NA NA NA NA NA 555 173 NA NA NA NA NA NA 
1743368400.0 138.5 NA 472 220 0 NA NA NA NA NA NA 675 336 0 NA NA NA NA NA NA 1336 190 144 NA NA NA NA NA NA 1303 220 159 NA NA NA NA NA 
1743368400.0 139.001 NA 236 507 0 NA NA NA NA NA NA 328 713 0 NA NA NA NA NA NA 172 1293 107 NA NA NA NA NA NA 134 1170 118 NA NA NA NA NA 
1743368400.0 139.002 NA 231 596 0 NA NA NA NA NA NA 317 832 0 NA NA NA NA NA NA 169 1408 148 NA NA NA NA NA NA 145 1295 193 NA NA NA NA NA 
1743368400.0 139.003 NA 235 412 0 NA NA NA NA NA NA 326 605 0 NA NA NA NA NA NA 176 1150 66 NA NA NA NA NA NA 146 1282 85 NA NA NA NA NA 
1743368400.0 139.004 NA 234 517 0 NA NA NA NA NA NA 324 721 0 NA NA NA NA NA NA 195 1272 129 NA NA NA NA NA NA 166 1105 147 NA NA NA NA NA 
1743368400.0 139.005 NA 163 136 NA NA NA NA NA NA NA 275 268 NA NA NA NA NA NA NA 6654 5301 NA NA NA NA NA NA NA 2333 1574 NA NA NA NA NA NA 
1743368400.0 139901.0 NA 268 450 0 NA NA NA NA NA NA 360 640 0 NA NA NA NA NA NA 254 919 159 NA NA NA NA NA NA 256 912 205 NA NA NA NA NA 
1743368400.0 139902.0 NA 274 463 0 NA NA NA NA NA NA 373 681 0 NA NA NA NA NA NA 292 1009 158 NA NA NA NA NA NA 239 1021 170 NA NA NA NA NA 
1743368400.0 13992501.0 NA 465 725 0 NA NA NA NA NA NA 598 979 0 NA NA NA NA NA NA 879 1327 160 NA NA NA NA NA NA 549 943 182 NA NA NA NA NA 
1743368400.0 13992502.0 NA 454 750 0 NA NA NA NA NA NA 609 986 0 NA NA NA NA NA NA 910 1436 156 NA NA NA NA NA NA 578 967 167 NA NA NA NA NA 
1743368400.0 14.0 NA 237 460 0 NA NA NA NA NA NA 343 609 0 NA NA NA NA NA NA 764 1923 173 NA NA NA NA NA NA 332 986 185 NA NA NA NA NA 
1743368400.0 140.001 NA 233 566 0 NA NA NA NA NA NA 327 773 0 NA NA NA NA NA NA 222 1346 132 NA NA NA NA NA NA 166 1068 158 NA NA NA NA NA 
1743368400.0 140.002 NA 239 577 0 NA NA NA NA NA NA 329 803 0 NA NA NA NA NA NA 253 1729 135 NA NA NA NA NA NA 194 1116 172 NA NA NA NA NA 
1743368400.0 140.003 NA 232 583 0 NA NA NA NA NA NA 316 785 0 NA NA NA NA NA NA 176 1083 123 NA NA NA NA NA NA 142 1025 143 NA NA NA NA NA 
1743368400.0 140.004 NA 0 0 0 NA NA NA NA NA NA 0 0 0 NA NA NA NA NA NA 103 1014 222 NA NA NA NA NA NA 112 1123 263 NA NA NA NA NA 
1743368400.0 140.005 NA 233 526 0 NA NA NA NA NA NA 317 793 0 NA NA NA NA NA NA 240 1423 129 NA NA NA NA NA NA 220 1277 147 NA NA NA NA NA 
1743368400.0 140.006 NA 0 0 0 NA NA NA NA NA NA 0 0 0 NA NA NA NA NA NA 113 1225 228 NA NA NA NA NA NA 148 1226 243 NA NA NA NA NA 
1743368400.0 140.007 NA 220 567 0 NA NA NA NA NA NA 300 782 0 NA NA NA NA NA NA 127 1245 229 NA NA NA NA NA NA 123 1116 259 NA NA NA NA NA 
1743368400.0 140.008 NA 206 513 0 NA NA NA NA NA NA 282 762 0 NA NA NA NA NA NA 113 1119 224 NA NA NA NA NA NA 158 1181 238 NA NA NA NA NA 
1743368400.0 140.009 NA 0 0 0 NA NA NA NA NA NA 0 0 0 NA NA NA NA NA NA 105 997 222 NA NA NA NA NA NA 140 1073 235 NA NA NA NA NA 
1743368400.0 140.01 NA 240 578 0 NA NA NA NA NA NA 322 769 0 NA NA NA NA NA NA 231 1666 139 NA NA NA NA NA NA 188 1062 163 NA NA NA NA NA 
1743368400.0 140.011 NA 0 0 0 NA NA NA NA NA NA 0 0 0 NA NA NA NA NA NA 129 1265 232 NA NA NA NA NA NA 237 1255 260 NA NA NA NA NA 
1743368400.0 140.021 NA 0 0 0 NA NA NA NA NA NA 0 0 0 NA NA NA NA NA NA 103 1039 235 NA NA NA NA NA NA 135 1144 279 NA NA NA NA NA 
1743368400.0 140.022 NA 234 644 0 NA NA NA NA NA NA 316 881 0 NA NA NA NA NA NA 247 4109 137 NA NA NA NA NA NA 210 1605 166 NA NA NA NA NA 
1743368400.0 140.023 NA 232 650 0 NA NA NA NA NA NA 313 896 0 NA NA NA NA NA NA 218 2633 132 NA NA NA NA NA NA 173 1169 154 NA NA NA NA NA 
1743368400.0 140.024 NA 232 652 0 NA NA NA NA NA NA 326 919 0 NA NA NA NA NA NA 263 5211 131 NA NA NA NA NA NA 220 1899 146 NA NA NA NA NA 
1743368400.0 140.025 NA 231 651 0 NA NA NA NA NA NA 313 884 0 NA NA NA NA NA NA 268 5112 133 NA NA NA NA NA NA 238 1964 160 NA NA NA NA NA 
1743368400.0 140.026 NA 230 661 0 NA NA NA NA NA NA 313 926 0 NA NA NA NA NA NA 272 5672 134 NA NA NA NA NA NA 224 2148 152 NA NA NA NA NA 
1743368400.0 140.027 NA 230 653 0 NA NA NA NA NA NA 310 886 0 NA NA NA NA NA NA 254 4705 143 NA NA NA NA NA NA 193 1837 174 NA NA NA NA NA 
1743368400.0 140.028 NA 231 649 0 NA NA NA NA NA NA 315 879 0 NA NA NA NA NA NA 240 4267 133 NA NA NA NA NA NA 162 1667 146 NA NA NA NA NA 
1743368400.0 140.029 NA 231 647 0 NA NA NA NA NA NA 307 842 0 NA NA NA NA NA NA 250 4419 139 NA NA NA NA NA NA 170 1639 185 NA NA NA NA NA 
1743368400.0 140.03 NA 232 645 0 NA NA NA NA NA NA 313 881 0 NA NA NA NA NA NA 266 4080 133 NA NA NA NA NA NA 224 1591 146 NA NA NA NA NA 
1743368400.0 140.031 NA 229 644 0 NA NA NA NA NA NA 313 892 0 NA NA NA NA NA NA 265 4793 138 NA NA NA NA NA NA 221 1788 158 NA NA NA NA NA 
1743368400.0 140.042 NA 229 660 0 NA NA NA NA NA NA 313 912 0 NA NA NA NA NA NA 303 5298 133 NA NA NA NA NA NA 287 2048 147 NA NA NA NA NA 
1743368400.0 140.043 NA 233 659 0 NA NA NA NA NA NA 311 899 0 NA NA NA NA NA NA 226 3153 134 NA NA NA NA NA NA 170 1358 150 NA NA NA NA NA 
1743368400.0 140.044 NA 232 669 0 NA NA NA NA NA NA 324 934 0 NA NA NA NA NA NA 283 5963 137 NA NA NA NA NA NA 259 2198 157 NA NA NA NA NA 
1743368400.0 140.045 NA 230 671 0 NA NA NA NA NA NA 321 929 0 NA NA NA NA NA NA 310 6409 130 NA NA NA NA NA NA 269 2251 146 NA NA NA NA NA 
1743368400.0 140.046 NA 230 663 0 NA NA NA NA NA NA 316 959 0 NA NA NA NA NA NA 304 6964 133 NA NA NA NA NA NA 249 2619 151 NA NA NA NA NA 
1743368400.0 140.047 NA 229 663 0 NA NA NA NA NA NA 313 932 0 NA NA NA NA NA NA 288 6184 131 NA NA NA NA NA NA 226 2172 148 NA NA NA NA NA 
1743368400.0 140.048 NA 229 655 0 NA NA NA NA NA NA 310 915 0 NA NA NA NA NA NA 278 5576 132 NA NA NA NA NA NA 284 2167 145 NA NA NA NA NA 
1743368400.0 140.049 NA 230 655 0 NA NA NA NA NA NA 313 939 0 NA NA NA NA NA NA 278 5808 132 NA NA NA NA NA NA 250 2244 166 NA NA NA NA NA 
1743368400.0 140.05 NA 229 657 0 NA NA NA NA NA NA 311 903 0 NA NA NA NA NA NA 282 5431 132 NA NA NA NA NA NA 252 2115 146 NA NA NA NA NA 
1743368400.0 140.051 NA 232 655 0 NA NA NA NA NA NA 311 908 0 NA NA NA NA NA NA 274 5480 131 NA NA NA NA NA NA 183 1953 152 NA NA NA NA NA 
1743368400.0 140.062 NA 230 664 0 NA NA NA NA NA NA 307 928 0 NA NA NA NA NA NA 314 6310 134 NA NA NA NA NA NA 300 2291 148 NA NA NA NA NA 
1743368400.0 140.063 NA 231 663 0 NA NA NA NA NA NA 324 880 0 NA NA NA NA NA NA 247 3976 135 NA NA NA NA NA NA 189 1632 149 NA NA NA NA NA 
1743368400.0 140.064 NA 230 649 0 NA NA NA NA NA NA 312 931 0 NA NA NA NA NA NA 312 6761 128 NA NA NA NA NA NA 256 2515 143 NA NA NA NA NA 
1743368400.0 140.065 NA 231 670 0 NA NA NA NA NA NA 323 894 0 NA NA NA NA NA NA 313 7017 130 NA NA NA NA NA NA 421 2585 146 NA NA NA NA NA 
1743368400.0 140.066 NA 229 687 0 NA NA NA NA NA NA 326 952 0 NA NA NA NA NA NA 324 8326 144 NA NA NA NA NA NA 527 2769 159 NA NA NA NA NA 
1743368400.0 140.067 NA 231 663 0 NA NA NA NA NA NA 321 918 0 NA NA NA NA NA NA 303 6674 132 NA NA NA NA NA NA 264 2554 149 NA NA NA NA NA 
1743368400.0 140.068 NA 229 674 0 NA NA NA NA NA NA 320 931 0 NA NA NA NA NA NA 303 6501 132 NA NA NA NA NA NA 233 2229 150 NA NA NA NA NA 
1743368400.0 140.069 NA 229 662 0 NA NA NA NA NA NA 315 943 0 NA NA NA NA NA NA 305 6302 134 NA NA NA NA NA NA 273 2428 178 NA NA NA NA NA 
1743368400.0 140.071 NA 231 632 0 NA NA NA NA NA NA 315 892 0 NA NA NA NA NA NA 263 3802 132 NA NA NA NA NA NA 213 1668 147 NA NA NA NA NA 
1743368400.0 140.072 NA 234 645 0 NA NA NA NA NA NA 319 891 0 NA NA NA NA NA NA 220 2699 132 NA NA NA NA NA NA 169 1227 152 NA NA NA NA NA 
1743368400.0 140.073 NA 235 641 0 NA NA NA NA NA NA 320 866 0 NA NA NA NA NA NA 250 4352 131 NA NA NA NA NA NA 167 1730 143 NA NA NA NA NA 
1743368400.0 140.074 NA 233 643 0 NA NA NA NA NA NA 329 866 0 NA NA NA NA NA NA 250 4497 135 NA NA NA NA NA NA 229 1756 147 NA NA NA NA NA 
1743368400.0 140.075 NA 234 639 0 NA NA NA NA NA NA 316 866 0 NA NA NA NA NA NA 260 4590 136 NA NA NA NA NA NA 178 1677 153 NA NA NA NA NA 
1743368400.0 140.076 NA 233 639 0 NA NA NA NA NA NA 312 852 0 NA NA NA NA NA NA 252 3914 134 NA NA NA NA NA NA 281 1521 158 NA NA NA NA NA 
1743368400.0 140.077 NA 232 635 0 NA NA NA NA NA NA 316 841 0 NA NA NA NA NA NA 235 3753 130 NA NA NA NA NA NA 166 1512 144 NA NA NA NA NA 
1743368400.0 140.078 NA 233 631 0 NA NA NA NA NA NA 326 853 0 NA NA NA NA NA NA 245 4057 133 NA NA NA NA NA NA 171 1575 149 NA NA NA NA NA 
1743368400.0 140.101 NA 232 703 0 NA NA NA NA NA NA 321 935 0 NA NA NA NA NA NA 245 4271 136 NA NA NA NA NA NA 184 1811 150 NA NA NA NA NA 
1743368400.0 140.102 NA 229 662 0 NA NA NA NA NA NA 309 968 0 NA NA NA NA NA NA 324 6627 131 NA NA NA NA NA NA 291 2570 152 NA NA NA NA NA 
1743368400.0 140.103 NA 231 687 0 NA NA NA NA NA NA 308 965 0 NA NA NA NA NA NA 307 6978 129 NA NA NA NA NA NA 400 2659 150 NA NA NA NA NA 
1743368400.0 140.104 NA 229 712 0 NA NA NA NA NA NA 313 985 0 NA NA NA NA NA NA 332 8078 137 NA NA NA NA NA NA 390 2753 151 NA NA NA NA NA 
1743368400.0 140.105 NA 227 709 0 NA NA NA NA NA NA 306 1022 0 NA NA NA NA NA NA 331 6543 130 NA NA NA NA NA NA 504 2633 150 NA NA NA NA NA 
1743368400.0 140.106 NA 229 661 0 NA NA NA NA NA NA 322 981 0 NA NA NA NA NA NA 315 6480 131 NA NA NA NA NA NA 399 2526 146 NA NA NA NA NA 
1743368400.0 140.107 NA 230 644 0 NA NA NA NA NA NA 313 948 0 NA NA NA NA NA NA 319 6285 130 NA NA NA NA NA NA 275 2444 148 NA NA NA NA NA 
1743368400.0 140.108 NA 229 666 0 NA NA NA NA NA NA 316 951 0 NA NA NA NA NA NA 332 6226 130 NA NA NA NA NA NA 216 2290 149 NA NA NA NA NA 
1743368400.0 140.109 NA 233 662 0 NA NA NA NA NA NA 317 907 0 NA NA NA NA NA NA 238 2768 130 NA NA NA NA NA NA 170 1365 144 NA NA NA NA NA 
1743368400.0 140.11 NA 228 662 0 NA NA NA NA NA NA 313 923 0 NA NA NA NA NA NA 319 5531 131 NA NA NA NA NA NA 245 2046 146 NA NA NA NA NA 
1743368400.0 140.111 NA 229 664 0 NA NA NA NA NA NA 306 945 0 NA NA NA NA NA NA 312 6206 130 NA NA NA NA NA NA 205 2307 147 NA NA NA NA NA 
1743368400.0 140.112 NA 230 668 0 NA NA NA NA NA NA 313 981 0 NA NA NA NA NA NA 323 6404 130 NA NA NA NA NA NA 252 2406 147 NA NA NA NA NA 
1743368400.0 140.113 NA 0 0 0 NA NA NA NA NA NA 0 0 0 NA NA NA NA NA NA 116 1025 423 NA NA NA NA NA NA 300 1120 444 NA NA NA NA NA 
1743368400.0 140.56 NA 917 0 NA NA NA NA NA NA NA 1313 0 NA NA NA NA NA NA NA 5578 136 NA NA NA NA NA NA NA 2715 154 NA NA NA NA NA NA 
1743368400.0 140.5611 NA 257 0 NA NA NA NA NA NA NA 363 0 NA NA NA NA NA NA NA 1038 57 NA NA NA NA NA NA NA 662 71 NA NA NA NA NA NA 
1743368400.0 140.57 NA 593 0 NA NA NA NA NA NA NA 828 0 NA NA NA NA NA NA NA 979 130 NA NA NA NA NA NA NA 731 161 NA NA NA NA NA NA 
1743368400.0 140.58 NA 115 874 0 NA NA NA NA NA NA 178 1296 0 NA NA NA NA NA NA 81 5194 134 NA NA NA NA NA NA 126 1847 165 NA NA NA NA NA 
1743368400.0 140.6 NA 100 431 0 NA NA NA NA NA NA 143 621 0 NA NA NA NA NA NA 45 384 115 NA NA NA NA NA NA 96 399 150 NA NA NA NA NA 
1743368400.0 140.61 NA 447 0 NA NA NA NA NA NA NA 640 0 NA NA NA NA NA NA NA 751 116 NA NA NA NA NA NA NA 456 138 NA NA NA NA NA NA 
1743368400.0 14034.0 NA 665 0 NA NA NA NA NA NA NA 878 0 NA NA NA NA NA NA NA 2022 129 NA NA NA NA NA NA NA 947 142 NA NA NA NA NA NA 
1743368400.0 141.001 NA 229 661 0 NA NA NA NA NA NA 316 941 0 NA NA NA NA NA NA 302 6365 132 NA NA NA NA NA NA 245 2270 155 NA NA NA NA NA 
1743368400.0 141.002 NA 232 659 0 NA NA NA NA NA NA 320 909 0 NA NA NA NA NA NA 221 3286 135 NA NA NA NA NA NA 193 1416 150 NA NA NA NA NA 
1743368400.0 141.003 NA 231 667 0 NA NA NA NA NA NA 326 876 0 NA NA NA NA NA NA 279 6090 131 NA NA NA NA NA NA 305 2104 148 NA NA NA NA NA 
1743368400.0 141.004 NA 235 624 0 NA NA NA NA NA NA 316 849 0 NA NA NA NA NA NA 239 2057 133 NA NA NA NA NA NA 283 1207 173 NA NA NA NA NA 
1743368400.0 141.005 NA 233 629 0 NA NA NA NA NA NA 327 845 0 NA NA NA NA NA NA 243 3357 136 NA NA NA NA NA NA 196 1374 150 NA NA NA NA NA 
1743368400.0 141.006 NA 231 626 0 NA NA NA NA NA NA 313 823 0 NA NA NA NA NA NA 251 3543 134 NA NA NA NA NA NA 234 1499 153 NA NA NA NA NA 
1743368400.0 141.007 NA 233 647 0 NA NA NA NA NA NA 312 854 0 NA NA NA NA NA NA 241 4263 146 NA NA NA NA NA NA 213 1663 161 NA NA NA NA NA 
1743368400.0 141.008 NA 230 678 0 NA NA NA NA NA NA 322 927 0 NA NA NA NA NA NA 312 7344 139 NA NA NA NA NA NA 366 2690 151 NA NA NA NA NA 
1743368400.0 141.008405 NA 231 181 0 NA NA NA NA NA NA 322 270 0 NA NA NA NA NA NA 291 408 59 NA NA NA NA NA NA 223 273 73 NA NA NA NA NA 
1743368400.0 141.008411 NA 232 164 0 NA NA NA NA NA NA 311 241 0 NA NA NA NA NA NA 299 241 65 NA NA NA NA NA NA 211 236 78 NA NA NA NA NA 
1743368400.0 141.008421 NA 231 168 0 NA NA NA NA NA NA 313 248 0 NA NA NA NA NA NA 291 251 62 NA NA NA NA NA NA 239 225 75 NA NA NA NA NA 
1743368400.0 141.009 NA 0 0 0 NA NA NA NA NA NA 0 0 0 NA NA NA NA NA NA 101 1444 363 NA NA NA NA NA NA 119 1449 378 NA NA NA NA NA 
1743368400.0 141.01 NA 228 666 0 NA NA NA NA NA NA 308 938 0 NA NA NA NA NA NA 331 6998 131 NA NA NA NA NA NA 452 2632 147 NA NA NA NA NA 
1743368400.0 141.011 NA 230 672 0 NA NA NA NA NA NA 328 923 0 NA NA NA NA NA NA 281 6178 134 NA NA NA NA NA NA 301 2255 155 NA NA NA NA NA 
1743368400.0 141.012 NA 231 642 0 NA NA NA NA NA NA 323 871 0 NA NA NA NA NA NA 253 4166 132 NA NA NA NA NA NA 209 1620 148 NA NA NA NA NA 
1743368400.0 141.013 NA 231 654 0 NA NA NA NA NA NA 314 927 0 NA NA NA NA NA NA 285 6274 129 NA NA NA NA NA NA 209 2258 148 NA NA NA NA NA 
1743368400.0 141.031 NA 228 669 0 NA NA NA NA NA NA 300 927 0 NA NA NA NA NA NA 342 6850 129 NA NA NA NA NA NA 487 2579 144 NA NA NA NA NA 
1743368400.0 141.032 NA 231 675 0 NA NA NA NA NA NA 326 917 0 NA NA NA NA NA NA 244 4224 132 NA NA NA NA NA NA 188 1587 144 NA NA NA NA NA 
1743368400.0 141.033 NA 227 668 0 NA NA NA NA NA NA 307 981 0 NA NA NA NA NA NA 350 7465 129 NA NA NA NA NA NA 547 2775 146 NA NA NA NA NA 
1743368400.0 141.034 NA 228 676 0 NA NA NA NA NA NA 316 928 0 NA NA NA NA NA NA 332 7819 129 NA NA NA NA NA NA 532 3022 150 NA NA NA NA NA 
1743368400.0 141.035 NA 227 676 0 NA NA NA NA NA NA 314 955 0 NA NA NA NA NA NA 322 7915 132 NA NA NA NA NA NA 397 2860 152 NA NA NA NA NA 
1743368400.0 141.036 NA 233 606 0 NA NA NA NA NA NA 315 844 0 NA NA NA NA NA NA 212 2276 127 NA NA NA NA NA NA 192 1086 143 NA NA NA NA NA 
1743368400.0 141.037 NA 228 666 0 NA NA NA NA NA NA 307 929 0 NA NA NA NA NA NA 285 6298 134 NA NA NA NA NA NA 270 2429 164 NA NA NA NA NA 
1743368400.0 141.038 NA 229 683 0 NA NA NA NA NA NA 318 943 0 NA NA NA NA NA NA 330 7201 130 NA NA NA NA NA NA 312 2636 147 NA NA NA NA NA 
1743368400.0 141.039 NA 229 675 0 NA NA NA NA NA NA 311 923 0 NA NA NA NA NA NA 330 6936 130 NA NA NA NA NA NA 502 2595 147 NA NA NA NA NA 
1743368400.0 141.041 NA 228 685 0 NA NA NA NA NA NA 310 956 0 NA NA NA NA NA NA 345 10873 138 NA NA NA NA NA NA 474 3752 153 NA NA NA NA NA 
1743368400.0 141.042 NA 231 688 0 NA NA NA NA NA NA 312 951 0 NA NA NA NA NA NA 256 5631 134 NA NA NA NA NA NA 222 2170 157 NA NA NA NA NA 
1743368400.0 141.043 NA 227 697 0 NA NA NA NA NA NA 307 1001 0 NA NA NA NA NA NA 343 13076 142 NA NA NA NA NA NA 457 4366 179 NA NA NA NA NA 
1743368400.0 141.044 NA 228 689 0 NA NA NA NA NA NA 315 972 0 NA NA NA NA NA NA 343 11028 137 NA NA NA NA NA NA 513 3520 151 NA NA NA NA NA 
1743368400.0 141.045 NA 231 728 0 NA NA NA NA NA NA 319 978 0 NA NA NA NA NA NA 317 11848 134 NA NA NA NA NA NA 253 3642 163 NA NA NA NA NA 
1743368400.0 141.046 NA 228 682 0 NA NA NA NA NA NA 307 969 0 NA NA NA NA NA NA 331 8917 139 NA NA NA NA NA NA 408 2901 160 NA NA NA NA NA 
1743368400.0 141.047 NA 226 699 0 NA NA NA NA NA NA 314 986 0 NA NA NA NA NA NA 337 11841 144 NA NA NA NA NA NA 407 4075 161 NA NA NA NA NA 
1743368400.0 141.048 NA 228 691 0 NA NA NA NA NA NA 319 973 0 NA NA NA NA NA NA 327 9613 133 NA NA NA NA NA NA 393 3048 161 NA NA NA NA NA 
1743368400.0 141.049 NA 229 666 0 NA NA NA NA NA NA 310 941 0 NA NA NA NA NA NA 326 7071 132 NA NA NA NA NA NA 417 2618 155 NA NA NA NA NA 
1743368400.0 141.101 NA 233 730 0 NA NA NA NA NA NA 321 1002 0 NA NA NA NA NA NA 245 4903 132 NA NA NA NA NA NA 193 2312 147 NA NA NA NA NA 
1743368400.0 141.102 NA 226 718 0 NA NA NA NA NA NA 321 992 0 NA NA NA NA NA NA 336 7722 141 NA NA NA NA NA NA 561 2911 169 NA NA NA NA NA 
1743368400.0 141.103 NA 229 722 0 NA NA NA NA NA NA 317 1086 0 NA NA NA NA NA NA 323 9643 144 NA NA NA NA NA NA 360 4112 160 NA NA NA NA NA 
1743368400.0 141.104 NA 228 732 0 NA NA NA NA NA NA 301 1058 0 NA NA NA NA NA NA 318 9730 146 NA NA NA NA NA NA 459 4186 164 NA NA NA NA NA 
1743368400.0 141.105 NA 234 668 0 NA NA NA NA NA NA 326 927 0 NA NA NA NA NA NA 206 2942 133 NA NA NA NA NA NA 184 2063 158 NA NA NA NA NA 
1743368400.0 141.106 NA 231 718 0 NA NA NA NA NA NA 315 1042 0 NA NA NA NA NA NA 284 6620 147 NA NA NA NA NA NA 317 2687 210 NA NA NA NA NA 
1743368400.0 141.107 NA 228 723 0 NA NA NA NA NA NA 315 1010 0 NA NA NA NA NA NA 326 7256 147 NA NA NA NA NA NA 367 2849 177 NA NA NA NA NA 
1743368400.0 141.108 NA 228 724 0 NA NA NA NA NA NA 307 1003 0 NA NA NA NA NA NA 328 7472 140 NA NA NA NA NA NA 400 2940 158 NA NA NA NA NA 
1743368400.0 141.109 NA 233 725 0 NA NA NA NA NA NA 307 1008 0 NA NA NA NA NA NA 252 4424 135 NA NA NA NA NA NA 208 2049 156 NA NA NA NA NA 
1743368400.0 141.11 NA 229 715 0 NA NA NA NA NA NA 324 1058 0 NA NA NA NA NA NA 344 10066 145 NA NA NA NA NA NA 466 4100 161 NA NA NA NA NA 
1743368400.0 141.111 NA 228 732 0 NA NA NA NA NA NA 311 986 0 NA NA NA NA NA NA 322 8896 145 NA NA NA NA NA NA 504 3548 158 NA NA NA NA NA 
1743368400.0 141.112 NA 227 722 0 NA NA NA NA NA NA 305 963 0 NA NA NA NA NA NA 300 7853 134 NA NA NA NA NA NA 354 3077 169 NA NA NA NA NA 
1743368400.0 141.113 NA 0 0 0 NA NA NA NA NA NA 0 0 0 NA NA NA NA NA NA 101 470 209 NA NA NA NA NA NA 216 555 300 NA NA NA NA NA 
1743368400.0 141.114 NA 229 719 0 NA NA NA NA NA NA 320 1009 0 NA NA NA NA NA NA 329 7594 144 NA NA NA NA NA NA 466 3175 163 NA NA NA NA NA 
1743368400.0 141.901 NA 501 0 NA NA NA NA NA NA NA 725 0 NA NA NA NA NA NA NA 2989 130 NA NA NA NA NA NA NA 1133 186 NA NA NA NA NA NA 
1743368400.0 141.902 NA 438 0 NA NA NA NA NA NA NA 642 0 NA NA NA NA NA NA NA 2459 118 NA NA NA NA NA NA NA 904 143 NA NA NA NA NA NA 
1743368400.0 142.0 NA 501 890 0 NA NA NA NA NA NA 770 1280 0 NA NA NA NA NA NA 1428 12523 149 NA NA NA NA NA NA 844 4545 185 NA NA NA NA NA 
1743368400.0 142.901 NA 442 0 NA NA NA NA NA NA NA 660 0 NA NA NA NA NA NA NA 3065 124 NA NA NA NA NA NA NA 1086 169 NA NA NA NA NA NA 
1743368400.0 142.902 NA 436 0 NA NA NA NA NA NA NA 641 0 NA NA NA NA NA NA NA 2763 119 NA NA NA NA NA NA NA 1035 145 NA NA NA NA NA NA 
1743368400.0 142.903 NA 366 0 NA NA NA NA NA NA NA 522 0 NA NA NA NA NA NA NA 850 97 NA NA NA NA NA NA NA 565 116 NA NA NA NA NA NA 
1743368400.0 14234.0 NA 825 0 NA NA NA NA NA NA NA 1066 0 NA NA NA NA NA NA NA 2140 121 NA NA NA NA NA NA NA 1117 143 NA NA NA NA NA NA 
1743368400.0 143.201 133 358 608 0 NA NA NA NA NA 180 555 828 0 NA NA NA NA NA 732 231 996 218 NA NA NA NA NA 813 209 975 232 NA NA NA NA NA 
1743368400.0 143.202 124 322 152 560 0 NA NA NA NA 171 452 191 757 0 NA NA NA NA 429 210 120 813 198 NA NA NA NA 435 199 144 801 215 NA NA NA NA 
1743368400.0 143.901 NA 445 0 NA NA NA NA NA NA NA 632 0 NA NA NA NA NA NA NA 3109 125 NA NA NA NA NA NA NA 1187 163 NA NA NA NA NA NA 
1743368400.0 143.902 NA 437 0 NA NA NA NA NA NA NA 619 0 NA NA NA NA NA NA NA 2784 119 NA NA NA NA NA NA NA 1031 144 NA NA NA NA NA NA 
1743368400.0 143.911 NA 445 0 NA NA NA NA NA NA NA 665 0 NA NA NA NA NA NA NA 3123 123 NA NA NA NA NA NA NA 1189 159 NA NA NA NA NA NA 
1743368400.0 144.6 NA 416 NA NA NA NA NA NA NA NA 574 NA NA NA NA NA NA NA NA 1543 NA NA NA NA NA NA NA NA 1257 NA NA NA NA NA NA NA 
1743368400.0 145.0 NA 443 740 0 NA NA NA NA NA NA 613 978 0 NA NA NA NA NA NA 1399 8508 168 NA NA NA NA NA NA 1376 3488 188 NA NA NA NA NA 
1743368400.0 145.001 NA 451 721 0 NA NA NA NA NA NA 612 983 0 NA NA NA NA NA NA 1352 7356 165 NA NA NA NA NA NA 802 2760 213 NA NA NA NA NA 
1743368400.0 145.002 NA 455 717 0 NA NA NA NA NA NA 614 967 0 NA NA NA NA NA NA 1557 6828 171 NA NA NA NA NA NA 758 2726 186 NA NA NA NA NA 
1743368400.0 145.003 NA 451 716 0 NA NA NA NA NA NA 632 949 0 NA NA NA NA NA NA 1535 6727 173 NA NA NA NA NA NA 713 2632 191 NA NA NA NA NA 
1743368400.0 145.004 NA 450 716 0 NA NA NA NA NA NA 626 967 0 NA NA NA NA NA NA 1399 7087 171 NA NA NA NA NA NA 712 2709 251 NA NA NA NA NA 
1743368400.0 145.005 NA 446 723 0 NA NA NA NA NA NA 630 953 0 NA NA NA NA NA NA 1449 6867 164 NA NA NA NA NA NA 611 2736 175 NA NA NA NA NA 
1743368400.0 145.006 NA 449 728 0 NA NA NA NA NA NA 634 990 0 NA NA NA NA NA NA 1565 7184 169 NA NA NA NA NA NA 825 2748 187 NA NA NA NA NA 
1743368400.0 145.007 NA 431 670 0 NA NA NA NA NA NA 564 888 0 NA NA NA NA NA NA 564 2270 154 NA NA NA NA NA NA 524 1910 170 NA NA NA NA NA 
1743368400.0 145.008 NA 441 714 0 NA NA NA NA NA NA 589 957 0 NA NA NA NA NA NA 1702 6615 168 NA NA NA NA NA NA 880 2722 212 NA NA NA NA NA 
1743368400.0 145.009 NA 453 716 0 NA NA NA NA NA NA 642 1025 0 NA NA NA NA NA NA 1332 7727 163 NA NA NA NA NA NA 795 2860 189 NA NA NA NA NA 
1743368400.0 145.01 NA 455 700 0 NA NA NA NA NA NA 622 1022 0 NA NA NA NA NA NA 1578 9502 172 NA NA NA NA NA NA 742 4061 191 NA NA NA NA NA 
1743368400.0 145.011 NA 442 707 0 NA NA NA NA NA NA 598 974 0 NA NA NA NA NA NA 1327 6382 168 NA NA NA NA NA NA 605 2589 216 NA NA NA NA NA 
1743368400.0 145.012 NA 438 712 0 NA NA NA NA NA NA 633 994 0 NA NA NA NA NA NA 1301 8448 178 NA NA NA NA NA NA 1095 3783 198 NA NA NA NA NA 
1743368400.0 145.013 NA 458 723 0 NA NA NA NA NA NA 621 989 0 NA NA NA NA NA NA 1538 7303 184 NA NA NA NA NA NA 698 3056 205 NA NA NA NA NA 
1743368400.0 145.014 NA 433 731 0 NA NA NA NA NA NA 590 970 0 NA NA NA NA NA NA 982 4592 159 NA NA NA NA NA NA 613 2105 180 NA NA NA NA NA 
1743368400.0 145.1 NA 436 737 0 NA NA NA NA NA NA 639 981 0 NA NA NA NA NA NA 1366 7766 173 NA NA NA NA NA NA 1201 2921 190 NA NA NA NA NA 
1743368400.0 145.101 NA 451 740 0 NA NA NA NA NA NA 636 1020 0 NA NA NA NA NA NA 1386 7557 163 NA NA NA NA NA NA 803 2779 191 NA NA NA NA NA 
1743368400.0 145.102 NA 454 685 0 NA NA NA NA NA NA 638 977 0 NA NA NA NA NA NA 1523 8425 178 NA NA NA NA NA NA 761 3441 200 NA NA NA NA NA 
1743368400.0 145.103 NA 449 713 0 NA NA NA NA NA NA 611 969 0 NA NA NA NA NA NA 1332 6962 171 NA NA NA NA NA NA 598 2748 193 NA NA NA NA NA 
1743368400.0 145.104 NA 443 723 0 NA NA NA NA NA NA 603 961 0 NA NA NA NA NA NA 1490 7309 165 NA NA NA NA NA NA 738 2872 182 NA NA NA NA NA 
1743368400.0 145.105 NA 436 724 0 NA NA NA NA NA NA 610 964 0 NA NA NA NA NA NA 1380 7360 168 NA NA NA NA NA NA 1294 2863 194 NA NA NA NA NA 
1743368400.0 145.106 NA 449 722 0 NA NA NA NA NA NA 633 1008 0 NA NA NA NA NA NA 1627 7338 169 NA NA NA NA NA NA 678 2806 184 NA NA NA NA NA 
1743368400.0 145.107 NA 439 729 0 NA NA NA NA NA NA 598 965 0 NA NA NA NA NA NA 808 3670 158 NA NA NA NA NA NA 526 1909 176 NA NA NA NA NA 
1743368400.0 145.108 NA 441 717 0 NA NA NA NA NA NA 609 985 0 NA NA NA NA NA NA 1289 6672 161 NA NA NA NA NA NA 715 2740 188 NA NA NA NA NA 
1743368400.0 145.109 NA 454 726 0 NA NA NA NA NA NA 641 995 0 NA NA NA NA NA NA 1420 10287 175 NA NA NA NA NA NA 995 4088 198 NA NA NA NA NA 
1743368400.0 145.11 NA 460 720 0 NA NA NA NA NA NA 641 1017 0 NA NA NA NA NA NA 1506 10093 166 NA NA NA NA NA NA 1035 3996 187 NA NA NA NA NA 
1743368400.0 145.111 NA 446 712 0 NA NA NA NA NA NA 601 955 0 NA NA NA NA NA NA 1359 6762 169 NA NA NA NA NA NA 608 2700 187 NA NA NA NA NA 
1743368400.0 145.112 NA 439 713 0 NA NA NA NA NA NA 630 979 0 NA NA NA NA NA NA 1268 8625 171 NA NA NA NA NA NA 1176 3758 197 NA NA NA NA NA 
1743368400.0 145.113 NA 443 695 0 NA NA NA NA NA NA 624 1007 0 NA NA NA NA NA NA 1434 8257 174 NA NA NA NA NA NA 878 3383 189 NA NA NA NA NA 
1743368400.0 145.114 NA 430 723 0 NA NA NA NA NA NA 606 939 0 NA NA NA NA NA NA 1006 4457 156 NA NA NA NA NA NA 1070 2045 176 NA NA NA NA NA 
1743368400.0 145.2 NA 449 715 0 NA NA NA NA NA NA 615 982 0 NA NA NA NA NA NA 1423 10340 169 NA NA NA NA NA NA 1204 4161 188 NA NA NA NA NA 
1743368400.0 145.201 NA 434 730 0 NA NA NA NA NA NA 647 1004 0 NA NA NA NA NA NA 1538 10894 171 NA NA NA NA NA NA 952 4183 187 NA NA NA NA NA 
1743368400.0 145.202 NA 446 720 0 NA NA NA NA NA NA 622 981 0 NA NA NA NA NA NA 1240 7019 161 NA NA NA NA NA NA 752 2615 185 NA NA NA NA NA 
1743368400.0 145.203 NA 445 725 0 NA NA NA NA NA NA 605 1008 0 NA NA NA NA NA NA 1334 6979 165 NA NA NA NA NA NA 812 2616 194 NA NA NA NA NA 
1743368400.0 145.204 NA 455 734 0 NA NA NA NA NA NA 618 978 0 NA NA NA NA NA NA 1309 8235 161 NA NA NA NA NA NA 622 3021 187 NA NA NA NA NA 
1743368400.0 145.205 NA 445 721 0 NA NA NA NA NA NA 599 949 0 NA NA NA NA NA NA 1337 7328 169 NA NA NA NA NA NA 1020 2833 188 NA NA NA NA NA 
1743368400.0 145.206 NA 447 721 0 NA NA NA NA NA NA 633 1005 0 NA NA NA NA NA NA 1346 7420 162 NA NA NA NA NA NA 789 2710 178 NA NA NA NA NA 
1743368400.0 145.207 NA 445 722 0 NA NA NA NA NA NA 623 1010 0 NA NA NA NA NA NA 1049 5390 164 NA NA NA NA NA NA 581 2388 180 NA NA NA NA NA 
1743368400.0 145.208 NA 450 724 0 NA NA NA NA NA NA 616 1003 0 NA NA NA NA NA NA 1402 7314 162 NA NA NA NA NA NA 699 2747 184 NA NA NA NA NA 
1743368400.0 145.209 NA 451 751 0 NA NA NA NA NA NA 639 1021 0 NA NA NA NA NA NA 1402 9046 162 NA NA NA NA NA NA 698 3170 179 NA NA NA NA NA 
1743368400.0 145.21 NA 448 733 0 NA NA NA NA NA NA 637 1011 0 NA NA NA NA NA NA 1366 8077 163 NA NA NA NA NA NA 663 2958 181 NA NA NA NA NA 
1743368400.0 145.211 NA 438 720 0 NA NA NA NA NA NA 601 993 0 NA NA NA NA NA NA 1182 7008 161 NA NA NA NA NA NA 816 2804 179 NA NA NA NA NA 
1743368400.0 145.212 NA 445 730 0 NA NA NA NA NA NA 642 980 0 NA NA NA NA NA NA 1318 10219 171 NA NA NA NA NA NA 953 4012 194 NA NA NA NA NA 
1743368400.0 145.213 NA 459 722 0 NA NA NA NA NA NA 641 986 0 NA NA NA NA NA NA 1540 7521 170 NA NA NA NA NA NA 645 2966 188 NA NA NA NA NA 
1743368400.0 145.214 NA 439 737 0 NA NA NA NA NA NA 579 990 0 NA NA NA NA NA NA 1128 5614 165 NA NA NA NA NA NA 814 2429 226 NA NA NA NA NA 
1743368400.0 145.3 NA 447 717 0 NA NA NA NA NA NA 611 967 0 NA NA NA NA NA NA 1290 7392 164 NA NA NA NA NA NA 766 2751 187 NA NA NA NA NA 
1743368400.0 145.301 NA 450 727 0 NA NA NA NA NA NA 624 968 0 NA NA NA NA NA NA 1335 7199 160 NA NA NA NA NA NA 706 2682 184 NA NA NA NA NA 
1743368400.0 145.302 NA 444 713 0 NA NA NA NA NA NA 611 999 0 NA NA NA NA NA NA 1461 8160 176 NA NA NA NA NA NA 771 3238 195 NA NA NA NA NA 
1743368400.0 145.303 NA 444 732 0 NA NA NA NA NA NA 613 981 0 NA NA NA NA NA NA 1598 6712 168 NA NA NA NA NA NA 921 2687 201 NA NA NA NA NA 
1743368400.0 145.304 NA 454 730 0 NA NA NA NA NA NA 629 1022 0 NA NA NA NA NA NA 1314 7948 163 NA NA NA NA NA NA 632 2905 184 NA NA NA NA NA 
1743368400.0 145.305 NA 443 714 0 NA NA NA NA NA NA 585 997 0 NA NA NA NA NA NA 1500 6726 167 NA NA NA NA NA NA 622 2688 190 NA NA NA NA NA 
1743368400.0 145.306 NA 450 722 0 NA NA NA NA NA NA 634 964 0 NA NA NA NA NA NA 1708 7604 178 NA NA NA NA NA NA 794 2927 200 NA NA NA NA NA 
1743368400.0 145.307 NA 436 714 0 NA NA NA NA NA NA 599 973 0 NA NA NA NA NA NA 912 4299 160 NA NA NA NA NA NA 992 2047 178 NA NA NA NA NA 
1743368400.0 145.308 NA 443 714 0 NA NA NA NA NA NA 598 969 0 NA NA NA NA NA NA 1816 6772 165 NA NA NA NA NA NA 752 2762 181 NA NA NA NA NA 
1743368400.0 145.309 NA 449 714 0 NA NA NA NA NA NA 643 1008 0 NA NA NA NA NA NA 1359 9025 168 NA NA NA NA NA NA 1109 3913 189 NA NA NA NA NA 
1743368400.0 145.31 NA 447 728 0 NA NA NA NA NA NA 646 1025 0 NA NA NA NA NA NA 1435 9013 177 NA NA NA NA NA NA 1030 3822 197 NA NA NA NA NA 
1743368400.0 145.311 NA 439 706 0 NA NA NA NA NA NA 606 963 0 NA NA NA NA NA NA 1494 6295 162 NA NA NA NA NA NA 766 2563 192 NA NA NA NA NA 
1743368400.0 145.312 NA 443 720 0 NA NA NA NA NA NA 624 973 0 NA NA NA NA NA NA 1265 8595 177 NA NA NA NA NA NA 1108 3406 197 NA NA NA NA NA 
1743368400.0 145.313 NA 448 710 0 NA NA NA NA NA NA 616 971 0 NA NA NA NA NA NA 1467 6930 171 NA NA NA NA NA NA 691 2710 194 NA NA NA NA NA 
1743368400.0 145.314 NA 441 718 0 NA NA NA NA NA NA 613 995 0 NA NA NA NA NA NA 1185 6264 171 NA NA NA NA NA NA 650 3156 185 NA NA NA NA NA 
1743368400.0 145.4 NA 458 762 0 NA NA NA NA NA NA 639 996 0 NA NA NA NA NA NA 1538 10016 163 NA NA NA NA NA NA 655 3617 185 NA NA NA NA NA 
1743368400.0 145.401 NA 464 751 0 NA NA NA NA NA NA 646 1049 0 NA NA NA NA NA NA 1651 10891 162 NA NA NA NA NA NA 894 3958 189 NA NA NA NA NA 
1743368400.0 145.402 NA 463 755 0 NA NA NA NA NA NA 630 1017 0 NA NA NA NA NA NA 1461 9406 161 NA NA NA NA NA NA 632 3281 181 NA NA NA NA NA 
1743368400.0 145.403 NA 454 759 0 NA NA NA NA NA NA 627 1007 0 NA NA NA NA NA NA 1581 9424 162 NA NA NA NA NA NA 739 3441 181 NA NA NA NA NA 
1743368400.0 145.404 NA 455 743 0 NA NA NA NA NA NA 650 1113 0 NA NA NA NA NA NA 1464 11138 160 NA NA NA NA NA NA 864 3996 181 NA NA NA NA NA 
1743368400.0 145.405 NA 459 752 0 NA NA NA NA NA NA 621 1043 0 NA NA NA NA NA NA 1551 9793 163 NA NA NA NA NA NA 641 3451 195 NA NA NA NA NA 
1743368400.0 145.406 NA 472 755 0 NA NA NA NA NA NA 641 1017 0 NA NA NA NA NA NA 1590 10018 163 NA NA NA NA NA NA 741 3541 195 NA NA NA NA NA 
1743368400.0 145.407 NA 447 736 0 NA NA NA NA NA NA 599 990 0 NA NA NA NA NA NA 1423 9185 168 NA NA NA NA NA NA 702 3800 188 NA NA NA NA NA 
1743368400.0 145.408 NA 446 740 0 NA NA NA NA NA NA 609 1050 0 NA NA NA NA NA NA 1699 9524 163 NA NA NA NA NA NA 853 3382 183 NA NA NA NA NA 
1743368400.0 145.409 NA 461 761 0 NA NA NA NA NA NA 649 1032 0 NA NA NA NA NA NA 1631 11716 162 NA NA NA NA NA NA 1185 4292 193 NA NA NA NA NA 
1743368400.0 145.41 NA 467 744 0 NA NA NA NA NA NA 662 1069 0 NA NA NA NA NA NA 1584 10480 161 NA NA NA NA NA NA 706 3636 180 NA NA NA NA NA 
1743368400.0 145.411 NA 449 738 0 NA NA NA NA NA NA 616 986 0 NA NA NA NA NA NA 1411 10513 173 NA NA NA NA NA NA 1240 4083 196 NA NA NA NA NA 
1743368400.0 145.412 NA 460 741 0 NA NA NA NA NA NA 640 1062 0 NA NA NA NA NA NA 1386 10326 165 NA NA NA NA NA NA 694 3717 189 NA NA NA NA NA 
1743368400.0 145.413 NA 466 745 0 NA NA NA NA NA NA 635 1035 0 NA NA NA NA NA NA 1417 9567 161 NA NA NA NA NA NA 598 3420 179 NA NA NA NA NA 
1743368400.0 145.414 NA 441 758 0 NA NA NA NA NA NA 576 1004 0 NA NA NA NA NA NA 1403 6637 164 NA NA NA NA NA NA 844 2661 195 NA NA NA NA NA 
1743368400.0 145.415 429 679 0 NA NA NA NA NA NA 580 891 0 NA NA NA NA NA NA 403 1757 158 NA NA NA NA NA NA 418 1494 171 NA NA NA NA NA NA 
1743368400.0 145.5 NA 460 753 0 NA NA NA NA NA NA 638 1044 0 NA NA NA NA NA NA 1593 10413 162 NA NA NA NA NA NA 659 3605 184 NA NA NA NA NA 
1743368400.0 145.501 NA 465 715 0 NA NA NA NA NA NA 650 1064 0 NA NA NA NA NA NA 1775 11042 162 NA NA NA NA NA NA 973 3986 181 NA NA NA NA NA 
1743368400.0 145.502 NA 463 758 0 NA NA NA NA NA NA 632 1039 0 NA NA NA NA NA NA 1527 9836 166 NA NA NA NA NA NA 731 3492 223 NA NA NA NA NA 
1743368400.0 145.503 NA 455 737 0 NA NA NA NA NA NA 638 1040 0 NA NA NA NA NA NA 1636 9635 162 NA NA NA NA NA NA 786 3460 200 NA NA NA NA NA 
1743368400.0 145.504 NA 460 754 0 NA NA NA NA NA NA 650 1000 0 NA NA NA NA NA NA 1513 10070 164 NA NA NA NA NA NA 687 3541 194 NA NA NA NA NA 
1743368400.0 145.505 NA 459 744 0 NA NA NA NA NA NA 640 984 0 NA NA NA NA NA NA 1584 9172 161 NA NA NA NA NA NA 778 3187 182 NA NA NA NA NA 
1743368400.0 145.506 NA 468 746 0 NA NA NA NA NA NA 646 1029 0 NA NA NA NA NA NA 1606 10006 164 NA NA NA NA NA NA 652 3610 196 NA NA NA NA NA 
1743368400.0 145.507 NA 456 735 0 NA NA NA NA NA NA 600 1022 0 NA NA NA NA NA NA 1614 7597 170 NA NA NA NA NA NA 796 2886 191 NA NA NA NA NA 
1743368400.0 145.508 NA 453 748 0 NA NA NA NA NA NA 597 1046 0 NA NA NA NA NA NA 1636 9106 162 NA NA NA NA NA NA 697 3186 184 NA NA NA NA NA 
1743368400.0 145.509 NA 467 749 0 NA NA NA NA NA NA 627 1014 0 NA NA NA NA NA NA 1627 10688 162 NA NA NA NA NA NA 743 3720 188 NA NA NA NA NA 
1743368400.0 145.51 NA 462 745 0 NA NA NA NA NA NA 663 1027 0 NA NA NA NA NA NA 1721 11188 160 NA NA NA NA NA NA 994 4039 185 NA NA NA NA NA 
1743368400.0 145.511 NA 447 745 0 NA NA NA NA NA NA 593 996 0 NA NA NA NA NA NA 1410 9204 160 NA NA NA NA NA NA 664 3214 178 NA NA NA NA NA 
1743368400.0 145.512 NA 455 758 0 NA NA NA NA NA NA 633 1044 0 NA NA NA NA NA NA 1436 9938 162 NA NA NA NA NA NA 618 3483 180 NA NA NA NA NA 
1743368400.0 145.513 NA 464 741 0 NA NA NA NA NA NA 640 1047 0 NA NA NA NA NA NA 1595 9676 162 NA NA NA NA NA NA 819 3503 194 NA NA NA NA NA 
1743368400.0 145.514 NA 441 762 0 NA NA NA NA NA NA 598 1005 0 NA NA NA NA NA NA 1496 6648 168 NA NA NA NA NA NA 713 2786 179 NA NA NA NA NA 
1743368400.0 145.6 NA 458 752 0 NA NA NA NA NA NA 645 1062 0 NA NA NA NA NA NA 1542 10237 162 NA NA NA NA NA NA 684 3554 187 NA NA NA NA NA 
1743368400.0 145.601 NA 465 757 0 NA NA NA NA NA NA 664 1115 0 NA NA NA NA NA NA 1793 11234 163 NA NA NA NA NA NA 1074 4067 191 NA NA NA NA NA 
1743368400.0 145.602 NA 465 750 0 NA NA NA NA NA NA 646 1021 0 NA NA NA NA NA NA 1476 9852 159 NA NA NA NA NA NA 638 3535 175 NA NA NA NA NA 
1743368400.0 145.603 NA 453 745 0 NA NA NA NA NA NA 623 1006 0 NA NA NA NA NA NA 1533 9006 165 NA NA NA NA NA NA 654 3189 183 NA NA NA NA NA 
1743368400.0 145.604 NA 463 733 0 NA NA NA NA NA NA 632 1027 0 NA NA NA NA NA NA 1515 10628 166 NA NA NA NA NA NA 735 3808 189 NA NA NA NA NA 
1743368400.0 145.605 NA 454 740 0 NA NA NA NA NA NA 625 995 0 NA NA NA NA NA NA 1609 9309 161 NA NA NA NA NA NA 766 3310 181 NA NA NA NA NA 
1743368400.0 145.606 NA 453 725 0 NA NA NA NA NA NA 625 1031 0 NA NA NA NA NA NA 1637 11153 170 NA NA NA NA NA NA 1059 4305 185 NA NA NA NA NA 
1743368400.0 145.607 NA 446 730 0 NA NA NA NA NA NA 609 976 0 NA NA NA NA NA NA 1162 6658 160 NA NA NA NA NA NA 667 2706 177 NA NA NA NA NA 
1743368400.0 145.608 NA 458 753 0 NA NA NA NA NA NA 623 970 0 NA NA NA NA NA NA 1658 9378 164 NA NA NA NA NA NA 697 3366 200 NA NA NA NA NA 
1743368400.0 145.609 NA 464 703 0 NA NA NA NA NA NA 636 996 0 NA NA NA NA NA NA 1550 10113 160 NA NA NA NA NA NA 731 3671 178 NA NA NA NA NA 
1743368400.0 145.61 NA 470 753 0 NA NA NA NA NA NA 641 1028 0 NA NA NA NA NA NA 1668 10284 164 NA NA NA NA NA NA 686 3495 183 NA NA NA NA NA 
1743368400.0 145.611 NA 445 733 0 NA NA NA NA NA NA 606 965 0 NA NA NA NA NA NA 1683 10658 176 NA NA NA NA NA NA 869 4229 194 NA NA NA NA NA 
1743368400.0 145.612 NA 464 750 0 NA NA NA NA NA NA 668 1027 0 NA NA NA NA NA NA 1464 10160 163 NA NA NA NA NA NA 731 3565 197 NA NA NA NA NA 
1743368400.0 145.613 NA 455 745 0 NA NA NA NA NA NA 650 1024 0 NA NA NA NA NA NA 1487 9516 162 NA NA NA NA NA NA 784 3466 177 NA NA NA NA NA 
1743368400.0 145.614 NA 446 750 0 NA NA NA NA NA NA 608 990 0 NA NA NA NA NA NA 1537 6853 166 NA NA NA NA NA NA 807 2808 222 NA NA NA NA NA 
1743368400.0 145.7 NA 458 751 0 NA NA NA NA NA NA 632 1057 0 NA NA NA NA NA NA 1562 10900 163 NA NA NA NA NA NA 883 4012 183 NA NA NA NA NA 
1743368400.0 145.701 NA 464 762 0 NA NA NA NA NA NA 649 1028 0 NA NA NA NA NA NA 1769 11493 163 NA NA NA NA NA NA 1070 4004 206 NA NA NA NA NA 
1743368400.0 145.702 NA 458 753 0 NA NA NA NA NA NA 637 982 0 NA NA NA NA NA NA 1577 9717 162 NA NA NA NA NA NA 828 3491 193 NA NA NA NA NA 
1743368400.0 145.703 NA 462 746 0 NA NA NA NA NA NA 638 1001 0 NA NA NA NA NA NA 1607 10216 162 NA NA NA NA NA NA 648 3650 195 NA NA NA NA NA 
1743368400.0 145.704 NA 468 775 0 NA NA NA NA NA NA 653 1066 0 NA NA NA NA NA NA 1654 12189 163 NA NA NA NA NA NA 1199 4626 206 NA NA NA NA NA 
1743368400.0 145.705 NA 446 753 0 NA NA NA NA NA NA 634 1028 0 NA NA NA NA NA NA 1566 10030 161 NA NA NA NA NA NA 776 3714 185 NA NA NA NA NA 
1743368400.0 145.706 NA 465 744 0 NA NA NA NA NA NA 643 1004 0 NA NA NA NA NA NA 1643 10687 167 NA NA NA NA NA NA 754 4090 185 NA NA NA NA NA 
1743368400.0 145.707 NA 456 746 0 NA NA NA NA NA NA 604 1008 0 NA NA NA NA NA NA 1227 7458 163 NA NA NA NA NA NA 632 2794 238 NA NA NA NA NA 
1743368400.0 145.708 NA 452 737 0 NA NA NA NA NA NA 610 978 0 NA NA NA NA NA NA 1618 9237 159 NA NA NA NA NA NA 685 3365 177 NA NA NA NA NA 
1743368400.0 145.709 NA 466 760 0 NA NA NA NA NA NA 636 1047 0 NA NA NA NA NA NA 1540 10636 163 NA NA NA NA NA NA 731 3650 183 NA NA NA NA NA 
1743368400.0 145.71 NA 469 757 0 NA NA NA NA NA NA 648 1061 0 NA NA NA NA NA NA 1732 11903 163 NA NA NA NA NA NA 977 4263 210 NA NA NA NA NA 
1743368400.0 145.711 NA 448 703 0 NA NA NA NA NA NA 615 1001 0 NA NA NA NA NA NA 1442 10150 161 NA NA NA NA NA NA 732 3730 178 NA NA NA NA NA 
1743368400.0 145.712 NA 462 746 0 NA NA NA NA NA NA 639 1060 0 NA NA NA NA NA NA 1508 11006 161 NA NA NA NA NA NA 978 3947 182 NA NA NA NA NA 
1743368400.0 145.713 NA 457 735 0 NA NA NA NA NA NA 651 1025 0 NA NA NA NA NA NA 1503 10000 163 NA NA NA NA NA NA 711 3607 185 NA NA NA NA NA 
1743368400.0 145.714 NA 439 752 0 NA NA NA NA NA NA 626 1008 0 NA NA NA NA NA NA 1335 9130 167 NA NA NA NA NA NA 1235 3782 199 NA NA NA NA NA 
1743368400.0 148.0 132 301 541 0 NA NA NA NA NA 185 391 747 0 NA NA NA NA NA 931 284 832 184 NA NA NA NA NA 1479 325 985 258 NA NA NA NA NA 
1743368400.0 149.0 126 292 529 0 NA NA NA NA NA 181 390 771 0 NA NA NA NA NA 381 364 732 175 NA NA NA NA NA 318 303 1012 195 NA NA NA NA NA 
1743368400.0 149.1 136 275 545 0 NA NA NA NA NA 180 382 760 0 NA NA NA NA NA 498 166 757 173 NA NA NA NA NA 445 151 762 201 NA NA NA NA NA 
1743368400.0 15.0 NA 209 412 0 NA NA NA NA NA NA 295 563 0 NA NA NA NA NA NA 613 926 149 NA NA NA NA NA NA 287 756 169 NA NA NA NA NA 
1743368400.0 158.0 131 268 529 133 0 NA NA NA NA 186 363 755 198 0 NA NA NA NA 985 183 792 134 190 NA NA NA NA 1357 193 734 159 236 NA NA NA NA 
1743368400.0 158.1 NA 308 510 0 NA NA NA NA NA NA 413 762 0 NA NA NA NA NA NA 316 969 204 NA NA NA NA NA NA 252 993 224 NA NA NA NA NA 
1743368400.0 158.2 NA 304 540 0 NA NA NA NA NA NA 400 736 0 NA NA NA NA NA NA 285 880 192 NA NA NA NA NA NA 237 917 213 NA NA NA NA NA 
1743368400.0 158.3 NA 305 540 0 NA NA NA NA NA NA 412 740 0 NA NA NA NA NA NA 297 904 203 NA NA NA NA NA NA 233 803 226 NA NA NA NA NA 
1743368400.0 158.5 165 408 659 140 0 NA NA NA NA 304 555 868 212 0 NA NA NA NA 6350 568 4663 129 195 NA NA NA NA 9894 757 2109 170 262 NA NA NA NA 
1743368400.0 159.0 140 261 504 133 0 NA NA NA NA 188 341 703 202 0 NA NA NA NA 962 165 644 121 181 NA NA NA NA 1084 171 561 141 210 NA NA NA NA 
1743368400.0 159.01 NA 219 0 NA NA NA NA NA NA NA 301 0 NA NA NA NA NA NA NA 685 65 NA NA NA NA NA NA NA 577 84 NA NA NA NA NA NA 
1743368400.0 159.02 139 262 156 502 135 0 NA NA NA 182 354 209 684 202 0 NA NA NA 995 157 124 640 118 180 NA NA NA 1289 145 154 590 137 219 NA NA NA 
1743368400.0 159.03 163 358 223 347 209 NA NA NA NA 292 483 312 492 279 NA NA NA NA 5493 534 149 414 219 NA NA NA NA 8659 752 206 421 260 NA NA NA NA 
1743368400.0 159.1 142 295 522 0 NA NA NA NA NA 186 396 716 0 NA NA NA NA NA 1053 231 662 177 NA NA NA NA NA 668 176 593 197 NA NA NA NA NA 
1743368400.0 159.2 139 294 516 0 NA NA NA NA NA 183 384 696 0 NA NA NA NA NA 969 242 727 191 NA NA NA NA NA 567 167 693 211 NA NA NA NA NA 
1743368400.0 159.3 141 296 509 0 NA NA NA NA NA 184 383 706 0 NA NA NA NA NA 785 207 625 181 NA NA NA NA NA 493 156 783 205 NA NA NA NA NA 
1743368400.0 159.4 138 296 519 0 NA NA NA NA NA 182 392 718 0 NA NA NA NA NA 1069 243 793 186 NA NA NA NA NA 650 177 709 203 NA NA NA NA NA 
1743368400.0 16.0 NA 222 430 0 NA NA NA NA NA NA 306 583 0 NA NA NA NA NA NA 626 1108 158 NA NA NA NA NA NA 293 852 191 NA NA NA NA NA 
1743368400.0 160.0 133 267 485 135 0 NA NA NA NA 177 366 687 203 0 NA NA NA NA 722 178 639 118 181 NA NA NA NA 710 169 633 142 210 NA NA NA NA 
1743368400.0 160.02 134 266 147 503 134 0 NA NA NA 180 368 193 684 199 0 NA NA NA 702 168 125 604 116 178 NA NA NA 665 155 148 618 135 213 NA NA NA 
1743368400.0 160.03 94 253 138 312 196 NA NA NA NA 171 352 184 463 263 NA NA NA NA 541 187 148 260 177 NA NA NA NA 627 227 181 277 224 NA NA NA NA 
1743368400.0 160.1 140 327 511 0 NA NA NA NA NA 179 432 728 0 NA NA NA NA NA 891 293 646 178 NA NA NA NA NA 509 190 744 200 NA NA NA NA NA 
1743368400.0 160.2 138 320 530 0 NA NA NA NA NA 181 425 742 0 NA NA NA NA NA 723 286 608 176 NA NA NA NA NA 495 174 751 194 NA NA NA NA NA 
1743368400.0 160.3 137 318 529 0 NA NA NA NA NA 188 406 690 0 NA NA NA NA NA 632 341 787 185 NA NA NA NA NA 632 246 677 216 NA NA NA NA NA 
1743368400.0 160.4 136 318 527 0 NA NA NA NA NA 177 431 719 0 NA NA NA NA NA 766 307 661 179 NA NA NA NA NA 699 178 706 196 NA NA NA NA NA 
1743368400.0 160.401 123 254 137 496 189 NA NA NA NA 168 356 179 647 266 NA NA NA NA 434 162 124 561 156 NA NA NA NA 449 166 150 520 168 NA NA NA NA 
1743368400.0 161.0 133 358 570 134 0 NA NA NA NA 179 550 763 200 0 NA NA NA NA 729 234 777 115 218 NA NA NA NA 843 211 727 129 244 NA NA NA NA 
1743368400.0 161.02 132 357 164 561 135 0 NA NA NA 174 546 204 756 197 0 NA NA NA 729 236 124 805 119 208 NA NA NA 950 217 146 772 140 222 NA NA NA 
1743368400.0 161.03 123 320 154 316 199 NA NA NA NA 168 457 206 483 275 NA NA NA NA 443 236 163 265 183 NA NA NA NA 433 272 205 281 220 NA NA NA NA 
1743368400.0 161.1 139 442 586 0 NA NA NA NA NA 181 811 778 0 NA NA NA NA NA 892 352 856 217 NA NA NA NA NA 546 240 853 232 NA NA NA NA NA 
1743368400.0 161.2 137 458 585 0 NA NA NA NA NA 182 694 793 0 NA NA NA NA NA 685 348 863 216 NA NA NA NA NA 517 262 772 230 NA NA NA NA NA 
1743368400.0 161.3 138 423 588 0 NA NA NA NA NA 182 692 806 0 NA NA NA NA NA 633 321 847 215 NA NA NA NA NA 552 284 770 227 NA NA NA NA NA 
1743368400.0 161.4 137 514 569 0 NA NA NA NA NA 183 910 776 0 NA NA NA NA NA 699 326 797 207 NA NA NA NA NA 554 228 962 248 NA NA NA NA NA 
1743368400.0 16434.0 NA 662 0 NA NA NA NA NA NA NA 867 0 NA NA NA NA NA NA NA 2165 133 NA NA NA NA NA NA NA 1106 151 NA NA NA NA NA NA 
1743368400.0 16634.0 NA 844 0 NA NA NA NA NA NA NA 1124 0 NA NA NA NA NA NA NA 2181 120 NA NA NA NA NA NA NA 1160 138 NA NA NA NA NA NA 
1743368400.0 16834.0 NA 499 693 0 174 NA NA NA NA NA 632 927 0 250 NA NA NA NA NA 551 1298 255 164 NA NA NA NA NA 384 1238 277 173 NA NA NA NA 
1743368400.0 17.0 NA 221 420 0 NA NA NA NA NA NA 310 592 0 NA NA NA NA NA NA 610 962 149 NA NA NA NA NA NA 287 775 176 NA NA NA NA NA 
1743368400.0 17034.0 NA 852 1207 0 NA NA NA NA NA NA 1127 1622 0 NA NA NA NA NA NA 3029 4026 278 NA NA NA NA NA NA 1275 2205 326 NA NA NA NA NA 
1743368400.0 18.0 NA 209 413 0 NA NA NA NA NA NA 283 554 0 NA NA NA NA NA NA 606 893 145 NA NA NA NA NA NA 367 755 160 NA NA NA NA NA 
1743368400.0 180.0 128 318 556 136 0 NA NA NA NA 175 426 807 206 0 NA NA NA NA 451 287 725 115 174 NA NA NA NA 434 165 659 128 192 NA NA NA NA 
1743368400.0 180.1 132 313 547 136 0 NA NA NA NA 200 414 750 200 0 NA NA NA NA 3027 284 720 115 173 NA NA NA NA 1266 158 651 189 212 NA NA NA NA 
1743368400.0 181.0 128 390 613 136 0 NA NA NA NA 170 606 834 198 0 NA NA NA NA 450 311 948 124 213 NA NA NA NA 437 226 878 154 229 NA NA NA NA 
1743368400.0 181.1 131 384 611 136 0 NA NA NA NA 198 513 820 198 0 NA NA NA NA 3040 311 956 122 215 NA NA NA NA 1132 232 987 146 248 NA NA NA NA 
1743368400.0 182.0 128 388 612 136 0 NA NA NA NA 174 606 821 199 0 NA NA NA NA 462 312 939 121 204 NA NA NA NA 418 223 901 133 220 NA NA NA NA 
1743368400.0 182.1 131 383 611 137 0 NA NA NA NA 200 509 789 203 0 NA NA NA NA 3070 309 971 124 218 NA NA NA NA 1153 250 988 174 236 NA NA NA NA 
1743368400.0 19.0 NA 208 412 0 NA NA NA NA NA NA 297 552 0 NA NA NA NA NA NA 602 940 147 NA NA NA NA NA NA 284 787 162 NA NA NA NA NA 
1743368400.0 2.0 156 210 337 NA NA NA NA NA NA 244 292 468 NA NA NA NA NA NA 1020 213 495 NA NA NA NA NA NA 448 168 438 NA NA NA NA NA NA 
1743368400.0 20.0 NA 209 413 0 NA NA NA NA NA NA 293 554 0 NA NA NA NA NA NA 620 1032 162 NA NA NA NA NA NA 283 768 176 NA NA NA NA NA 
1743368400.0 200.0 NA 280 440 0 NA NA NA NA NA NA 384 645 0 NA NA NA NA NA NA 347 937 157 NA NA NA NA NA NA 364 967 179 NA NA NA NA NA 
1743368400.0 2017.1 509 0 231 175 NA NA NA NA NA 654 0 333 268 NA NA NA NA NA 508 125 373 193 NA NA NA NA NA 526 147 387 221 NA NA NA NA NA 
1743368400.0 2017.11 519 0 236 177 NA NA NA NA NA 666 0 338 267 NA NA NA NA NA 620 143 343 201 NA NA NA NA NA 616 167 308 220 NA NA NA NA NA 
1743368400.0 2017.12 510 0 233 175 NA NA NA NA NA 676 0 334 268 NA NA NA NA NA 390 104 257 182 NA NA NA NA NA 445 152 281 253 NA NA NA NA NA 
1743368400.0 2017.13 533 0 NA NA NA NA NA NA NA 686 0 NA NA NA NA NA NA NA 409 154 NA NA NA NA NA NA NA 349 178 NA NA NA NA NA NA NA 
1743368400.0 2017.2 431 0 225 173 NA NA NA NA NA 589 0 322 260 NA NA NA NA NA 358 98 251 183 NA NA NA NA NA 415 153 316 252 NA NA NA NA NA 
1743368400.0 2017.3 441 0 225 176 NA NA NA NA NA 566 0 335 266 NA NA NA NA NA 429 113 333 195 NA NA NA NA NA 504 165 353 219 NA NA NA NA NA 
1743368400.0 2017.4 511 0 234 174 NA NA NA NA NA 647 0 334 257 NA NA NA NA NA 514 139 295 190 NA NA NA NA NA 457 156 316 211 NA NA NA NA NA 
1743368400.0 2017.5 501 0 228 174 NA NA NA NA NA 658 0 324 268 NA NA NA NA NA 512 119 367 191 NA NA NA NA NA 507 137 393 217 NA NA NA NA NA 
1743368400.0 2017.6 513 0 241 174 NA NA NA NA NA 654 0 329 260 NA NA NA NA NA 531 122 280 194 NA NA NA NA NA 495 136 291 215 NA NA NA NA NA 
1743368400.0 2017.7 463 0 230 175 NA NA NA NA NA 646 0 339 270 NA NA NA NA NA 533 126 325 197 NA NA NA NA NA 610 143 338 218 NA NA NA NA NA 
1743368400.0 2017.8 223 NA NA NA NA NA NA NA NA 328 NA NA NA NA NA NA NA NA 343 NA NA NA NA NA NA NA NA 229 NA NA NA NA NA NA NA NA 
1743368400.0 2017.9 505 0 232 175 NA NA NA NA NA 665 0 331 268 NA NA NA NA NA 404 119 262 191 NA NA NA NA NA 551 150 284 217 NA NA NA NA NA 
1743368400.0 2018.1 512 0 229 182 NA NA NA NA NA 685 0 324 263 NA NA NA NA NA 428 106 272 191 NA NA NA NA NA 491 141 343 256 NA NA NA NA NA 
1743368400.0 2018.11 517 0 233 180 NA NA NA NA NA 668 0 342 267 NA NA NA NA NA 488 112 344 193 NA NA NA NA NA 513 149 391 267 NA NA NA NA NA 
1743368400.0 2018.12 502 0 228 179 NA NA NA NA NA 631 0 335 263 NA NA NA NA NA 537 129 351 198 NA NA NA NA NA 545 147 365 224 NA NA NA NA NA 
1743368400.0 2018.13 535 0 NA NA NA NA NA NA NA 670 0 NA NA NA NA NA NA NA 411 154 NA NA NA NA NA NA NA 331 168 NA NA NA NA NA NA NA 
1743368400.0 2018.2 433 0 234 181 NA NA NA NA NA 559 0 319 266 NA NA NA NA NA 440 123 253 197 NA NA NA NA NA 446 145 279 243 NA NA NA NA NA 
1743368400.0 2018.3 439 0 229 178 NA NA NA NA NA 593 0 326 269 NA NA NA NA NA 449 114 260 203 NA NA NA NA NA 485 158 285 233 NA NA NA NA NA 
1743368400.0 2018.4 509 0 227 177 NA NA NA NA NA 649 0 325 268 NA NA NA NA NA 522 123 376 196 NA NA NA NA NA 475 144 403 223 NA NA NA NA NA 
1743368400.0 2018.5 500 0 225 178 NA NA NA NA NA 637 0 330 262 NA NA NA NA NA 491 126 326 201 NA NA NA NA NA 537 147 345 224 NA NA NA NA NA 
1743368400.0 2018.6 514 0 229 178 NA NA NA NA NA 668 0 324 269 NA NA NA NA NA 424 109 274 189 NA NA NA NA NA 461 146 347 292 NA NA NA NA NA 
1743368400.0 2018.7 509 0 227 176 NA NA NA NA NA 677 0 324 264 NA NA NA NA NA 540 153 264 202 NA NA NA NA NA 571 174 280 224 NA NA NA NA NA 
1743368400.0 2018.8 221 NA NA NA NA NA NA NA NA 329 NA NA NA NA NA NA NA NA 341 NA NA NA NA NA NA NA NA 228 NA NA NA NA NA NA NA NA 
1743368400.0 2018.9 508 0 227 177 NA NA NA NA NA 649 0 345 266 NA NA NA NA NA 383 100 248 184 NA NA NA NA NA 501 137 293 262 NA NA NA NA NA 
1743368400.0 202.0 NA 287 517 0 NA NA NA NA NA NA 388 679 0 NA NA NA NA NA NA 362 1009 160 NA NA NA NA NA NA 405 864 177 NA NA NA NA NA 
1743368400.0 203.0 NA 297 512 0 NA NA NA NA NA NA 398 667 0 NA NA NA NA NA NA 406 1064 160 NA NA NA NA NA NA 367 871 185 NA NA NA NA NA 
1743368400.0 204.0 149 276 486 0 NA NA NA NA NA 234 383 658 0 NA NA NA NA NA 688 320 922 160 NA NA NA NA NA 334 305 864 171 NA NA NA NA NA 
1743368400.0 205.0 NA 287 506 0 NA NA NA NA NA NA 385 669 0 NA NA NA NA NA NA 387 1034 158 NA NA NA NA NA NA 352 896 171 NA NA NA NA NA 
1743368400.0 21.0 NA 208 412 0 NA NA NA NA NA NA 295 577 0 NA NA NA NA NA NA 627 1106 166 NA NA NA NA NA NA 368 947 184 NA NA NA NA NA 
1743368400.0 22.0 NA 222 425 0 NA NA NA NA NA NA 312 611 0 NA NA NA NA NA NA 626 1151 158 NA NA NA NA NA NA 299 899 183 NA NA NA NA NA 
1743368400.0 23.0 NA 238 436 0 NA NA NA NA NA NA 321 619 0 NA NA NA NA NA NA 685 1215 182 NA NA NA NA NA NA 299 853 215 NA NA NA NA NA 
1743368400.0 23634.0 NA 633 689 0 247 NA NA NA NA NA 844 840 0 337 NA NA NA NA NA 796 1125 239 344 NA NA NA NA NA 448 908 263 328 NA NA NA NA 
1743368400.0 24.0 NA 239 456 0 NA NA NA NA NA NA 334 634 0 NA NA NA NA NA NA 747 1530 178 NA NA NA NA NA NA 324 856 203 NA NA NA NA NA 
1743368400.0 24034.0 NA 540 646 0 244 NA NA NA NA NA 708 829 0 337 NA NA NA NA NA 704 1122 227 340 NA NA NA NA NA 384 848 256 321 NA NA NA NA 
1743368400.0 24834.0 NA 645 689 0 249 NA NA NA NA NA 830 896 0 341 NA NA NA NA NA 804 1128 237 355 NA NA NA NA NA 448 947 250 346 NA NA NA NA 
1743368400.0 24834.911 141 619 682 0 249 NA NA NA NA 229 812 889 0 353 NA NA NA NA 4063 2266 2458 664 357 NA NA NA NA 3239 1999 1854 834 395 NA NA NA NA 
1743368400.0 25.0 NA 237 480 0 139 NA NA NA NA NA 333 626 0 208 NA NA NA NA NA 773 1789 179 141 NA NA NA NA NA 366 987 194 160 NA NA NA NA 
1743368400.0 2500.001 NA 271 0 NA NA NA NA NA NA NA 392 0 NA NA NA NA NA NA NA 14074 56 NA NA NA NA NA NA NA 4461 69 NA NA NA NA NA NA 
1743368400.0 2500.002 NA 319 0 NA NA NA NA NA NA NA 517 0 NA NA NA NA NA NA NA 15280 58 NA NA NA NA NA NA NA 5297 75 NA NA NA NA NA NA 
1743368400.0 2500.003 NA 316 0 NA NA NA NA NA NA NA 548 0 NA NA NA NA NA NA NA 14626 56 NA NA NA NA NA NA NA 4743 69 NA NA NA NA NA NA 
1743368400.0 2500.011 NA 278 0 NA NA NA NA NA NA NA 391 0 NA NA NA NA NA NA NA 8626 56 NA NA NA NA NA NA NA 2855 70 NA NA NA NA NA NA 
1743368400.0 2500.012 NA 296 0 NA NA NA NA NA NA NA 445 0 NA NA NA NA NA NA NA 15207 55 NA NA NA NA NA NA NA 5010 68 NA NA NA NA NA NA 
1743368400.0 2500.013 NA 289 0 NA NA NA NA NA NA NA 411 0 NA NA NA NA NA NA NA 12370 61 NA NA NA NA NA NA NA 4029 78 NA NA NA NA NA NA 
1743368400.0 2500.021 NA 275 197 0 NA NA NA NA NA NA 396 285 0 NA NA NA NA NA NA 1107 321 70 NA NA NA NA NA NA 983 336 96 NA NA NA NA NA 
1743368400.0 2500.022 NA 288 197 0 NA NA NA NA NA NA 394 293 0 NA NA NA NA NA NA 861 320 60 NA NA NA NA NA NA 693 362 71 NA NA NA NA NA 
1743368400.0 2500.023 NA 277 191 0 NA NA NA NA NA NA 385 281 0 NA NA NA NA NA NA 1062 313 66 NA NA NA NA NA NA 891 311 85 NA NA NA NA NA 
1743368400.0 2500.024 NA 301 204 0 NA NA NA NA NA NA 401 295 0 NA NA NA NA NA NA 1269 338 70 NA NA NA NA NA NA 724 316 122 NA NA NA NA NA 
1743368400.0 2500.031 NA 293 185 0 NA NA NA NA NA NA 403 252 0 NA NA NA NA NA NA 873 301 57 NA NA NA NA NA NA 609 342 71 NA NA NA NA NA 
1743368400.0 2500.032 NA 288 184 0 NA NA NA NA NA NA 402 262 0 NA NA NA NA NA NA 890 290 58 NA NA NA NA NA NA 644 382 71 NA NA NA NA NA 
1743368400.0 2500.033 NA 297 186 0 NA NA NA NA NA NA 423 249 0 NA NA NA NA NA NA 913 302 57 NA NA NA NA NA NA 678 322 72 NA NA NA NA NA 
1743368400.0 2500.034 NA 299 189 0 NA NA NA NA NA NA 407 257 0 NA NA NA NA NA NA 1098 307 63 NA NA NA NA NA NA 735 314 96 NA NA NA NA NA 
1743368400.0 2500.101 NA 281 0 NA NA NA NA NA NA NA 469 0 NA NA NA NA NA NA NA 6170 57 NA NA NA NA NA NA NA 2588 74 NA NA NA NA NA NA 
1743368400.0 2500.111 NA 247 0 NA NA NA NA NA NA NA 362 0 NA NA NA NA NA NA NA 3245 63 NA NA NA NA NA NA NA 1346 99 NA NA NA NA NA NA 
1743368400.0 2500.112 NA 251 0 NA NA NA NA NA NA NA 356 0 NA NA NA NA NA NA NA 561 55 NA NA NA NA NA NA NA 468 70 NA NA NA NA NA NA 
1743368400.0 2500.131 NA 153 NA NA NA NA NA NA NA NA 246 NA NA NA NA NA NA NA NA 2713 NA NA NA NA NA NA NA NA 907 NA NA NA NA NA NA NA 
1743368400.0 2500.201 NA 238 0 NA NA NA NA NA NA NA 381 0 NA NA NA NA NA NA NA 6405 57 NA NA NA NA NA NA NA 4122 71 NA NA NA NA NA NA 
1743368400.0 2500.211 NA 257 0 NA NA NA NA NA NA NA 416 0 NA NA NA NA NA NA NA 3758 56 NA NA NA NA NA NA NA 1452 69 NA NA NA NA NA NA 
1743368400.0 2500.212 NA 260 0 NA NA NA NA NA NA NA 361 0 NA NA NA NA NA NA NA 634 56 NA NA NA NA NA NA NA 477 73 NA NA NA NA NA NA 
1743368400.0 2500.221 NA 221 NA NA NA NA NA NA NA NA 333 NA NA NA NA NA NA NA NA 827 NA NA NA NA NA NA NA NA 482 NA NA NA NA NA NA NA 
1743368400.0 2500.222 NA 233 NA NA NA NA NA NA NA NA 338 NA NA NA NA NA NA NA NA 875 NA NA NA NA NA NA NA NA 464 NA NA NA NA NA NA NA 
1743368400.0 2500.223 NA 255 NA NA NA NA NA NA NA NA 375 NA NA NA NA NA NA NA NA 2045 NA NA NA NA NA NA NA NA 783 NA NA NA NA NA NA NA 
1743368400.0 2500.224 NA 253 NA NA NA NA NA NA NA NA 365 NA NA NA NA NA NA NA NA 7980 NA NA NA NA NA NA NA NA 2898 NA NA NA NA NA NA NA 
1743368400.0 2500.225 NA 278 NA NA NA NA NA NA NA NA 406 NA NA NA NA NA NA NA NA 8473 NA NA NA NA NA NA NA NA 3009 NA NA NA NA NA NA NA 
1743368400.0 2500.226 NA 233 NA NA NA NA NA NA NA NA 347 NA NA NA NA NA NA NA NA 846 NA NA NA NA NA NA NA NA 457 NA NA NA NA NA NA NA 
1743368400.0 2500.227 NA 148 NA NA NA NA NA NA NA NA 224 NA NA NA NA NA NA NA NA 3734 NA NA NA NA NA NA NA NA 1211 NA NA NA NA NA NA NA 
1743368400.0 2500.228 NA 248 NA NA NA NA NA NA NA NA 392 NA NA NA NA NA NA NA NA 9464 NA NA NA NA NA NA NA NA 4278 NA NA NA NA NA NA NA 
1743368400.0 2500.231 NA 242 NA NA NA NA NA NA NA NA 338 NA NA NA NA NA NA NA NA 597 NA NA NA NA NA NA NA NA 414 NA NA NA NA NA NA NA 
1743368400.0 2500.232 NA 250 NA NA NA NA NA NA NA NA 344 NA NA NA NA NA NA NA NA 627 NA NA NA NA NA NA NA NA 392 NA NA NA NA NA NA NA 
1743368400.0 2500.233 NA 270 NA NA NA NA NA NA NA NA 357 NA NA NA NA NA NA NA NA 1416 NA NA NA NA NA NA NA NA 566 NA NA NA NA NA NA NA 
1743368400.0 2500.234 NA 269 NA NA NA NA NA NA NA NA 362 NA NA NA NA NA NA NA NA 5992 NA NA NA NA NA NA NA NA 1711 NA NA NA NA NA NA NA 
1743368400.0 2500.235 NA 292 NA NA NA NA NA NA NA NA 417 NA NA NA NA NA NA NA NA 5985 NA NA NA NA NA NA NA NA 1741 NA NA NA NA NA NA NA 
1743368400.0 2500.236 NA 252 NA NA NA NA NA NA NA NA 340 NA NA NA NA NA NA NA NA 596 NA NA NA NA NA NA NA NA 406 NA NA NA NA NA NA NA 
1743368400.0 2500.237 NA 146 NA NA NA NA NA NA NA NA 237 NA NA NA NA NA NA NA NA 2879 NA NA NA NA NA NA NA NA 954 NA NA NA NA NA NA NA 
1743368400.0 2500.238 NA 263 NA NA NA NA NA NA NA NA 412 NA NA NA NA NA NA NA NA 5955 NA NA NA NA NA NA NA NA 2030 NA NA NA NA NA NA NA 
1743368400.0 2500.241 NA 228 NA NA NA NA NA NA NA NA 357 NA NA NA NA NA NA NA NA 214 NA NA NA NA NA NA NA NA 242 NA NA NA NA NA NA NA 
1743368400.0 2500.242 NA 175 NA NA NA NA NA NA NA NA 246 NA NA NA NA NA NA NA NA 686 NA NA NA NA NA NA NA NA 381 NA NA NA NA NA NA NA 
1743368400.0 2500.243 NA 107 NA NA NA NA NA NA NA NA 175 NA NA NA NA NA NA NA NA 115 NA NA NA NA NA NA NA NA 155 NA NA NA NA NA NA NA 
1743368400.0 2500.244 NA 183 NA NA NA NA NA NA NA NA 277 NA NA NA NA NA NA NA NA 1086 NA NA NA NA NA NA NA NA 541 NA NA NA NA NA NA NA 
1743368400.0 2500.245 NA 180 NA NA NA NA NA NA NA NA 272 NA NA NA NA NA NA NA NA 888 NA NA NA NA NA NA NA NA 448 NA NA NA NA NA NA NA 
1743368400.0 2500.251 NA 190 NA NA NA NA NA NA NA NA 286 NA NA NA NA NA NA NA NA 812 NA NA NA NA NA NA NA NA 477 NA NA NA NA NA NA NA 
1743368400.0 2500.301 NA 296 202 0 NA NA NA NA NA NA 399 300 0 NA NA NA NA NA NA 1144 311 63 NA NA NA NA NA NA 729 334 75 NA NA NA NA NA 
1743368400.0 2500.311 NA 292 191 0 NA NA NA NA NA NA 412 264 0 NA NA NA NA NA NA 1121 282 63 NA NA NA NA NA NA 813 282 79 NA NA NA NA NA 
1743368400.0 2500.901 NA 144 NA NA NA NA NA NA NA NA 232 NA NA NA NA NA NA NA NA 383 NA NA NA NA NA NA NA NA 326 NA NA NA NA NA NA NA 
1743368400.0 2500.902 NA 133 NA NA NA NA NA NA NA NA 222 NA NA NA NA NA NA NA NA 385 NA NA NA NA NA NA NA NA 316 NA NA NA NA NA NA NA 
1743368400.0 2500.911 90 108 NA NA NA NA NA NA NA 120 185 NA NA NA NA NA NA NA 88 106 NA NA NA NA NA NA NA 93 121 NA NA NA NA NA NA NA 
1743368400.0 2500.912 63 91 106 NA NA NA NA NA NA 103 122 187 NA NA NA NA NA NA 3571 105 112 NA NA NA NA NA NA 3015 104 127 NA NA NA NA NA NA 
1743368400.0 2500.913 63 91 107 NA NA NA NA NA NA 103 129 193 NA NA NA NA NA NA 433 104 108 NA NA NA NA NA NA 220 121 126 NA NA NA NA NA NA 
1743368400.0 250199.0 386 NA NA NA NA NA NA NA NA 542 NA NA NA NA NA NA NA NA 849 NA NA NA NA NA NA NA NA 531 NA NA NA NA NA NA NA NA 
1743368400.0 250199.17 392 NA NA NA NA NA NA NA NA 521 NA NA NA NA NA NA NA NA 936 NA NA NA NA NA NA NA NA 579 NA NA NA NA NA NA NA NA 
1743368400.0 250199.18 466 NA NA NA NA NA NA NA NA 677 NA NA NA NA NA NA NA NA 1366 NA NA NA NA NA NA NA NA 718 NA NA NA NA NA NA NA NA 
1743368400.0 250200.0 NA 477 567 0 NA NA NA NA NA NA 654 761 0 NA NA NA NA NA NA 2014 1080 154 NA NA NA NA NA NA 816 802 169 NA NA NA NA NA 
1743368400.0 250200.1 146 454 392 NA NA NA NA NA NA 209 613 554 NA NA NA NA NA NA 678 344 881 NA NA NA NA NA NA 340 366 667 NA NA NA NA NA NA 
1743368400.0 250200.117 132 535 416 NA NA NA NA NA NA 191 677 590 NA NA NA NA NA NA 762 744 675 NA NA NA NA NA NA 388 453 577 NA NA NA NA NA NA 
1743368400.0 250200.118 128 585 452 183 NA NA NA NA NA 183 800 614 271 NA NA NA NA NA 689 786 898 194 NA NA NA NA NA 364 458 803 241 NA NA NA NA NA 
1743368400.0 250200.17 NA 556 647 0 NA NA NA NA NA NA 732 847 0 NA NA NA NA NA NA 2595 1152 191 NA NA NA NA NA NA 1095 830 223 NA NA NA NA NA 
1743368400.0 250200.18 NA 608 685 0 NA NA NA NA NA NA 835 917 0 NA NA NA NA NA NA 3376 1424 189 NA NA NA NA NA NA 1419 1081 218 NA NA NA NA NA 
1743368400.0 250200.182 129 609 698 0 NA NA NA NA NA 190 836 940 0 NA NA NA NA NA 735 807 1381 191 NA NA NA NA NA 389 475 893 210 NA NA NA NA NA 
1743368400.0 250202.0 NA 487 577 0 NA NA NA NA NA NA 694 737 0 NA NA NA NA NA NA 2127 1085 157 NA NA NA NA NA NA 832 789 201 NA NA NA NA NA 
1743368400.0 250202.1 NA 380 474 578 0 NA NA NA NA NA 534 645 742 0 NA NA NA NA NA 951 2039 1152 158 NA NA NA NA NA 599 747 845 173 NA NA NA NA 
1743368400.0 250202.118 130 581 451 184 NA NA NA NA NA 186 779 637 272 NA NA NA NA NA 946 801 867 193 NA NA NA NA NA 439 491 782 236 NA NA NA NA NA 
1743368400.0 250202.17 NA 564 654 0 NA NA NA NA NA NA 778 867 0 NA NA NA NA NA NA 2811 1255 204 NA NA NA NA NA NA 1251 868 217 NA NA NA NA NA 
1743368400.0 250202.171 NA 391 556 662 0 NA NA NA NA NA 550 721 870 0 NA NA NA NA NA 1047 2522 1183 195 NA NA NA NA NA 794 835 821 262 NA NA NA NA 
1743368400.0 250202.172 NA 574 657 0 NA NA NA NA NA NA 799 874 0 NA NA NA NA NA NA 2786 1285 197 NA NA NA NA NA NA 1211 858 208 NA NA NA NA NA 
1743368400.0 250202.18 NA 607 711 0 NA NA NA NA NA NA 858 955 0 NA NA NA NA NA NA 3567 1522 196 NA NA NA NA NA NA 1520 881 215 NA NA NA NA NA 
1743368400.0 250202.181 NA 462 612 689 0 NA NA NA NA NA 650 851 916 0 NA NA NA NA NA 1820 3301 1461 202 NA NA NA NA NA 1036 1072 987 223 NA NA NA NA 
1743368400.0 250202.182 131 597 716 0 NA NA NA NA NA 193 831 981 0 NA NA NA NA NA 991 834 1533 199 NA NA NA NA NA 463 507 924 212 NA NA NA NA NA 
1743368400.0 250202.183 134 596 709 0 NA NA NA NA NA 194 805 1016 0 NA NA NA NA NA 1051 838 1709 257 NA NA NA NA NA 474 625 1055 270 NA NA NA NA NA 
1743368400.0 250202.184 NA 437 614 696 0 NA NA NA NA NA 632 857 938 0 NA NA NA NA NA 1738 3446 1516 202 NA NA NA NA NA 886 1151 1004 215 NA NA NA NA 
1743368400.0 250202.185 NA 426 618 697 0 NA NA NA NA NA 641 851 931 0 NA NA NA NA NA 1796 3501 1472 202 NA NA NA NA NA 859 1098 974 214 NA NA NA NA 
1743368400.0 250202.2 NA 483 570 0 NA NA NA NA NA NA 676 748 0 NA NA NA NA NA NA 4258 1109 152 NA NA NA NA NA NA 1495 844 170 NA NA NA NA NA 
1743368400.0 250202.3 NA 372 472 570 0 NA NA NA NA NA 552 632 757 0 NA NA NA NA NA 989 3906 1120 156 NA NA NA NA NA 969 1163 764 176 NA NA NA NA 
1743368400.0 250202.4 NA 485 565 0 NA NA NA NA NA NA 678 764 0 NA NA NA NA NA NA 4308 1111 155 NA NA NA NA NA NA 1495 799 166 NA NA NA NA NA 
1743368400.0 250202.5 NA 374 473 574 0 NA NA NA NA NA 525 633 750 0 NA NA NA NA NA 974 3925 1094 156 NA NA NA NA NA 882 1153 761 175 NA NA NA NA 
1743368400.0 250203.0 NA 485 559 0 NA NA NA NA NA NA 675 747 0 NA NA NA NA NA NA 2056 1014 151 NA NA NA NA NA NA 915 714 162 NA NA NA NA NA 
1743368400.0 250203.17 NA 570 662 0 NA NA NA NA NA NA 753 889 0 NA NA NA NA NA NA 2710 1225 190 NA NA NA NA NA NA 1084 863 203 NA NA NA NA NA 
1743368400.0 250203.18 NA 602 685 0 NA NA NA NA NA NA 857 968 0 NA NA NA NA NA NA 3398 1416 196 NA NA NA NA NA NA 1276 862 210 NA NA NA NA NA 
1743368400.0 250204.0 NA 474 573 0 NA NA NA NA NA NA 654 744 0 NA NA NA NA NA NA 2043 1061 157 NA NA NA NA NA NA 840 776 199 NA NA NA NA NA 
1743368400.0 250204.17 NA 559 654 0 NA NA NA NA NA NA 769 893 0 NA NA NA NA NA NA 2672 1269 197 NA NA NA NA NA NA 1218 878 231 NA NA NA NA NA 
1743368400.0 250204.18 NA 602 676 0 NA NA NA NA NA NA 863 936 0 NA NA NA NA NA NA 3428 1443 204 NA NA NA NA NA NA 1573 1087 225 NA NA NA NA NA 
1743368400.0 250205.0 NA 484 570 0 NA NA NA NA NA NA 666 725 0 NA NA NA NA NA NA 2024 1033 151 NA NA NA NA NA NA 863 757 161 NA NA NA NA NA 
1743368400.0 250205.17 NA 555 652 0 NA NA NA NA NA NA 736 923 0 NA NA NA NA NA NA 2718 1181 191 NA NA NA NA NA NA 1230 885 221 NA NA NA NA NA 
1743368400.0 250205.18 NA 596 689 0 NA NA NA NA NA NA 854 964 0 NA NA NA NA NA NA 3379 1368 192 NA NA NA NA NA NA 1457 824 222 NA NA NA NA NA 
1743368400.0 250206.0 NA 476 568 0 NA NA NA NA NA NA 667 762 0 NA NA NA NA NA NA 2053 994 159 NA NA NA NA NA NA 811 784 174 NA NA NA NA NA 
1743368400.0 250206.118 127 554 440 182 NA NA NA NA NA 181 716 591 275 NA NA NA NA NA 449 686 670 189 NA NA NA NA NA 339 418 590 255 NA NA NA NA NA 
1743368400.0 250206.17 NA 562 666 0 NA NA NA NA NA NA 769 883 0 NA NA NA NA NA NA 2670 1201 194 NA NA NA NA NA NA 1100 885 223 NA NA NA NA NA 
1743368400.0 250206.18 NA 621 751 0 NA NA NA NA NA NA 868 1040 0 NA NA NA NA NA NA 3487 1551 197 NA NA NA NA NA NA 1415 1084 229 NA NA NA NA NA 
1743368400.0 250206.181 NA 460 605 758 0 NA NA NA NA NA 678 838 980 0 NA NA NA NA NA 1956 3176 1363 201 NA NA NA NA NA 981 1176 972 216 NA NA NA NA 
1743368400.0 250206.182 129 583 743 0 NA NA NA NA NA 183 777 998 0 NA NA NA NA NA 447 702 1064 191 NA NA NA NA NA 340 450 763 205 NA NA NA NA NA 
1743368400.0 250207.0 NA 480 554 0 NA NA NA NA NA NA 644 731 0 NA NA NA NA NA NA 1894 954 145 NA NA NA NA NA NA 795 700 162 NA NA NA NA NA 
1743368400.0 250207.17 NA 542 641 0 NA NA NA NA NA NA 713 824 0 NA NA NA NA NA NA 2443 1072 185 NA NA NA NA NA NA 980 816 209 NA NA NA NA NA 
1743368400.0 250207.18 NA 599 675 0 NA NA NA NA NA NA 829 901 0 NA NA NA NA NA NA 3219 1291 192 NA NA NA NA NA NA 1362 873 204 NA NA NA NA NA 
1743368400.0 250208.17 NA 585 681 0 NA NA NA NA NA NA 779 882 0 NA NA NA NA NA NA 2874 1582 203 NA NA NA NA NA NA 1118 947 236 NA NA NA NA NA 
1743368400.0 250208.18 NA 614 706 0 NA NA NA NA NA NA 897 949 0 NA NA NA NA NA NA 3716 1753 203 NA NA NA NA NA NA 1544 931 243 NA NA NA NA NA 
1743368400.0 250399.0 306 NA NA NA NA NA NA NA NA 416 NA NA NA NA NA NA NA NA 286 NA NA NA NA NA NA NA NA 320 NA NA NA NA NA NA NA NA 
1743368400.0 250399.17 366 NA NA NA NA NA NA NA NA 481 NA NA NA NA NA NA NA NA 405 NA NA NA NA NA NA NA NA 360 NA NA NA NA NA NA NA NA 
1743368400.0 250399.18 362 NA NA NA NA NA NA NA NA 499 NA NA NA NA NA NA NA NA 446 NA NA NA NA NA NA NA NA 409 NA NA NA NA NA NA NA NA 
1743368400.0 250400.0 476 0 232 NA NA NA NA NA NA 641 0 329 NA NA NA NA NA NA 404 91 264 NA NA NA NA NA NA 568 118 307 NA NA NA NA NA NA 
1743368400.0 250400.17 553 0 237 NA NA NA NA NA NA 734 0 338 NA NA NA NA NA NA 476 98 265 NA NA NA NA NA NA 569 110 256 NA NA NA NA NA NA 
1743368400.0 250400.18 558 0 232 NA NA NA NA NA NA 699 0 327 NA NA NA NA NA NA 491 105 281 NA NA NA NA NA NA 603 144 308 NA NA NA NA NA NA 
1743368400.0 250402.0 487 0 234 NA NA NA NA NA NA 628 0 332 NA NA NA NA NA NA 442 93 294 NA NA NA NA NA NA 573 114 332 NA NA NA NA NA NA 
1743368400.0 250402.1 303 465 0 NA NA NA NA NA NA 421 608 0 NA NA NA NA NA NA 299 418 91 NA NA NA NA NA NA 358 358 108 NA NA NA NA NA NA 
1743368400.0 250402.17 558 0 240 NA NA NA NA NA NA 727 0 338 NA NA NA NA NA NA 511 111 281 NA NA NA NA NA NA 627 142 302 NA NA NA NA NA NA 
1743368400.0 250402.171 369 553 0 NA NA NA NA NA NA 482 698 0 NA NA NA NA NA NA 412 501 103 NA NA NA NA NA NA 386 392 117 NA NA NA NA NA NA 
1743368400.0 250402.18 566 0 237 NA NA NA NA NA NA 736 0 342 NA NA NA NA NA NA 525 105 295 NA NA NA NA NA NA 553 127 315 NA NA NA NA NA NA 
1743368400.0 250402.181 363 560 0 NA NA NA NA NA NA 504 727 0 NA NA NA NA NA NA 434 519 104 NA NA NA NA NA NA 406 447 120 NA NA NA NA NA NA 
1743368400.0 250403.0 483 0 230 NA NA NA NA NA NA 651 0 324 NA NA NA NA NA NA 415 98 267 NA NA NA NA NA NA 523 118 303 NA NA NA NA NA NA 
1743368400.0 250403.17 556 0 236 NA NA NA NA NA NA 724 0 337 NA NA NA NA NA NA 488 104 281 NA NA NA NA NA NA 592 136 310 NA NA NA NA NA NA 
1743368400.0 250403.18 560 0 232 NA NA NA NA NA NA 741 0 327 NA NA NA NA NA NA 507 107 267 NA NA NA NA NA NA 600 149 286 NA NA NA NA NA NA 
1743368400.0 250405.0 474 0 233 NA NA NA NA NA NA 619 0 322 NA NA NA NA NA NA 402 99 257 NA NA NA NA NA NA 507 134 268 NA NA NA NA NA NA 
1743368400.0 250405.17 550 0 236 NA NA NA NA NA NA 724 0 333 NA NA NA NA NA NA 479 102 297 NA NA NA NA NA NA 591 116 315 NA NA NA NA NA NA 
1743368400.0 250405.18 562 0 233 NA NA NA NA NA NA 737 0 335 NA NA NA NA NA NA 492 100 266 NA NA NA NA NA NA 556 115 294 NA NA NA NA NA NA 
1743368400.0 250406.0 476 0 230 NA NA NA NA NA NA 638 0 331 NA NA NA NA NA NA 373 113 261 NA NA NA NA NA NA 481 135 336 NA NA NA NA NA NA 
1743368400.0 250406.17 551 0 233 NA NA NA NA NA NA 704 0 341 NA NA NA NA NA NA 440 98 258 NA NA NA NA NA NA 516 110 280 NA NA NA NA NA NA 
1743368400.0 250406.18 559 0 234 NA NA NA NA NA NA 725 0 335 NA NA NA NA NA NA 445 105 274 NA NA NA NA NA NA 545 182 306 NA NA NA NA NA NA 
1743368400.0 250407.0 407 0 225 NA NA NA NA NA NA 553 0 316 NA NA NA NA NA NA 356 84 257 NA NA NA NA NA NA 515 128 349 NA NA NA NA NA NA 
1743368400.0 250407.17 481 0 235 NA NA NA NA NA NA 609 0 328 NA NA NA NA NA NA 431 100 260 NA NA NA NA NA NA 563 160 280 NA NA NA NA NA NA 
1743368400.0 250407.18 484 0 230 NA NA NA NA NA NA 623 0 321 NA NA NA NA NA NA 436 92 252 NA NA NA NA NA NA 643 132 268 NA NA NA NA NA NA 
1743368400.0 250408.0 482 0 233 NA NA NA NA NA NA 652 0 332 NA NA NA NA NA NA 430 90 274 NA NA NA NA NA NA 530 104 290 NA NA NA NA NA NA 
1743368400.0 250408.17 560 0 241 NA NA NA NA NA NA 690 0 341 NA NA NA NA NA NA 511 108 297 NA NA NA NA NA NA 543 144 326 NA NA NA NA NA NA 
1743368400.0 250408.18 562 0 234 NA NA NA NA NA NA 713 0 330 NA NA NA NA NA NA 523 116 280 NA NA NA NA NA NA 576 150 309 NA NA NA NA NA NA 
1743368400.0 250409.0 494 0 238 NA NA NA NA NA NA 651 0 328 NA NA NA NA NA NA 507 96 345 NA NA NA NA NA NA 565 138 309 NA NA NA NA NA NA 
1743368400.0 250409.17 564 0 241 NA NA NA NA NA NA 702 0 330 NA NA NA NA NA NA 718 119 360 NA NA NA NA NA NA 629 143 354 NA NA NA NA NA NA 
1743368400.0 250409.18 570 0 250 NA NA NA NA NA NA 741 0 345 NA NA NA NA NA NA 607 111 344 NA NA NA NA NA NA 613 137 288 NA NA NA NA NA NA 
1743368400.0 25200.0 NA 462 709 0 182 NA NA NA NA NA 612 937 0 271 NA NA NA NA NA 863 1302 161 205 NA NA NA NA NA 513 1007 217 224 NA NA NA NA 
1743368400.0 25202.0 NA 466 732 0 180 NA NA NA NA NA 626 954 0 268 NA NA NA NA NA 900 1407 162 207 NA NA NA NA NA 566 1021 176 233 NA NA NA NA 
1743368400.0 25202.1 NA 477 719 0 NA NA NA NA NA NA 637 950 0 NA NA NA NA NA NA 1040 1234 156 NA NA NA NA NA NA 530 873 171 NA NA NA NA NA 
1743368400.0 25202.15 NA 457 723 0 203 NA NA NA NA NA 624 965 0 302 NA NA NA NA NA 920 1432 169 268 NA NA NA NA NA 543 957 243 254 NA NA NA NA 
1743368400.0 25202.2 NA 477 719 0 NA NA NA NA NA NA 661 959 0 NA NA NA NA NA NA 1097 1301 154 NA NA NA NA NA NA 583 927 163 NA NA NA NA NA 
1743368400.0 25203.0 NA 457 719 0 180 NA NA NA NA NA 615 924 0 274 NA NA NA NA NA 948 1380 157 205 NA NA NA NA NA 557 1005 171 222 NA NA NA NA 
1743368400.0 25204.0 NA 479 733 0 NA NA NA NA NA NA 624 978 0 NA NA NA NA NA NA 845 1251 156 NA NA NA NA NA NA 491 971 190 NA NA NA NA NA 
1743368400.0 25205.0 NA 466 707 0 180 NA NA NA NA NA 626 874 0 272 NA NA NA NA NA 903 1255 153 204 NA NA NA NA NA 537 942 165 216 NA NA NA NA 
1743368400.0 25206.0 NA 457 754 0 180 NA NA NA NA NA 610 1001 0 276 NA NA NA NA NA 901 1296 164 192 NA NA NA NA NA 577 997 198 210 NA NA NA NA 
1743368400.0 25207.0 NA 457 716 0 NA NA NA NA NA NA 634 986 0 NA NA NA NA NA NA 838 1227 148 NA NA NA NA NA NA 482 873 175 NA NA NA NA NA 
1743368400.0 25208.0 NA 475 762 0 NA NA NA NA NA NA 640 1014 0 NA NA NA NA NA NA 914 1674 162 NA NA NA NA NA NA 497 1040 179 NA NA NA NA NA 
1743368400.0 25209.0 NA 463 733 0 180 NA NA NA NA NA 610 973 0 267 NA NA NA NA NA 906 1311 158 189 NA NA NA NA NA 518 921 212 239 NA NA NA NA 
1743368400.0 25210.0 147 449 695 0 NA NA NA NA NA 216 571 898 0 NA NA NA NA NA 1171 452 980 151 NA NA NA NA NA 581 375 874 167 NA NA NA NA NA 
1743368400.0 25211.0 153 468 727 0 NA NA NA NA NA 229 626 940 0 NA NA NA NA NA 3226 929 1280 155 NA NA NA NA NA 1113 558 883 174 NA NA NA NA NA 
1743368400.0 25211.17 134 520 779 0 NA NA NA NA NA 196 663 1002 0 NA NA NA NA NA 3922 1357 1350 195 NA NA NA NA NA 1311 639 1074 208 NA NA NA NA NA 
1743368400.0 25211.18 134 547 897 0 NA NA NA NA NA 203 768 1176 0 NA NA NA NA NA 4043 2265 2256 207 NA NA NA NA NA 1520 1168 1404 231 NA NA NA NA NA 
1743368400.0 25212.0 155 466 738 0 NA NA NA NA NA 238 644 984 0 NA NA NA NA NA 5004 1134 1668 162 NA NA NA NA NA 1925 696 1394 180 NA NA NA NA NA 
1743368400.0 25212.17 134 518 798 0 NA NA NA NA NA 202 679 1050 0 NA NA NA NA NA 5195 1722 1715 208 NA NA NA NA NA 1945 769 1287 225 NA NA NA NA NA 
1743368400.0 25212.18 133 574 907 0 NA NA NA NA NA 197 766 1179 0 NA NA NA NA NA 5030 1810 1743 213 NA NA NA NA NA 1955 802 1077 308 NA NA NA NA NA 
1743368400.0 25213.0 158 466 725 0 NA NA NA NA NA 242 619 970 0 NA NA NA NA NA 5300 1103 1600 160 NA NA NA NA NA 1799 658 1297 176 NA NA NA NA NA 
1743368400.0 25213.17 134 510 787 0 NA NA NA NA NA 203 670 1045 0 NA NA NA NA NA 5298 1784 1778 206 NA NA NA NA NA 1768 836 1283 226 NA NA NA NA NA 
1743368400.0 25213.18 135 597 896 0 NA NA NA NA NA 201 805 1234 0 NA NA NA NA NA 5218 1871 1797 202 NA NA NA NA NA 2091 824 1234 220 NA NA NA NA NA 
1743368400.0 25214.0 NA 469 756 0 NA NA NA NA NA NA 653 1018 0 NA NA NA NA NA NA 897 1407 160 NA NA NA NA NA NA 501 1029 193 NA NA NA NA NA 
1743368400.0 25215.0 64 157 464 735 0 NA NA NA NA 94 228 625 938 0 NA NA NA NA 21 860 847 1270 155 NA NA NA NA 63 427 579 931 174 NA NA NA NA 
1743368400.0 25215.17 63 136 511 795 0 NA NA NA NA 94 197 680 1071 0 NA NA NA NA 24 1018 1308 1361 197 NA NA NA NA 107 539 691 952 222 NA NA NA NA 
1743368400.0 25215.18 64 136 601 902 0 NA NA NA NA 94 192 806 1237 0 NA NA NA NA 22 1053 1871 1716 196 NA NA NA NA 69 491 774 1074 230 NA NA NA NA 
1743368400.0 25234.0 173 636 681 0 249 NA NA NA NA 226 810 919 0 353 NA NA NA NA 2764 959 1370 316 356 NA NA NA NA 1369 523 1313 344 345 NA NA NA NA 
1743368400.0 25400.0 583 0 230 NA NA NA NA NA NA 749 0 327 NA NA NA NA NA NA 789 113 263 NA NA NA NA NA NA 600 146 282 NA NA NA NA NA NA 
1743368400.0 25400.17 684 0 234 NA NA NA NA NA NA 925 0 324 NA NA NA NA NA NA 1245 108 265 NA NA NA NA NA NA 763 130 296 NA NA NA NA NA NA 
1743368400.0 25400.18 681 0 234 NA NA NA NA NA NA 843 0 338 NA NA NA NA NA NA 1268 107 269 NA NA NA NA NA NA 715 130 301 NA NA NA NA NA NA 
1743368400.0 25402.0 582 0 234 NA NA NA NA NA NA 772 0 339 NA NA NA NA NA NA 821 111 272 NA NA NA NA NA NA 617 163 274 NA NA NA NA NA NA 
1743368400.0 25402.17 682 0 238 NA NA NA NA NA NA 873 0 340 NA NA NA NA NA NA 1352 120 297 NA NA NA NA NA NA 726 142 308 NA NA NA NA NA NA 
1743368400.0 25402.18 680 0 235 NA NA NA NA NA NA 888 0 323 NA NA NA NA NA NA 1398 114 301 NA NA NA NA NA NA 756 130 321 NA NA NA NA NA NA 
1743368400.0 25403.0 578 0 230 NA NA NA NA NA NA 737 0 342 NA NA NA NA NA NA 814 103 272 NA NA NA NA NA NA 673 141 315 NA NA NA NA NA NA 
1743368400.0 25403.17 672 0 235 NA NA NA NA NA NA 890 0 332 NA NA NA NA NA NA 1353 117 278 NA NA NA NA NA NA 776 141 271 NA NA NA NA NA NA 
1743368400.0 25403.18 678 0 232 NA NA NA NA NA NA 906 0 338 NA NA NA NA NA NA 1479 120 279 NA NA NA NA NA NA 749 141 269 NA NA NA NA NA NA 
1743368400.0 25405.0 584 0 230 NA NA NA NA NA NA 764 0 328 NA NA NA NA NA NA 796 99 270 NA NA NA NA NA NA 673 133 270 NA NA NA NA NA NA 
1743368400.0 25405.17 682 0 234 NA NA NA NA NA NA 918 0 339 NA NA NA NA NA NA 1320 120 281 NA NA NA NA NA NA 803 156 292 NA NA NA NA NA NA 
1743368400.0 25405.18 680 0 234 NA NA NA NA NA NA 869 0 330 NA NA NA NA NA NA 1209 108 266 NA NA NA NA NA NA 722 133 284 NA NA NA NA NA NA 
1743368400.0 25406.0 581 0 237 NA NA NA NA NA NA 741 0 335 NA NA NA NA NA NA 619 96 257 NA NA NA NA NA NA 630 112 316 NA NA NA NA NA NA 
1743368400.0 25406.17 645 0 237 NA NA NA NA NA NA 861 0 335 NA NA NA NA NA NA 948 106 258 NA NA NA NA NA NA 677 121 278 NA NA NA NA NA NA 
1743368400.0 25406.18 677 0 236 NA NA NA NA NA NA 851 0 335 NA NA NA NA NA NA 908 107 264 NA NA NA NA NA NA 694 118 297 NA NA NA NA NA NA 
1743368400.0 25407.0 480 0 227 NA NA NA NA NA NA 672 0 311 NA NA NA NA NA NA 882 109 274 NA NA NA NA NA NA 727 190 316 NA NA NA NA NA NA 
1743368400.0 25407.17 609 0 233 NA NA NA NA NA NA 789 0 320 NA NA NA NA NA NA 1233 114 273 NA NA NA NA NA NA 789 128 297 NA NA NA NA NA NA 
1743368400.0 25407.18 616 0 241 NA NA NA NA NA NA 809 0 332 NA NA NA NA NA NA 1140 101 261 NA NA NA NA NA NA 626 122 310 NA NA NA NA NA NA 
1743368400.0 25408.0 588 0 240 NA NA NA NA NA NA 755 0 339 NA NA NA NA NA NA 978 111 358 NA NA NA NA NA NA 607 130 335 NA NA NA NA NA NA 
1743368400.0 25408.17 695 0 241 NA NA NA NA NA NA 905 0 339 NA NA NA NA NA NA 1587 117 347 NA NA NA NA NA NA 754 138 298 NA NA NA NA NA NA 
1743368400.0 25408.18 687 0 241 NA NA NA NA NA NA 913 0 337 NA NA NA NA NA NA 1701 118 357 NA NA NA NA NA NA 784 134 312 NA NA NA NA NA NA 
1743368400.0 25409.0 583 0 235 NA NA NA NA NA NA 760 0 327 NA NA NA NA NA NA 792 98 269 NA NA NA NA NA NA 564 132 288 NA NA NA NA NA NA 
1743368400.0 25409.17 685 0 236 NA NA NA NA NA NA 841 0 331 NA NA NA NA NA NA 1562 115 299 NA NA NA NA NA NA 735 130 272 NA NA NA NA NA NA 
1743368400.0 25409.18 678 0 237 NA NA NA NA NA NA 868 0 335 NA NA NA NA NA NA 1404 121 285 NA NA NA NA NA NA 724 175 272 NA NA NA NA NA NA 
1743368400.0 25634.0 166 638 687 0 248 NA NA NA NA 220 821 865 0 344 NA NA NA NA 2614 892 1415 294 363 NA NA NA NA 1287 650 1347 322 363 NA NA NA NA 
1743368400.0 26.0 NA 236 465 0 NA NA NA NA NA NA 330 609 0 NA NA NA NA NA NA 665 1119 163 NA NA NA NA NA NA 302 830 181 NA NA NA NA NA 
1743368400.0 26034.0 177 625 684 0 249 NA NA NA NA 229 803 889 0 341 NA NA NA NA 2718 1008 1438 278 358 NA NA NA NA 1180 545 1202 307 345 NA NA NA NA 
1743368400.0 26434.0 166 632 685 0 239 NA NA NA NA 220 821 854 0 338 NA NA NA NA 2179 823 1144 242 320 NA NA NA NA 1052 557 953 259 328 NA NA NA NA 
1743368400.0 26834.0 169 631 707 0 252 NA NA NA NA 226 829 873 0 358 NA NA NA NA 2149 754 1127 205 302 NA NA NA NA 1371 465 883 220 337 NA NA NA NA 
1743368400.0 27.0 NA 238 443 0 NA NA NA NA NA NA 324 612 0 NA NA NA NA NA NA 673 1067 167 NA NA NA NA NA NA 310 846 191 NA NA NA NA NA 
1743368400.0 27234.0 180 635 701 0 252 NA NA NA NA 232 817 915 0 333 NA NA NA NA 2831 996 1464 333 366 NA NA NA NA 1377 600 1382 371 382 NA NA NA NA 
1743368400.0 27634.0 166 625 675 0 240 NA NA NA NA 219 821 849 0 330 NA NA NA NA 2757 1097 1443 295 334 NA NA NA NA 1297 662 1299 318 374 NA NA NA NA 
1743368400.0 28.0 NA 241 454 0 NA NA NA NA NA NA 334 601 0 NA NA NA NA NA NA 729 1335 163 NA NA NA NA NA NA 337 813 176 NA NA NA NA NA 
1743368400.0 280.0 173 208 413 0 NA NA NA NA NA 303 285 575 0 NA NA NA NA NA 789 202 884 150 NA NA NA NA NA 446 225 870 171 NA NA NA NA NA 
1743368400.0 28034.0 177 639 707 0 251 NA NA NA NA 238 825 936 0 345 NA NA NA NA 1898 780 1137 215 306 NA NA NA NA 1026 495 907 232 322 NA NA NA NA 
1743368400.0 281.0 169 281 505 0 NA NA NA NA NA 325 369 659 0 NA NA NA NA NA 606 207 660 145 NA NA NA NA NA 382 210 653 169 NA NA NA NA NA 
1743368400.0 28434.0 166 626 682 0 250 NA NA NA NA 222 807 905 0 351 NA NA NA NA 2631 1045 1467 274 359 NA NA NA NA 1120 761 1164 300 382 NA NA NA NA 
1743368400.0 28834.0 172 621 656 0 194 NA NA NA NA 227 813 896 0 348 NA NA NA NA 2006 745 1110 207 336 NA NA NA NA 1000 481 862 224 434 NA NA NA NA 
1743368400.0 29.0 NA 236 468 0 NA NA NA NA NA NA 329 642 0 NA NA NA NA NA NA 661 1172 163 NA NA NA NA NA NA 329 806 180 NA NA NA NA NA 
1743368400.0 29234.0 177 640 678 0 252 NA NA NA NA 236 843 874 0 352 NA NA NA NA 2002 766 1113 206 306 NA NA NA NA 1045 440 990 222 338 NA NA NA NA 
1743368400.0 29634.0 NA 642 671 0 240 NA NA NA NA NA 843 885 0 348 NA NA NA NA NA 818 1204 251 323 NA NA NA NA NA 502 970 298 330 NA NA NA NA 
1743368400.0 29634.21 NA 602 355 279 NA NA NA NA NA NA 806 521 376 NA NA NA NA NA NA 876 493 395 NA NA NA NA NA NA 502 331 356 NA NA NA NA NA 
1743368400.0 29634.402 NA 700 349 0 NA NA NA NA NA NA 1213 790 0 NA NA NA NA NA NA 791 421 84 NA NA NA NA NA NA 457 384 100 NA NA NA NA NA 
1743368400.0 29634.5 NA 640 244 0 NA NA NA NA NA NA 826 356 0 NA NA NA NA NA NA 769 330 73 NA NA NA NA NA NA 430 349 88 NA NA NA NA NA 
1743368400.0 29634.702 NA 633 673 0 235 NA NA NA NA NA 845 906 0 336 NA NA NA NA NA 846 1207 245 339 NA NA NA NA NA 558 974 266 422 NA NA NA NA 
1743368400.0 29634.703 NA 639 326 0 NA NA NA NA NA NA 874 487 0 NA NA NA NA NA NA 802 436 100 NA NA NA NA NA NA 469 385 115 NA NA NA NA NA 
1743368400.0 29634.75 NA 647 0 NA NA NA NA NA NA NA 821 0 NA NA NA NA NA NA NA 813 68 NA NA NA NA NA NA NA 481 82 NA NA NA NA NA NA 
1743368400.0 29634.9 NA 632 687 0 241 NA NA NA NA NA 844 873 0 337 NA NA NA NA NA 845 1210 242 331 NA NA NA NA NA 524 1014 257 342 NA NA NA NA 
1743368400.0 29634.911 148 638 708 0 250 NA NA NA NA 235 840 881 0 345 NA NA NA NA 4072 2338 2529 660 345 NA NA NA NA 3163 2143 2114 945 355 NA NA NA NA 
1743368400.0 29661.0 NA 592 615 0 236 NA NA NA NA NA 742 795 0 333 NA NA NA NA NA 741 958 210 333 NA NA NA NA NA 462 895 226 346 NA NA NA NA 
1743368400.0 29696.0 NA 587 623 0 235 NA NA NA NA NA 763 773 0 329 NA NA NA NA NA 735 946 221 327 NA NA NA NA NA 534 826 249 332 NA NA NA NA 
1743368400.0 29700.0 NA 588 608 0 235 NA NA NA NA NA 751 771 0 337 NA NA NA NA NA 715 939 219 321 NA NA NA NA NA 475 804 270 333 NA NA NA NA 
1743368400.0 29751.85 NA 925 1163 0 266 NA NA NA NA NA 1378 2199 0 370 NA NA NA NA NA 2953 113282 271 326 NA NA NA NA NA 2192 35596 359 317 NA NA NA NA 
1743368400.0 29834.114 NA 1406 2203 0 NA NA NA NA NA NA 2118 3236 0 NA NA NA NA NA NA 5444 8389 268 NA NA NA NA NA NA 3047 2820 297 NA NA NA NA NA 
1743368400.0 29834.21 NA 1329 805 336 NA NA NA NA NA NA 1976 1201 462 NA NA NA NA NA NA 5812 3328 620 NA NA NA NA NA NA 2460 1139 423 NA NA NA NA NA 
1743368400.0 29834.703 NA 1506 792 0 NA NA NA NA NA NA 2044 1143 0 NA NA NA NA NA NA 6672 1682 125 NA NA NA NA NA NA 2723 734 160 NA NA NA NA NA 
1743368400.0 29834.99 NA 1049 1464 1293 0 NA NA NA NA NA 1467 1965 1769 0 NA NA NA NA NA 3376 2381 6527 260 NA NA NA NA NA 2141 851 2355 305 NA NA NA NA 
1743368400.0 29834.9921 NA 954 1167 761 327 NA NA NA NA NA 1402 1681 1147 431 NA NA NA NA NA 3151 2126 3089 613 NA NA NA NA NA 1963 907 1071 432 NA NA NA NA 
1743368400.0 29834.999 NA 576 941 842 0 NA NA NA NA NA 793 1253 1166 0 NA NA NA NA NA 1785 1594 2563 266 NA NA NA NA NA 1203 716 1347 304 NA NA NA NA 
1743368400.0 29861.97 1095 NA NA NA NA NA NA NA NA 1513 NA NA NA NA NA NA NA NA 4261 NA NA NA NA NA NA NA NA 2003 NA NA NA NA NA NA NA NA 
1743368400.0 3.0 138 206 336 NA NA NA NA NA NA 218 283 472 NA NA NA NA NA NA 1379 187 568 NA NA NA NA NA NA 643 232 490 NA NA NA NA NA NA 
1743368400.0 30.0 NA 239 450 0 NA NA NA NA NA NA 322 601 0 NA NA NA NA NA NA 726 1333 186 NA NA NA NA NA NA 324 855 257 NA NA NA NA NA 
1743368400.0 300.0 138 296 541 0 NA NA NA NA NA 207 395 753 0 NA NA NA NA NA 588 195 704 168 NA NA NA NA NA 473 289 835 183 NA NA NA NA NA 
1743368400.0 30034.0 178 635 688 0 251 NA NA NA NA 234 844 892 0 342 NA NA NA NA 1888 768 1113 206 308 NA NA NA NA 847 456 1042 225 320 NA NA NA NA 
1743368400.0 301.0 143 300 528 0 NA NA NA NA NA 217 405 751 0 NA NA NA NA NA 671 191 659 169 NA NA NA NA NA 418 304 862 186 NA NA NA NA NA 
1743368400.0 302.0 142 297 546 0 NA NA NA NA NA 220 388 740 0 NA NA NA NA NA 468 196 698 171 NA NA NA NA NA 412 328 816 192 NA NA NA NA NA 
1743368400.0 30434.0 179 638 683 0 252 NA NA NA NA 236 829 899 0 346 NA NA NA NA 1910 768 1133 209 307 NA NA NA NA 936 468 1057 228 317 NA NA NA NA 
1743368400.0 30834.0 178 630 703 0 251 NA NA NA NA 235 798 949 0 352 NA NA NA NA 1846 780 1162 206 312 NA NA NA NA 787 544 1093 219 355 NA NA NA NA 
1743368400.0 31.0 NA 238 446 0 NA NA NA NA NA NA 319 620 0 NA NA NA NA NA NA 677 1089 163 NA NA NA NA NA NA 303 735 180 NA NA NA NA NA 
1743368400.0 310.0 149 289 532 0 NA NA NA NA NA 213 395 738 0 NA NA NA NA NA 713 187 661 168 NA NA NA NA NA 623 277 717 185 NA NA NA NA NA 
1743368400.0 311.0 152 290 532 0 NA NA NA NA NA 226 391 732 0 NA NA NA NA NA 869 184 654 176 NA NA NA NA NA 578 256 635 193 NA NA NA NA NA 
1743368400.0 312.0 151 291 532 0 NA NA NA NA NA 217 392 758 0 NA NA NA NA NA 647 189 649 172 NA NA NA NA NA 650 262 657 194 NA NA NA NA NA 
1743368400.0 31234.0 171 634 694 0 239 NA NA NA NA 231 820 944 0 333 NA NA NA NA 1966 759 1141 205 301 NA NA NA NA 925 504 1078 221 321 NA NA NA NA 
1743368400.0 32.0 NA 237 452 0 NA NA NA NA NA NA 322 595 0 NA NA NA NA NA NA 726 1260 164 NA NA NA NA NA NA 369 812 185 NA NA NA NA NA 
1743368400.0 320.0 162 301 498 0 NA NA NA NA NA 227 400 742 0 NA NA NA NA NA 801 215 629 172 NA NA NA NA NA 609 294 690 185 NA NA NA NA NA 
1743368400.0 32034.0 177 662 753 0 251 NA NA NA NA 238 856 977 0 352 NA NA NA NA 3160 1092 1437 352 372 NA NA NA NA 1610 652 1089 378 345 NA NA NA NA 
1743368400.0 321.0 161 306 539 0 NA NA NA NA NA 231 405 750 0 NA NA NA NA NA 1026 228 665 176 NA NA NA NA NA 705 325 745 191 NA NA NA NA NA 
1743368400.0 322.0 161 303 508 0 NA NA NA NA NA 222 409 751 0 NA NA NA NA NA 817 216 636 174 NA NA NA NA NA 591 297 708 191 NA NA NA NA NA 
1743368400.0 32434.0 0 NA NA NA NA NA NA NA NA 0 NA NA NA NA NA NA NA NA 0 NA NA NA NA NA NA NA NA 0 NA NA NA NA NA NA NA NA 
1743368400.0 32834.0 0 NA NA NA NA NA NA NA NA 0 NA NA NA NA NA NA NA NA 0 NA NA NA NA NA NA NA NA 0 NA NA NA NA NA NA NA NA 
1743368400.0 33.0 NA 238 445 0 NA NA NA NA NA NA 320 591 0 NA NA NA NA NA NA 684 1092 163 NA NA NA NA NA NA 329 805 189 NA NA NA NA NA 
1743368400.0 330.0 178 495 705 0 NA NA NA NA NA 251 733 909 0 NA NA NA NA NA 881 436 1184 210 NA NA NA NA NA 650 408 922 225 NA NA NA NA NA 
1743368400.0 331.0 184 516 757 0 NA NA NA NA NA 258 697 968 0 NA NA NA NA NA 1130 490 1476 212 NA NA NA NA NA 855 457 1116 228 NA NA NA NA NA 
1743368400.0 332.0 183 474 709 0 NA NA NA NA NA 250 648 910 0 NA NA NA NA NA 876 420 1187 207 NA NA NA NA NA 661 392 876 223 NA NA NA NA NA 
1743368400.0 33234.0 0 NA NA NA NA NA NA NA NA 0 NA NA NA NA NA NA NA NA 0 NA NA NA NA NA NA NA NA 0 NA NA NA NA NA NA NA NA 
1743368400.0 34.0 149 206 407 0 NA NA NA NA NA 232 275 582 0 NA NA NA NA NA 690 191 736 152 NA NA NA NA NA 356 164 898 168 NA NA NA NA NA 
1743368400.0 34034.0 176 0 NA NA NA NA NA NA NA 235 0 NA NA NA NA NA NA NA 2256 0 NA NA NA NA NA NA NA 1591 0 NA NA NA NA NA NA NA 
1743368400.0 35.0 NA 240 438 0 NA NA NA NA NA NA 329 614 0 NA NA NA NA NA NA 695 1249 171 NA NA NA NA NA NA 307 806 193 NA NA NA NA NA 
1743368400.0 36.0 NA 232 466 0 NA NA NA NA NA NA 326 614 0 NA NA NA NA NA NA 766 3554 178 NA NA NA NA NA NA 392 1399 195 NA NA NA NA NA 
1743368400.0 37.0 NA 237 443 0 NA NA NA NA NA NA 333 607 0 NA NA NA NA NA NA 731 1719 174 NA NA NA NA NA NA 334 1011 199 NA NA NA NA NA 
1743368400.0 38.0 NA 239 448 0 NA NA NA NA NA NA 337 619 0 NA NA NA NA NA NA 724 1535 168 NA NA NA NA NA NA 301 1079 187 NA NA NA NA NA 
1743368400.0 39.0 NA 238 462 0 NA NA NA NA NA NA 336 648 0 NA NA NA NA NA NA 810 2479 175 NA NA NA NA NA NA 363 1094 190 NA NA NA NA NA 
1743368400.0 4.17 NA 128 433 0 290 NA NA NA NA NA 190 570 0 378 NA NA NA NA NA 108 1300 128 514 NA NA NA NA NA 103 976 144 524 NA NA NA NA 
1743368400.0 4.22 NA 231 130 138 0 NA NA NA NA NA 356 202 215 0 NA NA NA NA NA 404 143 110 74 NA NA NA NA NA 368 220 161 88 NA NA NA NA 
1743368400.0 4.23 NA 152 442 0 NA NA NA NA NA NA 227 586 0 NA NA NA NA NA NA 155 1542 176 NA NA NA NA NA NA 278 1168 189 NA NA NA NA NA 
1743368400.0 4.24 NA 146 438 0 NA NA NA NA NA NA 214 596 0 NA NA NA NA NA NA 154 1585 135 NA NA NA NA NA NA 220 1354 179 NA NA NA NA NA 
1743368400.0 4.25 NA 147 438 0 NA NA NA NA NA NA 214 579 0 NA NA NA NA NA NA 183 1591 140 NA NA NA NA NA NA 264 1154 150 NA NA NA NA NA 
1743368400.0 4.26 NA 144 441 0 NA NA NA NA NA NA 205 592 0 NA NA NA NA NA NA 136 1570 141 NA NA NA NA NA NA 182 1113 160 NA NA NA NA NA 
1743368400.0 4.27 NA 149 444 0 NA NA NA NA NA NA 218 604 0 NA NA NA NA NA NA 151 1975 186 NA NA NA NA NA NA 278 1439 201 NA NA NA NA NA 
1743368400.0 4.28 NA 154 431 0 NA NA NA NA NA NA 221 590 0 NA NA NA NA NA NA 137 1451 672 NA NA NA NA NA NA 290 1443 689 NA NA NA NA NA 
1743368400.0 4.29 NA 129 441 0 295 NA NA NA NA NA 194 578 0 382 NA NA NA NA NA 112 1389 127 522 NA NA NA NA NA 112 1053 140 521 NA NA NA NA 
1743368400.0 4.34 NA 155 451 0 NA NA NA NA NA NA 217 585 0 NA NA NA NA NA NA 151 1462 157 NA NA NA NA NA NA 246 1184 172 NA NA NA NA NA 
1743368400.0 4.36 NA 148 443 0 NA NA NA NA NA NA 215 575 0 NA NA NA NA NA NA 150 1512 124 NA NA NA NA NA NA 215 950 147 NA NA NA NA NA 
1743368400.0 4.37 NA 145 446 0 NA NA NA NA NA NA 209 602 0 NA NA NA NA NA NA 141 1633 135 NA NA NA NA NA NA 179 920 157 NA NA NA NA NA 
1743368400.0 4.4 NA 129 514 0 NA NA NA NA NA NA 195 771 0 NA NA NA NA NA NA 112 1610 120 NA NA NA NA NA NA 121 1071 139 NA NA NA NA NA 
1743368400.0 4.41 NA 127 514 0 NA NA NA NA NA NA 202 774 0 NA NA NA NA NA NA 114 1880 124 NA NA NA NA NA NA 171 983 144 NA NA NA NA NA 
1743368400.0 4.42 NA 127 524 0 NA NA NA NA NA NA 199 799 0 NA NA NA NA NA NA 117 2190 123 NA NA NA NA NA NA 174 1083 136 NA NA NA NA NA 
1743368400.0 4.43 NA 131 463 0 NA NA NA NA NA NA 204 769 0 NA NA NA NA NA NA 132 1857 131 NA NA NA NA NA NA 184 1423 148 NA NA NA NA NA 
1743368400.0 4.44 NA 128 509 0 NA NA NA NA NA NA 196 771 0 NA NA NA NA NA NA 123 1894 131 NA NA NA NA NA NA 290 1116 185 NA NA NA NA NA 
1743368400.0 4.45 NA 127 523 0 NA NA NA NA NA NA 202 789 0 NA NA NA NA NA NA 113 2395 123 NA NA NA NA NA NA 120 1119 136 NA NA NA NA NA 
1743368400.0 4.51 NA 128 521 0 NA NA NA NA NA NA 204 774 0 NA NA NA NA NA NA 116 1901 124 NA NA NA NA NA NA 159 993 148 NA NA NA NA NA 
1743368400.0 4.52 NA 127 518 0 NA NA NA NA NA NA 200 786 0 NA NA NA NA NA NA 117 2350 125 NA NA NA NA NA NA 157 1110 141 NA NA NA NA NA 
1743368400.0 4.53 NA 129 521 0 NA NA NA NA NA NA 196 774 0 NA NA NA NA NA NA 121 2446 130 NA NA NA NA NA NA 236 1225 170 NA NA NA NA NA 
1743368400.0 4.54 NA 127 522 0 NA NA NA NA NA NA 194 802 0 NA NA NA NA NA NA 114 2287 121 NA NA NA NA NA NA 176 1141 133 NA NA NA NA NA 
1743368400.0 4.55 NA 128 529 0 NA NA NA NA NA NA 201 793 0 NA NA NA NA NA NA 118 2902 124 NA NA NA NA NA NA 174 1295 140 NA NA NA NA NA 
1743368400.0 4.57 NA 144 530 0 NA NA NA NA NA NA 213 793 0 NA NA NA NA NA NA 153 2571 128 NA NA NA NA NA NA 229 1181 147 NA NA NA NA NA 
1743368400.0 4.58 NA 130 516 0 NA NA NA NA NA NA 199 782 0 NA NA NA NA NA NA 140 1882 132 NA NA NA NA NA NA 159 1121 176 NA NA NA NA NA 
1743368400.0 4.6 NA 417 0 NA NA NA NA NA NA NA 543 0 NA NA NA NA NA NA NA 1617 186 NA NA NA NA NA NA NA 1336 217 NA NA NA NA NA NA 
1743368400.0 4.61 NA 128 523 0 NA NA NA NA NA NA 200 791 0 NA NA NA NA NA NA 117 2153 123 NA NA NA NA NA NA 162 1072 143 NA NA NA NA NA 
1743368400.0 4.62 NA 128 520 0 NA NA NA NA NA NA 201 800 0 NA NA NA NA NA NA 122 2389 134 NA NA NA NA NA NA 249 1178 186 NA NA NA NA NA 
1743368400.0 4.63 NA 127 520 0 NA NA NA NA NA NA 201 782 0 NA NA NA NA NA NA 121 2469 124 NA NA NA NA NA NA 187 1137 143 NA NA NA NA NA 
1743368400.0 4.64 NA 128 517 0 NA NA NA NA NA NA 199 792 0 NA NA NA NA NA NA 116 2352 123 NA NA NA NA NA NA 152 1122 143 NA NA NA NA NA 
1743368400.0 4.65 NA 127 541 0 NA NA NA NA NA NA 202 802 0 NA NA NA NA NA NA 112 3348 128 NA NA NA NA NA NA 116 1381 146 NA NA NA NA NA 
1743368400.0 4.67 NA 145 534 0 NA NA NA NA NA NA 208 817 0 NA NA NA NA NA NA 145 2742 128 NA NA NA NA NA NA 177 1248 143 NA NA NA NA NA 
1743368400.0 4.68 NA 127 520 0 NA NA NA NA NA NA 194 789 0 NA NA NA NA NA NA 116 2123 123 NA NA NA NA NA NA 179 1092 143 NA NA NA NA NA 
1743368400.0 4.71 NA 128 514 0 NA NA NA NA NA NA 202 763 0 NA NA NA NA NA NA 135 1779 129 NA NA NA NA NA NA 225 1005 168 NA NA NA NA NA 
1743368400.0 4.72 NA 127 516 0 NA NA NA NA NA NA 204 772 0 NA NA NA NA NA NA 121 2234 131 NA NA NA NA NA NA 231 1245 166 NA NA NA NA NA 
1743368400.0 4.73 NA 129 525 0 NA NA NA NA NA NA 198 801 0 NA NA NA NA NA NA 120 2393 126 NA NA NA NA NA NA 182 1122 143 NA NA NA NA NA 
1743368400.0 4.74 NA 127 508 0 NA NA NA NA NA NA 194 777 0 NA NA NA NA NA NA 118 2080 124 NA NA NA NA NA NA 170 1085 140 NA NA NA NA NA 
1743368400.0 4.75 NA 130 525 0 NA NA NA NA NA NA 203 790 0 NA NA NA NA NA NA 123 2530 126 NA NA NA NA NA NA 212 1179 146 NA NA NA NA NA 
1743368400.0 4.76 NA 149 527 0 NA NA NA NA NA NA 214 781 0 NA NA NA NA NA NA 155 2648 133 NA NA NA NA NA NA 183 1229 156 NA NA NA NA NA 
1743368400.0 4.77 NA 144 527 0 NA NA NA NA NA NA 209 798 0 NA NA NA NA NA NA 150 2560 129 NA NA NA NA NA NA 218 1178 146 NA NA NA NA NA 
1743368400.0 4.78 NA 131 526 0 NA NA NA NA NA NA 205 792 0 NA NA NA NA NA NA 124 2428 123 NA NA NA NA NA NA 186 1135 142 NA NA NA NA NA 
1743368400.0 4000.0 NA 237 461 NA NA NA NA NA NA NA 340 611 NA NA NA NA NA NA NA 792 1793 NA NA NA NA NA NA NA 369 1049 NA NA NA NA NA NA 
1743368400.0 4001.0 NA 280 461 NA NA NA NA NA NA NA 381 686 NA NA NA NA NA NA NA 408 1192 NA NA NA NA NA NA NA 395 1078 NA NA NA NA NA NA 
1743368400.0 4002.0 NA 239 446 NA NA NA NA NA NA NA 327 634 NA NA NA NA NA NA NA 706 1196 NA NA NA NA NA NA NA 319 880 NA NA NA NA NA NA 
1743368400.0 4003.0 NA 238 446 NA NA NA NA NA NA NA 322 620 NA NA NA NA NA NA NA 708 1353 NA NA NA NA NA NA NA 328 911 NA NA NA NA NA NA 
1743368400.0 4006.0 124 278 498 NA NA NA NA NA NA 192 379 656 NA NA NA NA NA NA 266 370 956 NA NA NA NA NA NA 266 358 845 NA NA NA NA NA NA 
1743368400.0 4007.0 115 0 0 NA NA NA NA NA NA 167 0 0 NA NA NA NA NA NA 275 129 724 NA NA NA NA NA NA 261 250 896 NA NA NA NA NA NA 
1743368400.0 4008.0 115 0 0 NA NA NA NA NA NA 169 0 0 NA NA NA NA NA NA 262 113 768 NA NA NA NA NA NA 254 221 874 NA NA NA NA NA NA 
1743368400.0 43.0 NA 237 454 0 NA NA NA NA NA NA 323 605 0 NA NA NA NA NA NA 718 1532 187 NA NA NA NA NA NA 323 888 203 NA NA NA NA NA 
1743368400.0 44.0 NA 234 437 0 NA NA NA NA NA NA 330 622 0 NA NA NA NA NA NA 685 1312 166 NA NA NA NA NA NA 316 824 190 NA NA NA NA NA 
1743368400.0 45.0 NA 238 452 0 NA NA NA NA NA NA 318 611 0 NA NA NA NA NA NA 708 1419 173 NA NA NA NA NA NA 335 957 197 NA NA NA NA NA 
1743368400.0 5.1 412 0 NA NA NA NA NA NA NA 564 0 NA NA NA NA NA NA NA 406 90 NA NA NA NA NA NA NA 392 107 NA NA NA NA NA NA NA 
1743368400.0 5.2 331 0 NA NA NA NA NA NA NA 457 0 NA NA NA NA NA NA NA 326 82 NA NA NA NA NA NA NA 298 100 NA NA NA NA NA NA NA 
1743368400.0 5.3 330 0 NA NA NA NA NA NA NA 424 0 NA NA NA NA NA NA NA 330 82 NA NA NA NA NA NA NA 312 95 NA NA NA NA NA NA NA 
1743368400.0 5.4 414 0 NA NA NA NA NA NA NA 537 0 NA NA NA NA NA NA NA 369 88 NA NA NA NA NA NA NA 374 106 NA NA NA NA NA NA NA 
1743368400.0 5.5 403 0 NA NA NA NA NA NA NA 537 0 NA NA NA NA NA NA NA 351 89 NA NA NA NA NA NA NA 376 107 NA NA NA NA NA NA NA 
1743368400.0 5.6 409 0 NA NA NA NA NA NA NA 531 0 NA NA NA NA NA NA NA 380 90 NA NA NA NA NA NA NA 333 106 NA NA NA NA NA NA NA 
1743368400.0 5.7 413 0 NA NA NA NA NA NA NA 549 0 NA NA NA NA NA NA NA 382 89 NA NA NA NA NA NA NA 370 104 NA NA NA NA NA NA NA 
1743368400.0 500199.0 289 NA NA NA NA NA NA NA NA 395 NA NA NA NA NA NA NA NA 529 NA NA NA NA NA NA NA NA 432 NA NA NA NA NA NA NA NA 
1743368400.0 500200.0 NA 326 475 0 NA NA NA NA NA NA 465 636 0 NA NA NA NA NA NA 1301 961 160 NA NA NA NA NA NA 598 745 178 NA NA NA NA NA 
1743368400.0 500200.1 146 300 363 NA NA NA NA NA NA 210 414 478 NA NA NA NA NA NA 705 257 753 NA NA NA NA NA NA 348 301 651 NA NA NA NA NA NA 
1743368400.0 500202.0 NA 341 487 0 NA NA NA NA NA NA 459 652 0 NA NA NA NA NA NA 1405 1075 166 NA NA NA NA NA NA 603 1068 188 NA NA NA NA NA 
1743368400.0 500203.0 NA 328 463 0 NA NA NA NA NA NA 466 656 0 NA NA NA NA NA NA 1333 1010 162 NA NA NA NA NA NA 635 1103 186 NA NA NA NA NA 
1743368400.0 500204.0 NA 330 486 0 NA NA NA NA NA NA 452 649 0 NA NA NA NA NA NA 1348 1037 163 NA NA NA NA NA NA 613 806 173 NA NA NA NA NA 
1743368400.0 500205.0 NA 329 462 0 NA NA NA NA NA NA 454 648 0 NA NA NA NA NA NA 1293 946 162 NA NA NA NA NA NA 589 998 181 NA NA NA NA NA 
1743368400.0 500206.0 NA 330 485 0 NA NA NA NA NA NA 462 663 0 NA NA NA NA NA NA 1340 1116 166 NA NA NA NA NA NA 595 1075 187 NA NA NA NA NA 
1743368400.0 500207.0 NA 321 462 0 NA NA NA NA NA NA 452 636 0 NA NA NA NA NA NA 1184 960 154 NA NA NA NA NA NA 593 980 167 NA NA NA NA NA 
1743368400.0 50200.0 NA 349 577 0 NA NA NA NA NA NA 464 782 0 NA NA NA NA NA NA 584 1137 179 NA NA NA NA NA NA 401 1074 224 NA NA NA NA NA 
1743368400.0 50202.0 NA 348 601 0 NA NA NA NA NA NA 497 804 0 NA NA NA NA NA NA 566 1232 165 NA NA NA NA NA NA 411 983 182 NA NA NA NA NA 
1743368400.0 50203.0 NA 350 550 0 NA NA NA NA NA NA 464 776 0 NA NA NA NA NA NA 584 1209 176 NA NA NA NA NA NA 462 1021 193 NA NA NA NA NA 
1743368400.0 50204.0 NA 336 601 0 NA NA NA NA NA NA 461 818 0 NA NA NA NA NA NA 587 1179 166 NA NA NA NA NA NA 484 1088 190 NA NA NA NA NA 
1743368400.0 50205.0 NA 348 597 0 NA NA NA NA NA NA 456 792 0 NA NA NA NA NA NA 561 1148 162 NA NA NA NA NA NA 420 903 185 NA NA NA NA NA 
1743368400.0 50206.0 NA 350 594 0 NA NA NA NA NA NA 480 810 0 NA NA NA NA NA NA 552 1211 168 NA NA NA NA NA NA 427 976 191 NA NA NA NA NA 
1743368400.0 50207.0 NA 348 532 0 NA NA NA NA NA NA 485 778 0 NA NA NA NA NA NA 577 1097 158 NA NA NA NA NA NA 445 1000 185 NA NA NA NA NA 
1743368400.0 50208.0 NA 352 627 0 NA NA NA NA NA NA 466 815 0 NA NA NA NA NA NA 589 1579 173 NA NA NA NA NA NA 419 1002 183 NA NA NA NA NA 
1743368400.0 503.0 83 0 NA NA NA NA NA NA NA 114 0 NA NA NA NA NA NA NA 1185 56 NA NA NA NA NA NA NA 771 68 NA NA NA NA NA NA NA 
1743368400.0 504.0 90 0 NA NA NA NA NA NA NA 121 0 NA NA NA NA NA NA NA 89 56 NA NA NA NA NA NA NA 104 69 NA NA NA NA NA NA NA 
1743368400.0 505.0 90 0 NA NA NA NA NA NA NA 120 0 NA NA NA NA NA NA NA 88 56 NA NA NA NA NA NA NA 99 71 NA NA NA NA NA NA NA 
1743368400.0 506.0 89 0 NA NA NA NA NA NA NA 119 0 NA NA NA NA NA NA NA 87 56 NA NA NA NA NA NA NA 96 68 NA NA NA NA NA NA NA 
1743368400.0 507.0 83 0 NA NA NA NA NA NA NA 113 0 NA NA NA NA NA NA NA 550 56 NA NA NA NA NA NA NA 349 68 NA NA NA NA NA NA NA 
1743368400.0 508.0 87 0 NA NA NA NA NA NA NA 117 0 NA NA NA NA NA NA NA 84 57 NA NA NA NA NA NA NA 86 69 NA NA NA NA NA NA NA 
1743368400.0 509.0 81 0 NA NA NA NA NA NA NA 111 0 NA NA NA NA NA NA NA 80 57 NA NA NA NA NA NA NA 90 71 NA NA NA NA NA NA NA 
1743368400.0 510.0 83 0 NA NA NA NA NA NA NA 113 0 NA NA NA NA NA NA NA 1180 57 NA NA NA NA NA NA NA 701 72 NA NA NA NA NA NA NA 
1743368400.0 511.0 72 0 NA NA NA NA NA NA NA 122 0 NA NA NA NA NA NA NA 2721 56 NA NA NA NA NA NA NA 4512 69 NA NA NA NA NA NA NA 
1743368400.0 512.0 63 91 0 NA NA NA NA NA NA 104 123 0 NA NA NA NA NA NA 3595 110 57 NA NA NA NA NA NA 3349 98 82 NA NA NA NA NA NA 
1743368400.0 513.0 63 91 0 NA NA NA NA NA NA 102 124 0 NA NA NA NA NA NA 876 114 56 NA NA NA NA NA NA 398 101 71 NA NA NA NA NA NA 
1743368400.0 514.0 63 91 0 NA NA NA NA NA NA 104 127 0 NA NA NA NA NA NA 448 88 56 NA NA NA NA NA NA 221 97 69 NA NA NA NA NA NA 
1743368400.0 515.0 26 89 0 NA NA NA NA NA NA 104 123 0 NA NA NA NA NA NA 3537 90 61 NA NA NA NA NA NA 2813 92 77 NA NA NA NA NA NA 
1743368400.0 516.0 63 87 0 NA NA NA NA NA NA 103 120 0 NA NA NA NA NA NA 3811 87 61 NA NA NA NA NA NA 2897 89 73 NA NA NA NA NA NA 
1743368400.0 517.0 63 92 0 NA NA NA NA NA NA 102 127 0 NA NA NA NA NA NA 500 90 56 NA NA NA NA NA NA 222 94 70 NA NA NA NA NA NA 
1743368400.0 518.0 48 92 0 NA NA NA NA NA NA 102 123 0 NA NA NA NA NA NA 3575 90 63 NA NA NA NA NA NA 3018 114 99 NA NA NA NA NA NA 
1743368400.0 519.0 62 92 0 NA NA NA NA NA NA 104 122 0 NA NA NA NA NA NA 3706 87 56 NA NA NA NA NA NA 3339 87 69 NA NA NA NA NA NA 
1743368400.0 520.0 63 91 0 NA NA NA NA NA NA 100 127 0 NA NA NA NA NA NA 501 90 56 NA NA NA NA NA NA 278 91 68 NA NA NA NA NA NA 
1743368400.0 521.0 62 84 0 NA NA NA NA NA NA 104 114 0 NA NA NA NA NA NA 3698 69 56 NA NA NA NA NA NA 3289 80 69 NA NA NA NA NA NA 
1743368400.0 522.0 63 84 0 NA NA NA NA NA NA 102 113 0 NA NA NA NA NA NA 840 68 56 NA NA NA NA NA NA 347 89 66 NA NA NA NA NA NA 
1743368400.0 523.0 63 87 0 NA NA NA NA NA NA 104 119 0 NA NA NA NA NA NA 1114 75 56 NA NA NA NA NA NA 375 98 69 NA NA NA NA NA NA 
1743368400.0 524.0 63 85 0 NA NA NA NA NA NA 100 121 0 NA NA NA NA NA NA 500 70 56 NA NA NA NA NA NA 236 88 69 NA NA NA NA NA NA 
1743368400.0 525.0 63 85 0 NA NA NA NA NA NA 104 117 0 NA NA NA NA NA NA 3704 78 61 NA NA NA NA NA NA 3285 89 72 NA NA NA NA NA NA 
1743368400.0 526.0 63 84 0 NA NA NA NA NA NA 103 115 0 NA NA NA NA NA NA 3587 76 57 NA NA NA NA NA NA 3348 102 74 NA NA NA NA NA NA 
1743368400.0 527.0 62 86 0 NA NA NA NA NA NA 101 121 0 NA NA NA NA NA NA 505 72 59 NA NA NA NA NA NA 252 96 70 NA NA NA NA NA NA 
1743368400.0 528.0 63 84 0 NA NA NA NA NA NA 103 114 0 NA NA NA NA NA NA 3681 73 60 NA NA NA NA NA NA 2929 101 91 NA NA NA NA NA NA 
1743368400.0 529.0 26 85 0 NA NA NA NA NA NA 103 114 0 NA NA NA NA NA NA 3321 69 57 NA NA NA NA NA NA 3391 90 76 NA NA NA NA NA NA 
1743368400.0 530.0 62 86 0 NA NA NA NA NA NA 101 123 0 NA NA NA NA NA NA 503 73 56 NA NA NA NA NA NA 246 95 68 NA NA NA NA NA NA 
1743368400.0 531.0 107 0 NA NA NA NA NA NA NA 221 0 NA NA NA NA NA NA NA 67 56 NA NA NA NA NA NA NA 74 70 NA NA NA NA NA NA NA 
1743368400.0 534.0 228 0 NA NA NA NA NA NA NA 284 0 NA NA NA NA NA NA NA 687 57 NA NA NA NA NA NA NA 953 72 NA NA NA NA NA NA NA 
1743368400.0 535.0 96 0 NA NA NA NA NA NA NA 137 0 NA NA NA NA NA NA NA 562 56 NA NA NA NA NA NA NA 336 70 NA NA NA NA NA NA NA 
1743368400.0 536.0 91 0 NA NA NA NA NA NA NA 121 0 NA NA NA NA NA NA NA 95 57 NA NA NA NA NA NA NA 122 70 NA NA NA NA NA NA NA 
1743368400.0 537.0 95 0 NA NA NA NA NA NA NA 139 0 NA NA NA NA NA NA NA 1847 56 NA NA NA NA NA NA NA 849 67 NA NA NA NA NA NA NA 
1743368400.0 538.0 59 0 NA NA NA NA NA NA NA 138 0 NA NA NA NA NA NA NA 3687 64 NA NA NA NA NA NA NA 3046 99 NA NA NA NA NA NA NA 
1743368400.0 539.0 77 0 NA NA NA NA NA NA NA 127 0 NA NA NA NA NA NA NA 11174 57 NA NA NA NA NA NA NA 15877 75 NA NA NA NA NA NA NA 
1743368400.0 541.0 83 0 NA NA NA NA NA NA NA 110 0 NA NA NA NA NA NA NA 74 56 NA NA NA NA NA NA NA 129 68 NA NA NA NA NA NA NA 
1743368400.0 545.0 84 0 NA NA NA NA NA NA NA 114 0 NA NA NA NA NA NA NA 88 56 NA NA NA NA NA NA NA 109 68 NA NA NA NA NA NA NA 
1743368400.0 551.0 63 90 0 NA NA NA NA NA NA 104 122 0 NA NA NA NA NA NA 1120 114 56 NA NA NA NA NA NA 378 107 70 NA NA NA NA NA NA 
1743368400.0 552.0 62 91 0 NA NA NA NA NA NA 101 127 0 NA NA NA NA NA NA 505 89 57 NA NA NA NA NA NA 264 121 72 NA NA NA NA NA NA 
1743368400.0 554.0 63 92 0 NA NA NA NA NA NA 102 125 0 NA NA NA NA NA NA 2374 87 56 NA NA NA NA NA NA 736 88 68 NA NA NA NA NA NA 
1743368400.0 555.0 63 86 0 NA NA NA NA NA NA 103 120 0 NA NA NA NA NA NA 1651 83 57 NA NA NA NA NA NA 559 90 72 NA NA NA NA NA NA 
1743368400.0 556.0 63 92 0 NA NA NA NA NA NA 103 127 0 NA NA NA NA NA NA 430 110 57 NA NA NA NA NA NA 188 97 69 NA NA NA NA NA NA 
1743368400.0 560.0 90 0 NA NA NA NA NA NA NA 119 0 NA NA NA NA NA NA NA 87 56 NA NA NA NA NA NA NA 88 67 NA NA NA NA NA NA NA 
1743368400.0 561.0 87 0 NA NA NA NA NA NA NA 117 0 NA NA NA NA NA NA NA 86 56 NA NA NA NA NA NA NA 99 68 NA NA NA NA NA NA NA 
1743368400.0 562.0 63 88 0 NA NA NA NA NA NA 104 119 0 NA NA NA NA NA NA 444 85 56 NA NA NA NA NA NA 233 85 68 NA NA NA NA NA NA 
1743368400.0 570.0 78 0 NA NA NA NA NA NA NA 106 0 NA NA NA NA NA NA NA 134 56 NA NA NA NA NA NA NA 119 69 NA NA NA NA NA NA NA 
1743368400.0 571.0 79 0 NA NA NA NA NA NA NA 106 0 NA NA NA NA NA NA NA 157 57 NA NA NA NA NA NA NA 134 70 NA NA NA NA NA NA NA 
1743368400.0 572.0 78 0 NA NA NA NA NA NA NA 103 0 NA NA NA NA NA NA NA 114 56 NA NA NA NA NA NA NA 106 68 NA NA NA NA NA NA NA 
1743368400.0 573.0 80 0 NA NA NA NA NA NA NA 105 0 NA NA NA NA NA NA NA 295 56 NA NA NA NA NA NA NA 231 67 NA NA NA NA NA NA NA 
1743368400.0 574.0 80 0 NA NA NA NA NA NA NA 106 0 NA NA NA NA NA NA NA 338 57 NA NA NA NA NA NA NA 236 71 NA NA NA NA NA NA NA 
1743368400.0 575.0 78 0 NA NA NA NA NA NA NA 102 0 NA NA NA NA NA NA NA 538 56 NA NA NA NA NA NA NA 451 67 NA NA NA NA NA NA NA 
1743368400.0 576.0 79 0 NA NA NA NA NA NA NA 105 0 NA NA NA NA NA NA NA 96 56 NA NA NA NA NA NA NA 95 68 NA NA NA NA NA NA NA 
1743368400.0 577.0 78 0 NA NA NA NA NA NA NA 107 0 NA NA NA NA NA NA NA 88 56 NA NA NA NA NA NA NA 91 71 NA NA NA NA NA NA NA 
1743368400.0 6.0 NA 208 413 0 NA NA NA NA NA NA 293 548 0 NA NA NA NA NA NA 617 859 148 NA NA NA NA NA NA 305 729 162 NA NA NA NA NA 
1743368400.0 7.0 116 194 218 119 0 NA NA NA NA 169 264 335 183 0 NA NA NA NA 243 146 228 115 74 NA NA NA NA 317 181 285 169 89 NA NA NA NA 
1743368400.0 7.1 113 188 221 119 0 NA NA NA NA 165 260 338 181 0 NA NA NA NA 530 156 240 120 76 NA NA NA NA 470 187 273 161 89 NA NA NA NA 
1743368400.0 7.2 111 284 330 126 0 NA NA NA NA 170 379 513 193 0 NA NA NA NA 303 422 407 126 101 NA NA NA NA 330 383 414 162 115 NA NA NA NA 
1743368400.0 7.21 117 292 331 125 0 NA NA NA NA 167 389 515 191 0 NA NA NA NA 334 419 397 124 98 NA NA NA NA 331 383 384 156 113 NA NA NA NA 
1743368400.0 7.22 116 240 291 124 0 NA NA NA NA 171 333 424 191 0 NA NA NA NA 244 152 275 120 76 NA NA NA NA 332 206 318 172 89 NA NA NA NA 
1743368400.0 7.23 123 246 331 123 0 NA NA NA NA 169 346 504 194 0 NA NA NA NA 559 218 288 107 102 NA NA NA NA 516 194 287 129 116 NA NA NA NA 
1743368400.0 7.24 119 243 320 120 0 NA NA NA NA 171 348 479 188 0 NA NA NA NA 416 147 279 94 97 NA NA NA NA 511 151 327 117 112 NA NA NA NA 
1743368400.0 7.25 122 316 239 123 0 NA NA NA NA 167 439 380 194 0 NA NA NA NA 490 267 246 110 53 NA NA NA NA 482 240 255 128 75 NA NA NA NA 
1743368400.0 7.3 113 272 322 124 0 NA NA NA NA 169 353 513 192 0 NA NA NA NA 467 260 304 125 92 NA NA NA NA 397 298 299 151 112 NA NA NA NA 
1743368400.0 7.4 116 285 328 125 0 NA NA NA NA 168 371 517 194 0 NA NA NA NA 283 439 408 124 99 NA NA NA NA 296 343 410 164 113 NA NA NA NA 
1743368400.0 7.5 130 360 203 NA NA NA NA NA NA 169 537 304 NA NA NA NA NA NA 545 343 248 NA NA NA NA NA NA 582 318 252 NA NA NA NA NA NA 
1743368400.0 8.0 NA 207 225 104 0 NA NA NA NA NA 302 346 166 0 NA NA NA NA NA 571 281 84 74 NA NA NA NA NA 306 295 127 89 NA NA NA NA 
1743368400.0 8.1 118 315 340 103 0 NA NA NA NA 168 403 528 169 0 NA NA NA NA 202 567 292 84 94 NA NA NA NA 272 274 326 148 113 NA NA NA NA 
1743368400.0 8.2 126 268 338 102 0 NA NA NA NA 175 371 494 169 0 NA NA NA NA 394 198 284 82 96 NA NA NA NA 561 192 318 109 111 NA NA NA NA 
1743368400.0 9.0 NA 235 456 0 NA NA NA NA NA NA 325 613 0 NA NA NA NA NA NA 728 1612 173 NA NA NA NA NA NA 305 870 189 NA NA NA NA NA 
