Timestamp WorkflowId PeakValueRss1 PeakValueRss2 PeakValueRss3 PeakValueRss4 PeakValueRss5 PeakValueRss6 PeakValueRss7 PeakValueRss8 PeakValueRss9 PeakValueVsize1 PeakValueVsize2 PeakValueVsize3 PeakValueVsize4 PeakValueVsize5 PeakValueVsize6 PeakValueVsize7 PeakValueVsize8 PeakValueVsize9 TotalJobCPU1 TotalJobCPU2 TotalJobCPU3 TotalJobCPU4 TotalJobCPU5 TotalJobCPU6 TotalJobCPU7 TotalJobCPU8 TotalJobCPU9 TotalJobTime1 TotalJobTime2 TotalJobTime3 TotalJobTime4 TotalJobTime5 TotalJobTime6 TotalJobTime7 TotalJobTime8 TotalJobTime9 
1783933200.0 1.0 157 180 302 NA NA NA NA NA NA 234 252 416 NA NA NA NA NA NA 715 161 391 NA NA NA NA NA NA 546 195 551 NA NA NA NA NA NA 
1783933200.0 10.0 163 187 395 0 NA NA NA NA NA 234 263 515 0 NA NA NA NA NA 651 151 621 155 NA NA NA NA NA 376 139 689 189 NA NA NA NA NA 
1783933200.0 1000.0 NA 354 169 0 99 NA NA NA NA NA 524 273 0 169 NA NA NA NA NA 1045 182 113 176 NA NA NA NA NA 885 197 131 171 NA NA NA NA 
1783933200.0 10001.0 126 303 514 0 151 187 NA NA NA 172 405 707 0 221 276 NA NA NA 240 167 618 166 201 205 NA NA NA 222 151 630 187 234 256 NA NA NA 
1783933200.0 10002.0 125 303 519 0 151 190 NA NA NA 172 404 676 0 219 274 NA NA NA 289 166 661 167 203 212 NA NA NA 250 153 740 190 230 283 NA NA NA 
1783933200.0 10003.0 139 295 501 0 145 177 NA NA NA 206 404 688 0 216 275 NA NA NA 1988 174 663 176 209 207 NA NA NA 821 151 744 224 245 233 NA NA NA 
1783933200.0 10004.0 124 302 511 0 151 188 NA NA NA 169 400 687 0 218 282 NA NA NA 233 169 628 163 202 195 NA NA NA 239 158 685 182 234 215 NA NA NA 
1783933200.0 10005.0 124 304 513 0 151 184 NA NA NA 170 413 699 0 220 277 NA NA NA 281 165 642 164 202 206 NA NA NA 257 140 626 198 230 272 NA NA NA 
1783933200.0 10006.0 125 303 512 0 151 182 NA NA NA 172 382 674 0 215 277 NA NA NA 213 169 630 165 207 208 NA NA NA 203 147 619 178 249 276 NA NA NA 
1783933200.0 10007.0 124 303 522 0 180 193 NA NA NA 170 408 688 0 285 286 NA NA NA 220 168 648 164 209 209 NA NA NA 236 167 653 178 244 256 NA NA NA 
1783933200.0 10008.0 126 304 524 0 180 190 NA NA NA 170 401 709 0 288 276 NA NA NA 218 169 663 169 211 203 NA NA NA 208 148 696 194 240 232 NA NA NA 
1783933200.0 10009.0 126 301 526 0 180 190 NA NA NA 172 394 710 0 288 281 NA NA NA 238 168 667 169 211 205 NA NA NA 241 146 714 186 244 233 NA NA NA 
1783933200.0 1001.0 NA 342 184 0 0 0 0 0 0 NA 473 259 0 0 0 0 0 0 NA 936 231 35 22 34 73 44 74 NA 647 251 46 32 46 96 57 85 
1783933200.0 1001.2 NA 558 227 0 0 0 0 NA NA NA 751 340 0 0 0 0 NA NA NA 4225 371 43 52 45 50 NA NA NA 1657 319 66 82 59 64 NA NA 
1783933200.0 1001.3 NA 544 204 0 NA NA NA NA NA NA 729 306 0 NA NA NA NA NA NA 3540 275 102 NA NA NA NA NA NA 1497 323 134 NA NA NA NA NA 
1783933200.0 1001.4 NA 543 179 0 0 0 NA NA NA NA 762 272 0 0 0 NA NA NA NA 3587 210 42 43 43 NA NA NA NA 1489 236 56 58 55 NA NA NA 
1783933200.0 1002.0 NA 393 126 NA NA NA NA NA NA NA 532 155 NA NA NA NA NA NA NA 1209 85 NA NA NA NA NA NA NA 1337 92 NA NA NA NA NA NA 
1783933200.0 1002.3 NA 526 224 0 NA NA NA NA NA NA 696 330 0 NA NA NA NA NA NA 2767 364 107 NA NA NA NA NA NA 1320 366 161 NA NA NA NA NA 
1783933200.0 1002.4 NA 538 0 NA NA NA NA NA NA NA 722 0 NA NA NA NA NA NA NA 4112 155 NA NA NA NA NA NA NA 1592 172 NA NA NA NA NA NA 
1783933200.0 10024.0 140 312 543 0 184 192 NA NA NA 193 404 715 0 291 291 NA NA NA 928 187 727 182 210 210 NA NA NA 439 165 684 196 235 256 NA NA NA 
1783933200.0 10024.1 141 311 318 0 NA NA NA NA NA 190 397 468 0 NA NA NA NA NA 922 186 312 172 NA NA NA NA NA 419 159 356 189 NA NA NA NA NA 
1783933200.0 10024.2 141 303 521 0 NA NA NA NA NA 190 415 695 0 NA NA NA NA NA 892 195 743 180 NA NA NA NA NA 408 154 673 200 NA NA NA NA NA 
1783933200.0 10024.3 142 311 295 0 NA NA NA NA NA 194 395 464 0 NA NA NA NA NA 918 185 288 148 NA NA NA NA NA 444 169 332 185 NA NA NA NA NA 
1783933200.0 10024.4 140 312 530 0 NA NA NA NA NA 195 414 729 0 NA NA NA NA NA 923 182 695 169 NA NA NA NA NA 430 154 648 183 NA NA NA NA NA 
1783933200.0 10025.0 136 306 522 0 155 133 NA NA NA 187 393 680 0 225 285 NA NA NA 640 170 661 180 208 215 NA NA NA 348 166 615 198 234 308 NA NA NA 
1783933200.0 1003.0 NA 401 0 NA NA NA NA NA NA NA 650 0 NA NA NA NA NA NA NA 1099 110 NA NA NA NA NA NA NA 715 141 NA NA NA NA NA NA 
1783933200.0 10042.0 137 307 532 0 184 132 NA NA NA 188 396 711 0 287 280 NA NA NA 491 155 660 176 210 209 NA NA NA 316 149 661 192 234 310 NA NA NA 
1783933200.0 1005.0 NA 228 157 0 0 NA NA NA NA NA 376 247 0 0 NA NA NA NA NA 309 173 36 47 NA NA NA NA NA 450 321 57 92 NA NA NA NA 
1783933200.0 10059.0 146 310 542 0 152 192 NA NA NA 204 412 727 0 229 285 NA NA NA 2696 204 982 201 218 225 NA NA NA 1151 189 783 292 285 379 NA NA NA 
1783933200.0 10071.0 143 311 537 0 157 192 NA NA NA 196 404 714 0 225 284 NA NA NA 1009 188 742 183 204 211 NA NA NA 483 162 651 199 231 260 NA NA NA 
1783933200.0 101.0 184 NA NA NA NA NA NA NA NA 308 NA NA NA NA NA NA NA NA 306 NA NA NA NA NA NA NA NA 348 NA NA NA NA NA NA NA NA 
1783933200.0 1010.0 NA 91 112 0 NA NA NA NA NA NA 159 180 0 NA NA NA NA NA NA 136 152 55 NA NA NA NA NA NA 256 211 86 NA NA NA NA NA 
1783933200.0 102.0 182 NA NA NA NA NA NA NA NA 299 NA NA NA NA NA NA NA NA 292 NA NA NA NA NA NA NA NA 330 NA NA NA NA NA NA NA NA 
1783933200.0 103.0 111 0 0 NA NA NA NA NA NA 170 0 0 NA NA NA NA NA NA 223 53 490 NA NA NA NA NA NA 215 66 571 NA NA NA NA NA NA 
1783933200.0 1030.0 NA 288 99 0 0 NA NA NA NA NA 431 163 0 0 NA NA NA NA NA 2186 152 23 23 NA NA NA NA NA 871 175 38 40 NA NA NA NA 
1783933200.0 1040.0 NA 509 89 0 NA NA NA NA NA NA 696 146 0 NA NA NA NA NA NA 3700 124 43 NA NA NA NA NA NA 1327 136 61 NA NA NA NA NA 
1783933200.0 10424.0 131 255 515 0 NA NA NA NA NA 196 354 732 0 NA NA NA NA NA 951 173 763 187 NA NA NA NA NA 435 133 665 205 NA NA NA NA NA 
1783933200.0 1046.0 NA 105 91 0 NA NA NA NA NA NA 179 157 0 NA NA NA NA NA NA 179 136 25 NA NA NA NA NA NA 296 205 47 NA NA NA NA NA 
1783933200.0 1047.0 NA 105 109 0 NA NA NA NA NA NA 174 174 0 NA NA NA NA NA NA 178 155 27 NA NA NA NA NA NA 262 190 51 NA NA NA NA NA 
1783933200.0 1048.0 NA 105 102 0 NA NA NA NA NA NA 178 168 0 NA NA NA NA NA NA 178 153 23 NA NA NA NA NA NA 274 192 48 NA NA NA NA NA 
1783933200.0 1049.0 NA 118 0 NA NA NA NA NA NA NA 187 0 NA NA NA NA NA NA NA 505 56 NA NA NA NA NA NA NA 724 106 NA NA NA NA NA NA 
1783933200.0 105.0 143 185 99 NA NA NA NA NA NA 234 255 155 NA NA NA NA NA NA 746 154 144 NA NA NA NA NA NA 618 219 185 NA NA NA NA NA NA 
1783933200.0 1052.0 NA 219 162 0 NA NA NA NA NA NA 385 248 0 NA NA NA NA NA NA 298 167 25 NA NA NA NA NA NA 514 197 53 NA NA NA NA NA 
1783933200.0 106.0 120 0 0 NA NA NA NA NA NA 171 0 0 NA NA NA NA NA NA 229 55 524 NA NA NA NA NA NA 286 93 792 NA NA NA NA NA NA 
1783933200.0 107.0 166 189 394 NA NA NA NA NA NA 240 265 529 NA NA NA NA NA NA 845 160 646 NA NA NA NA NA NA 401 143 678 NA NA NA NA NA NA 
1783933200.0 108.0 162 188 401 NA NA NA NA NA NA 246 263 541 NA NA NA NA NA NA 835 163 656 NA NA NA NA NA NA 418 160 638 NA NA NA NA NA NA 
1783933200.0 10801.0 125 296 513 0 150 188 NA NA NA 171 393 678 0 216 280 NA NA NA 246 175 663 166 208 208 NA NA NA 219 162 686 185 288 277 NA NA NA 
1783933200.0 10802.0 125 294 511 0 150 190 NA NA NA 171 384 707 0 218 273 NA NA NA 282 174 635 166 205 203 NA NA NA 261 187 710 183 237 229 NA NA NA 
1783933200.0 10803.0 140 294 518 0 152 189 NA NA NA 209 389 679 0 223 286 NA NA NA 2139 183 695 183 216 224 NA NA NA 1081 219 1003 272 296 335 NA NA NA 
1783933200.0 10804.0 125 292 509 0 151 189 NA NA NA 170 386 705 0 219 277 NA NA NA 236 175 637 163 205 208 NA NA NA 219 191 619 194 230 277 NA NA NA 
1783933200.0 10804.31 116 286 492 0 145 183 NA NA NA 170 383 664 0 225 286 NA NA NA 247 188 659 171 206 195 NA NA NA 461 182 1161 186 225 220 NA NA NA 
1783933200.0 10805.0 124 294 501 0 151 188 NA NA NA 174 391 675 0 215 275 NA NA NA 284 178 666 167 212 200 NA NA NA 235 157 722 190 257 220 NA NA NA 
1783933200.0 10805.31 115 286 490 0 145 174 NA NA NA 172 386 694 0 213 272 NA NA NA 295 187 960 175 209 208 NA NA NA 418 192 1578 229 252 239 NA NA NA 
1783933200.0 10806.0 122 295 514 0 151 188 NA NA NA 169 377 676 0 218 276 NA NA NA 211 174 637 164 204 197 NA NA NA 218 152 609 186 241 223 NA NA NA 
1783933200.0 10807.0 125 296 510 0 178 189 NA NA NA 171 378 704 0 286 286 NA NA NA 214 178 639 168 210 211 NA NA NA 214 155 682 183 243 284 NA NA NA 
1783933200.0 10808.0 126 295 524 0 181 190 NA NA NA 170 394 709 0 289 283 NA NA NA 222 175 661 168 209 214 NA NA NA 218 172 663 184 239 314 NA NA NA 
1783933200.0 10809.0 126 293 523 0 180 191 NA NA NA 173 376 709 0 286 281 NA NA NA 276 177 662 171 207 205 NA NA NA 245 150 658 189 243 231 NA NA NA 
1783933200.0 10823.0 134 296 510 0 151 180 NA NA NA 182 382 698 0 223 274 NA NA NA 609 180 640 174 204 205 NA NA NA 439 162 655 201 232 268 NA NA NA 
1783933200.0 10824.0 129 302 522 0 174 186 NA NA NA 190 410 710 0 286 284 NA NA NA 930 198 747 199 218 206 NA NA NA 515 165 668 224 327 228 NA NA NA 
1783933200.0 10824.1 140 305 315 0 NA NA NA NA NA 192 389 467 0 NA NA NA NA NA 915 198 314 178 NA NA NA NA NA 456 174 342 219 NA NA NA NA NA 
1783933200.0 10824.6 141 305 541 0 183 190 NA NA NA 195 408 708 0 295 284 NA NA NA 906 198 740 183 211 209 NA NA NA 419 168 674 199 239 238 NA NA NA 
1783933200.0 10824.8 140 304 541 0 183 192 NA NA NA 189 387 738 0 288 290 NA NA NA 905 194 744 186 212 210 NA NA NA 443 161 740 204 266 236 NA NA NA 
1783933200.0 10825.0 136 299 528 0 155 188 NA NA NA 187 393 725 0 219 283 NA NA NA 620 181 669 184 204 216 NA NA NA 339 153 667 216 226 273 NA NA NA 
1783933200.0 10826.0 131 297 529 0 154 178 NA NA NA 197 401 751 0 227 280 NA NA NA 1482 216 854 202 220 212 NA NA NA 665 250 735 224 256 241 NA NA NA 
1783933200.0 10842.0 134 289 503 0 181 178 NA NA NA 185 390 714 0 288 276 NA NA NA 452 169 678 188 210 204 NA NA NA 317 160 643 227 235 230 NA NA NA 
1783933200.0 10859.0 142 298 522 0 149 193 NA NA NA 205 396 703 0 224 286 NA NA NA 2628 212 943 197 211 204 NA NA NA 946 172 899 217 230 226 NA NA NA 
1783933200.0 10871.0 141 304 535 0 156 192 NA NA NA 195 394 712 0 221 288 NA NA NA 1034 192 740 186 204 205 NA NA NA 466 181 713 203 227 227 NA NA NA 
1783933200.0 109.0 163 189 399 NA NA NA NA NA NA 233 271 539 NA NA NA NA NA NA 869 159 665 NA NA NA NA NA NA 396 140 676 NA NA NA NA NA NA 
1783933200.0 11.0 157 183 374 0 124 NA NA NA NA 233 262 497 0 185 NA NA NA NA 572 145 605 179 173 NA NA NA NA 342 146 585 236 207 NA NA NA NA 
1783933200.0 110.0 113 172 362 NA NA NA NA NA NA 171 259 507 NA NA NA NA NA NA 233 146 598 NA NA NA NA NA NA 235 166 770 NA NA NA NA NA NA 
1783933200.0 1102.0 145 180 390 206 104 NA NA NA NA 237 271 523 366 239 NA NA NA NA 831 164 684 212 70 NA NA NA NA 408 140 762 238 77 NA NA NA NA 
1783933200.0 111.0 135 170 360 NA NA NA NA NA NA 204 257 511 NA NA NA NA NA NA 320 115 581 NA NA NA NA NA NA 277 157 857 NA NA NA NA NA NA 
1783933200.0 112.0 167 187 387 NA NA NA NA NA NA 242 265 519 NA NA NA NA NA NA 748 158 615 NA NA NA NA NA NA 387 150 649 NA NA NA NA NA NA 
1783933200.0 11224.0 140 267 531 0 NA NA NA NA NA 189 362 722 0 NA NA NA NA NA 919 176 732 184 NA NA NA NA NA 446 131 652 203 NA NA NA NA NA 
1783933200.0 11224.6 142 267 529 0 NA NA NA NA NA 193 359 702 0 NA NA NA NA NA 939 182 744 181 NA NA NA NA NA 430 139 665 194 NA NA NA NA NA 
1783933200.0 113.0 164 187 386 NA NA NA NA NA NA 239 268 514 NA NA NA NA NA NA 689 158 615 NA NA NA NA NA NA 403 139 637 NA NA NA NA NA NA 
1783933200.0 114.0 149 180 373 NA NA NA NA NA NA 234 263 518 NA NA NA NA NA NA 640 157 624 NA NA NA NA NA NA 335 140 608 NA NA NA NA NA NA 
1783933200.0 115.0 159 188 392 NA NA NA NA NA NA 242 270 506 NA NA NA NA NA NA 725 159 633 NA NA NA NA NA NA 376 151 624 NA NA NA NA NA NA 
1783933200.0 116.0 162 187 393 NA NA NA NA NA NA 235 272 529 NA NA NA NA NA NA 682 154 641 NA NA NA NA NA NA 374 141 674 NA NA NA NA NA NA 
1783933200.0 11601.0 141 307 545 0 152 NA NA NA NA 182 416 763 0 222 NA NA NA NA 401 185 696 171 189 NA NA NA NA 424 127 729 204 225 NA NA NA NA 
1783933200.0 11602.0 133 311 550 0 153 NA NA NA NA 174 400 751 0 220 NA NA NA NA 448 178 692 179 191 NA NA NA NA 431 120 725 235 231 NA NA NA NA 
1783933200.0 11603.0 142 301 563 0 151 NA NA NA NA 213 391 756 0 218 NA NA NA NA 2358 191 725 178 189 NA NA NA NA 1095 138 702 202 204 NA NA NA NA 
1783933200.0 11604.0 138 309 554 0 152 NA NA NA NA 185 398 773 0 219 NA NA NA NA 398 178 700 165 185 NA NA NA NA 392 118 726 181 192 NA NA NA NA 
1783933200.0 11605.0 141 310 546 0 153 NA NA NA NA 184 398 731 0 225 NA NA NA NA 445 182 691 168 188 NA NA NA NA 370 123 724 186 200 NA NA NA NA 
1783933200.0 11606.0 132 304 547 0 152 NA NA NA NA 174 390 732 0 224 NA NA NA NA 372 180 672 166 188 NA NA NA NA 427 130 727 180 195 NA NA NA NA 
1783933200.0 11607.0 134 311 562 0 180 NA NA NA NA 175 402 762 0 294 NA NA NA NA 386 183 703 173 203 NA NA NA NA 409 128 680 202 224 NA NA NA NA 
1783933200.0 11608.0 134 307 564 0 183 NA NA NA NA 175 397 762 0 284 NA NA NA NA 382 183 703 170 194 NA NA NA NA 353 125 715 186 219 NA NA NA NA 
1783933200.0 11609.0 138 311 560 0 183 NA NA NA NA 191 402 734 0 290 NA NA NA NA 398 181 714 179 192 NA NA NA NA 357 125 735 243 205 NA NA NA NA 
1783933200.0 11630.0 150 315 568 0 153 NA NA NA NA 210 411 818 0 229 NA NA NA NA 2790 230 1109 203 196 NA NA NA NA 1055 134 842 240 203 NA NA NA NA 
1783933200.0 11634.0 148 313 588 0 188 NA NA NA NA 199 418 797 0 293 NA NA NA NA 1041 196 789 196 198 NA NA NA NA 552 122 671 240 223 NA NA NA NA 
1783933200.0 11634.1 146 317 325 0 NA NA NA NA NA 201 418 476 0 NA NA NA NA NA 1057 199 300 176 NA NA NA NA NA 581 155 333 236 NA NA NA NA NA 
1783933200.0 11634.15 147 317 601 0 189 NA NA NA NA 191 407 812 0 303 NA NA NA NA 1031 196 914 195 195 NA NA NA NA 541 129 800 279 203 NA NA NA NA 
1783933200.0 11634.24 130 240 528 0 146 NA NA NA NA 177 335 714 0 217 NA NA NA NA 426 107 669 170 185 NA NA NA NA 415 130 785 184 197 NA NA NA NA 
1783933200.0 11634.5 147 314 176 0 NA NA NA NA NA 194 403 300 0 NA NA NA NA NA 1065 198 167 71 NA NA NA NA NA 576 127 223 100 NA NA NA NA NA 
1783933200.0 11634.601 146 313 107 586 0 NA NA NA NA 187 403 167 788 0 NA NA NA NA 1031 196 48 794 188 NA NA NA NA 539 135 54 690 205 NA NA NA NA 
1783933200.0 11634.7 146 315 588 0 NA NA NA NA NA 189 400 803 0 NA NA NA NA NA 1047 200 791 188 NA NA NA NA NA 559 144 672 205 NA NA NA NA NA 
1783933200.0 11634.91 147 317 582 0 189 NA NA NA NA 189 413 774 0 298 NA NA NA NA 1049 198 793 192 197 NA NA NA NA 559 121 744 250 210 NA NA NA NA 
1783933200.0 11634.914 140 313 561 0 187 NA NA NA NA 184 409 788 0 295 NA NA NA NA 893 216 835 190 212 NA NA NA NA 405 158 854 220 239 NA NA NA NA 
1783933200.0 11640.0 143 312 541 0 153 NA NA NA NA 186 414 792 0 225 NA NA NA NA 1190 183 703 183 187 NA NA NA NA 694 115 751 243 197 NA NA NA NA 
1783933200.0 11643.0 150 321 583 0 158 NA NA NA NA 194 433 807 0 227 NA NA NA NA 1190 203 811 186 187 NA NA NA NA 615 124 753 200 193 NA NA NA NA 
1783933200.0 11646.0 146 313 568 0 189 NA NA NA NA 187 402 760 0 298 NA NA NA NA 812 187 741 181 194 NA NA NA NA 502 118 691 199 207 NA NA NA NA 
1783933200.0 11650.0 144 310 565 0 191 NA NA NA NA 188 408 749 0 300 NA NA NA NA 644 176 725 186 194 NA NA NA NA 463 126 682 202 205 NA NA NA NA 
1783933200.0 117.0 159 187 397 NA NA NA NA NA NA 233 265 535 NA NA NA NA NA NA 825 161 655 NA NA NA NA NA NA 416 146 700 NA NA NA NA NA NA 
1783933200.0 11723.17 153 324 591 0 NA NA NA NA NA 198 422 779 0 NA NA NA NA NA 2233 213 944 189 NA NA NA NA NA 924 127 717 204 NA NA NA NA NA 
1783933200.0 118.0 145 180 386 NA NA NA NA NA NA 233 267 521 NA NA NA NA NA NA 833 160 663 NA NA NA NA NA NA 409 131 635 NA NA NA NA NA NA 
1783933200.0 119.0 139 180 374 NA NA NA NA NA NA 234 265 530 NA NA NA NA NA NA 519 150 599 NA NA NA NA NA NA 372 130 573 NA NA NA NA NA NA 
1783933200.0 12.0 144 177 379 0 NA NA NA NA NA 245 263 520 0 NA NA NA NA NA 605 157 647 164 NA NA NA NA NA 376 197 588 242 NA NA NA NA NA 
1783933200.0 120.0 120 172 363 NA NA NA NA NA NA 194 259 522 NA NA NA NA NA NA 211 146 564 NA NA NA NA NA NA 198 160 551 NA NA NA NA NA NA 
1783933200.0 12034.0 147 277 570 0 NA NA NA NA NA 189 377 783 0 NA NA NA NA NA 1051 177 759 185 NA NA NA NA NA 556 145 664 203 NA NA NA NA NA 
1783933200.0 121.0 161 190 398 NA NA NA NA NA NA 240 270 521 NA NA NA NA NA NA 842 157 669 NA NA NA NA NA NA 425 129 642 NA NA NA NA NA NA 
1783933200.0 122.0 122 173 363 NA NA NA NA NA NA 187 251 500 NA NA NA NA NA NA 234 105 601 NA NA NA NA NA NA 319 163 918 NA NA NA NA NA NA 
1783933200.0 123.1 373 NA NA NA NA NA NA NA NA 528 NA NA NA NA NA NA NA NA 364 NA NA NA NA NA NA NA NA 474 NA NA NA NA NA NA NA NA 
1783933200.0 123.2 371 NA NA NA NA NA NA NA NA 530 NA NA NA NA NA NA NA NA 400 NA NA NA NA NA NA NA NA 444 NA NA NA NA NA NA NA NA 
1783933200.0 123.3 311 NA NA NA NA NA NA NA NA 417 NA NA NA NA NA NA NA NA 304 NA NA NA NA NA NA NA NA 415 NA NA NA NA NA NA NA NA 
1783933200.0 124.1 352 NA NA NA NA NA NA NA NA 480 NA NA NA NA NA NA NA NA 317 NA NA NA NA NA NA NA NA 472 NA NA NA NA NA NA NA NA 
1783933200.0 124.2 355 NA NA NA NA NA NA NA NA 512 NA NA NA NA NA NA NA NA 339 NA NA NA NA NA NA NA NA 454 NA NA NA NA NA NA NA NA 
1783933200.0 124.4 378 NA NA NA NA NA NA NA NA 479 NA NA NA NA NA NA NA NA 317 NA NA NA NA NA NA NA NA 446 NA NA NA NA NA NA NA NA 
1783933200.0 124.5 379 NA NA NA NA NA NA NA NA 498 NA NA NA NA NA NA NA NA 317 NA NA NA NA NA NA NA NA 468 NA NA NA NA NA NA NA NA 
1783933200.0 124.6 308 NA NA NA NA NA NA NA NA 407 NA NA NA NA NA NA NA NA 318 NA NA NA NA NA NA NA NA 459 NA NA NA NA NA NA NA NA 
1783933200.0 12434.0 146 316 561 0 165 NA NA NA NA 191 410 777 0 297 NA NA NA NA 1046 203 812 194 204 NA NA NA NA 544 132 710 249 301 NA NA NA NA 
1783933200.0 12434.511 146 313 156 0 NA NA NA NA NA 191 415 237 0 NA NA NA NA NA 1074 213 135 59 NA NA NA NA NA 567 153 149 76 NA NA NA NA NA 
1783933200.0 12434.521 147 315 151 0 NA NA NA NA NA 193 406 214 0 NA NA NA NA NA 1061 205 131 64 NA NA NA NA NA 587 135 136 84 NA NA NA NA NA 
1783933200.0 12434.7 147 315 587 0 NA NA NA NA NA 190 403 788 0 NA NA NA NA NA 1045 200 796 186 NA NA NA NA NA 578 130 729 207 NA NA NA NA NA 
1783933200.0 12446.0 147 311 558 0 159 NA NA NA NA 191 398 767 0 228 NA NA NA NA 813 196 755 181 188 NA NA NA NA 498 141 756 195 197 NA NA NA NA 
1783933200.0 12461.0 130 307 552 0 149 NA NA NA NA 172 396 758 0 217 NA NA NA NA 368 184 673 164 189 NA NA NA NA 336 127 671 180 220 NA NA NA NA 
1783933200.0 125.0 158 177 375 NA NA NA NA NA NA 232 263 519 NA NA NA NA NA NA 675 162 621 NA NA NA NA NA NA 332 132 588 NA NA NA NA NA NA 
1783933200.0 126.0 124 181 377 NA NA NA NA NA NA 185 256 528 NA NA NA NA NA NA 359 149 632 NA NA NA NA NA NA 340 178 895 NA NA NA NA NA NA 
1783933200.0 127.0 118 172 361 NA NA NA NA NA NA 174 259 505 NA NA NA NA NA NA 282 152 571 NA NA NA NA NA NA 233 200 620 NA NA NA NA NA NA 
1783933200.0 128.0 122 181 372 NA NA NA NA NA NA 175 262 504 NA NA NA NA NA NA 213 147 612 NA NA NA NA NA NA 390 186 875 NA NA NA NA NA NA 
1783933200.0 12834.0 146 311 578 0 188 NA NA NA NA 193 405 774 0 289 NA NA NA NA 1079 216 805 187 197 NA NA NA NA 596 142 715 206 212 NA NA NA NA 
1783933200.0 12834.402 147 311 189 0 NA NA NA NA NA 191 417 271 0 NA NA NA NA NA 1116 212 157 85 NA NA NA NA NA 653 159 185 107 NA NA NA NA NA 
1783933200.0 12834.412 147 317 178 0 NA NA NA NA NA 189 447 265 0 NA NA NA NA NA 1086 212 147 61 NA NA NA NA NA 649 133 157 87 NA NA NA NA NA 
1783933200.0 12834.7 147 309 577 0 NA NA NA NA NA 191 430 802 0 NA NA NA NA NA 1077 208 796 198 NA NA NA NA NA 559 130 730 227 NA NA NA NA NA 
1783933200.0 12846.0 147 307 553 0 187 NA NA NA NA 192 424 768 0 288 NA NA NA NA 830 203 724 183 194 NA NA NA NA 508 128 693 211 202 NA NA NA NA 
1783933200.0 12861.0 128 301 551 0 150 NA NA NA NA 165 406 753 0 225 NA NA NA NA 364 198 696 167 186 NA NA NA NA 393 130 750 181 196 NA NA NA NA 
1783933200.0 129.0 124 180 364 NA NA NA NA NA NA 176 257 507 NA NA NA NA NA NA 208 146 611 NA NA NA NA NA NA 299 181 919 NA NA NA NA NA NA 
1783933200.0 13.0 155 187 400 0 NA NA NA NA NA 232 265 525 0 NA NA NA NA NA 1235 128 731 148 NA NA NA NA NA 644 125 616 165 NA NA NA NA NA 
1783933200.0 130.0 118 181 375 NA NA NA NA NA NA 177 260 514 NA NA NA NA NA NA 228 148 617 NA NA NA NA NA NA 293 180 880 NA NA NA NA NA NA 
1783933200.0 1301.0 147 227 327 NA NA NA NA NA NA 200 302 466 NA NA NA NA NA NA 583 163 386 NA NA NA NA NA NA 490 184 527 NA NA NA NA NA NA 
1783933200.0 1301.17 132 288 307 NA NA NA NA NA NA 180 392 505 NA NA NA NA NA NA 616 178 393 NA NA NA NA NA NA 390 187 463 NA NA NA NA NA NA 
1783933200.0 1302.0 159 235 344 NA NA NA NA NA NA 221 319 490 NA NA NA NA NA NA 899 173 433 NA NA NA NA NA NA 440 159 488 NA NA NA NA NA NA 
1783933200.0 1302.17 140 305 371 NA NA NA NA NA NA 190 400 521 NA NA NA NA NA NA 919 186 469 NA NA NA NA NA NA 444 162 510 NA NA NA NA NA NA 
1783933200.0 1302.18 130 291 263 226 169 NA NA NA NA 188 401 470 346 266 NA NA NA NA 905 205 291 254 170 NA NA NA NA 410 156 295 260 194 NA NA NA NA 
1783933200.0 1302.181 131 292 259 225 168 NA NA NA NA 188 384 473 346 267 NA NA NA NA 950 209 298 259 168 NA NA NA NA 416 189 324 287 189 NA NA NA NA 
1783933200.0 1303.0 162 236 344 NA NA NA NA NA NA 216 323 472 NA NA NA NA NA NA 1394 140 443 NA NA NA NA NA NA 682 130 492 NA NA NA NA NA NA 
1783933200.0 1303.17 145 306 376 NA NA NA NA NA NA 198 407 526 NA NA NA NA NA NA 1412 161 479 NA NA NA NA NA NA 696 156 453 NA NA NA NA NA NA 
1783933200.0 1304.18 126 285 259 215 167 NA NA NA NA 184 381 459 343 266 NA NA NA NA 635 194 268 235 164 NA NA NA NA 358 153 344 248 185 NA NA NA NA 
1783933200.0 1304.181 129 286 253 212 173 NA NA NA NA 188 382 458 351 273 NA NA NA NA 637 192 270 235 175 NA NA NA NA 339 171 320 232 249 NA NA NA NA 
1783933200.0 1304.182 133 293 298 257 NA NA NA NA NA 184 380 454 344 NA NA NA NA NA 636 187 263 233 NA NA NA NA NA 372 193 382 267 NA NA NA NA NA 
1783933200.0 1306.0 121 232 437 0 NA NA NA NA NA 173 315 588 0 NA NA NA NA NA 215 151 624 137 NA NA NA NA NA 294 146 796 167 NA NA NA NA NA 
1783933200.0 1307.0 118 209 265 102 0 NA NA NA NA 167 294 407 164 0 NA NA NA NA 479 113 306 146 77 NA NA NA NA 545 168 477 183 110 NA NA NA NA 
1783933200.0 1308.0 118 224 258 102 0 NA NA NA NA 165 312 408 162 0 NA NA NA NA 211 146 210 148 80 NA NA NA NA 346 187 314 242 131 NA NA NA NA 
1783933200.0 1309.0 149 235 448 0 NA NA NA NA NA 215 322 585 0 NA NA NA NA NA 927 168 707 156 NA NA NA NA NA 430 149 617 195 NA NA NA NA NA 
1783933200.0 131.0 124 182 380 NA NA NA NA NA NA 176 261 524 NA NA NA NA NA NA 322 149 624 NA NA NA NA NA NA 314 184 875 NA NA NA NA NA NA 
1783933200.0 1310.0 154 232 442 0 NA NA NA NA NA 216 327 610 0 NA NA NA NA NA 713 168 650 154 NA NA NA NA NA 355 141 572 189 NA NA NA NA NA 
1783933200.0 1311.0 144 234 445 0 124 NA NA NA NA 197 322 595 0 187 NA NA NA NA 593 153 578 150 172 NA NA NA NA 372 136 644 163 207 NA NA NA NA 
1783933200.0 1312.0 159 237 456 0 NA NA NA NA NA 218 313 613 0 NA NA NA NA NA 661 164 642 154 NA NA NA NA NA 372 163 603 184 NA NA NA NA NA 
1783933200.0 1313.0 161 241 471 0 NA NA NA NA NA 219 325 594 0 NA NA NA NA NA 1378 141 678 145 NA NA NA NA NA 652 170 584 166 NA NA NA NA NA 
1783933200.0 1314.0 140 227 438 0 NA NA NA NA NA 216 319 571 0 NA NA NA NA NA 543 171 639 152 NA NA NA NA NA 301 175 575 168 NA NA NA NA NA 
1783933200.0 1315.0 124 232 439 0 NA NA NA NA NA 171 308 558 0 NA NA NA NA NA 234 154 624 144 NA NA NA NA NA 259 201 754 203 NA NA NA NA NA 
1783933200.0 1316.0 130 233 445 0 NA NA NA NA NA 203 312 607 0 NA NA NA NA NA 2005 149 591 132 NA NA NA NA NA 839 126 551 146 NA NA NA NA NA 
1783933200.0 1317.0 124 227 444 0 175 NA NA NA NA 173 319 581 0 265 NA NA NA NA 286 154 590 130 172 NA NA NA NA 231 174 567 143 203 NA NA NA NA 
1783933200.0 1318.0 114 222 422 0 162 NA NA NA NA 172 322 586 0 264 NA NA NA NA 236 157 592 141 174 NA NA NA NA 269 182 604 213 225 NA NA NA NA 
1783933200.0 1319.0 115 222 424 0 NA NA NA NA NA 173 314 586 0 NA NA NA NA NA 283 159 597 138 NA NA NA NA NA 221 169 583 153 NA NA NA NA NA 
1783933200.0 132.0 159 188 394 NA NA NA NA NA NA 234 268 525 NA NA NA NA NA NA 717 160 650 NA NA NA NA NA NA 373 146 649 NA NA NA NA NA NA 
1783933200.0 1320.0 124 232 441 0 175 NA NA NA NA 173 320 575 0 262 NA NA NA NA 215 148 597 133 163 NA NA NA NA 205 130 569 148 188 NA NA NA NA 
1783933200.0 1321.0 116 225 425 0 174 NA NA NA NA 175 312 567 0 264 NA NA NA NA 216 156 630 134 169 NA NA NA NA 269 190 764 153 193 NA NA NA NA 
1783933200.0 1322.0 125 233 447 0 177 NA NA NA NA 173 308 579 0 270 NA NA NA NA 238 153 622 138 165 NA NA NA NA 227 137 562 167 201 NA NA NA NA 
1783933200.0 1323.0 116 224 421 0 NA NA NA NA NA 164 313 579 0 NA NA NA NA NA 201 152 592 140 NA NA NA NA NA 222 149 675 222 NA NA NA NA NA 
1783933200.0 13234.0 83 604 0 NA NA NA NA NA NA 112 772 0 NA NA NA NA NA NA 56 700 113 NA NA NA NA NA NA 75 714 130 NA NA NA NA NA NA 
1783933200.0 1324.0 146 235 447 0 NA NA NA NA NA 220 326 626 0 NA NA NA NA NA 808 167 687 150 NA NA NA NA NA 401 143 611 163 NA NA NA NA NA 
1783933200.0 1325.0 159 240 465 0 128 178 NA NA NA 221 326 604 0 191 269 NA NA NA 912 166 677 147 179 167 NA NA NA 445 145 571 161 208 192 NA NA NA 
1783933200.0 1325.1 158 240 263 0 NA NA NA NA NA 218 321 369 0 NA NA NA NA NA 926 171 270 134 NA NA NA NA NA 479 174 299 150 NA NA NA NA NA 
1783933200.0 1325.2 145 233 445 0 NA NA NA NA NA 220 327 598 0 NA NA NA NA NA 901 178 682 152 NA NA NA NA NA 450 186 605 188 NA NA NA NA NA 
1783933200.0 1325.3 157 241 255 0 NA NA NA NA NA 218 322 365 0 NA NA NA NA NA 902 168 257 130 NA NA NA NA NA 478 155 257 150 NA NA NA NA NA 
1783933200.0 1325.4 147 232 449 0 NA NA NA NA NA 222 327 621 0 NA NA NA NA NA 910 172 693 157 NA NA NA NA NA 427 147 611 201 NA NA NA NA NA 
1783933200.0 1325.9 161 264 466 0 130 NA NA NA NA 223 348 611 0 191 NA NA NA NA 889 189 667 145 180 NA NA NA NA 405 137 635 159 212 NA NA NA NA 
1783933200.0 1325.91 160 265 467 0 128 NA NA NA NA 220 349 593 0 189 NA NA NA NA 888 186 666 147 183 NA NA NA NA 411 145 615 163 236 NA NA NA NA 
1783933200.0 1326.0 155 229 437 0 NA NA NA NA NA 216 320 594 0 NA NA NA NA NA 684 167 636 153 NA NA NA NA NA 376 140 581 173 NA NA NA NA NA 
1783933200.0 1327.0 145 229 443 0 NA NA NA NA NA 216 320 609 0 NA NA NA NA NA 615 166 643 153 NA NA NA NA NA 347 138 648 184 NA NA NA NA NA 
1783933200.0 1328.0 153 230 442 0 NA NA NA NA NA 226 326 600 0 NA NA NA NA NA 770 171 653 152 NA NA NA NA NA 374 161 616 172 NA NA NA NA NA 
1783933200.0 1329.0 160 236 453 0 176 NA NA NA NA 219 329 605 0 260 NA NA NA NA 570 157 619 142 165 NA NA NA NA 318 145 591 158 191 NA NA NA NA 
1783933200.0 133.0 148 183 387 NA NA NA NA NA NA 243 269 527 NA NA NA NA NA NA 980 167 707 NA NA NA NA NA NA 432 144 680 NA NA NA NA NA NA 
1783933200.0 1330.0 142 227 478 0 163 NA NA NA NA 212 321 643 0 271 NA NA NA NA 446 144 622 153 178 NA NA NA NA 385 153 673 252 243 NA NA NA NA 
1783933200.0 1331.0 160 236 449 0 176 NA NA NA NA 220 316 595 0 268 NA NA NA NA 544 154 615 150 165 NA NA NA NA 309 166 589 241 210 NA NA NA NA 
1783933200.0 1332.0 146 231 431 0 NA NA NA NA NA 221 326 600 0 NA NA NA NA NA 656 160 633 150 NA NA NA NA NA 339 136 576 174 NA NA NA NA NA 
1783933200.0 1333.0 156 227 431 0 NA NA NA NA NA 221 326 586 0 NA NA NA NA NA 581 166 621 153 NA NA NA NA NA 317 140 602 190 NA NA NA NA NA 
1783933200.0 1334.0 149 228 440 0 NA NA NA NA NA 218 320 589 0 NA NA NA NA NA 765 169 643 148 NA NA NA NA NA 416 179 577 164 NA NA NA NA NA 
1783933200.0 1335.0 147 230 434 0 NA NA NA NA NA 218 319 579 0 NA NA NA NA NA 594 166 629 152 NA NA NA NA NA 322 151 627 170 NA NA NA NA NA 
1783933200.0 1336.0 153 242 469 0 NA NA NA NA NA 214 325 604 0 NA NA NA NA NA 1839 169 865 146 NA NA NA NA NA 721 169 628 162 NA NA NA NA NA 
1783933200.0 1337.0 169 251 483 0 NA NA NA NA NA 235 340 602 0 NA NA NA NA NA 1456 176 853 152 NA NA NA NA NA 602 147 648 198 NA NA NA NA NA 
1783933200.0 1338.0 165 240 462 0 177 NA NA NA NA 226 323 590 0 272 NA NA NA NA 950 164 674 149 169 NA NA NA NA 439 146 579 171 246 NA NA NA NA 
1783933200.0 1339.0 163 244 470 0 NA NA NA NA NA 222 325 618 0 NA NA NA NA NA 1335 168 731 145 NA NA NA NA NA 571 144 591 159 NA NA NA NA NA 
1783933200.0 134.0 NA 388 85 0 NA NA NA NA NA NA 538 151 0 NA NA NA NA NA NA 1248 128 24 NA NA NA NA NA NA 1019 227 36 NA NA NA NA NA 
1783933200.0 134.701 NA 106 414 0 NA NA NA NA NA NA 184 576 0 NA NA NA NA NA NA 69 1647 135 NA NA NA NA NA NA 97 988 170 NA NA NA NA NA 
1783933200.0 134.702 NA 107 416 0 NA NA NA NA NA NA 186 568 0 NA NA NA NA NA NA 73 2077 125 NA NA NA NA NA NA 105 1072 155 NA NA NA NA NA 
1783933200.0 134.703 NA 114 425 0 NA NA NA NA NA NA 196 609 0 NA NA NA NA NA NA 71 2101 135 NA NA NA NA NA NA 72 1085 159 NA NA NA NA NA 
1783933200.0 134.704 NA 110 420 0 NA NA NA NA NA NA 190 582 0 NA NA NA NA NA NA 74 1970 128 NA NA NA NA NA NA 79 1057 152 NA NA NA NA NA 
1783933200.0 134.705 NA 107 430 0 NA NA NA NA NA NA 190 608 0 NA NA NA NA NA NA 77 2177 142 NA NA NA NA NA NA 96 1085 173 NA NA NA NA NA 
1783933200.0 134.706 NA 106 425 0 NA NA NA NA NA NA 188 560 0 NA NA NA NA NA NA 74 2237 146 NA NA NA NA NA NA 90 1092 178 NA NA NA NA NA 
1783933200.0 134.707 NA 106 416 0 NA NA NA NA NA NA 187 582 0 NA NA NA NA NA NA 73 1989 127 NA NA NA NA NA NA 85 1046 151 NA NA NA NA NA 
1783933200.0 134.708 NA 107 419 0 NA NA NA NA NA NA 186 567 0 NA NA NA NA NA NA 73 1938 129 NA NA NA NA NA NA 72 1028 154 NA NA NA NA NA 
1783933200.0 134.709 NA 111 603 0 NA NA NA NA NA NA 189 794 0 NA NA NA NA NA NA 73 2084 126 NA NA NA NA NA NA 109 1209 154 NA NA NA NA NA 
1783933200.0 134.71 NA 103 408 0 NA NA NA NA NA NA 179 550 0 NA NA NA NA NA NA 72 1489 127 NA NA NA NA NA NA 94 951 206 NA NA NA NA NA 
1783933200.0 134.801 NA 108 416 0 NA NA NA NA NA NA 190 583 0 NA NA NA NA NA NA 71 1550 119 NA NA NA NA NA NA 75 912 133 NA NA NA NA NA 
1783933200.0 134.802 NA 106 420 0 NA NA NA NA NA NA 187 598 0 NA NA NA NA NA NA 79 2413 126 NA NA NA NA NA NA 114 1138 153 NA NA NA NA NA 
1783933200.0 134.803 NA 109 424 0 NA NA NA NA NA NA 187 596 0 NA NA NA NA NA NA 81 2259 130 NA NA NA NA NA NA 85 1134 160 NA NA NA NA NA 
1783933200.0 134.804 NA 106 438 0 NA NA NA NA NA NA 186 596 0 NA NA NA NA NA NA 80 2456 128 NA NA NA NA NA NA 73 1165 158 NA NA NA NA NA 
1783933200.0 134.805 NA 105 426 0 NA NA NA NA NA NA 187 581 0 NA NA NA NA NA NA 81 2417 132 NA NA NA NA NA NA 105 1175 158 NA NA NA NA NA 
1783933200.0 134.806 NA 113 445 0 NA NA NA NA NA NA 188 588 0 NA NA NA NA NA NA 77 2579 124 NA NA NA NA NA NA 84 1167 139 NA NA NA NA NA 
1783933200.0 134.809 NA 105 419 0 NA NA NA NA NA NA 189 583 0 NA NA NA NA NA NA 83 2287 129 NA NA NA NA NA NA 102 1119 152 NA NA NA NA NA 
1783933200.0 134.81 NA 112 435 0 NA NA NA NA NA NA 188 581 0 NA NA NA NA NA NA 77 2243 124 NA NA NA NA NA NA 74 1066 143 NA NA NA NA NA 
1783933200.0 134.811 NA 107 433 0 NA NA NA NA NA NA 186 593 0 NA NA NA NA NA NA 78 2354 126 NA NA NA NA NA NA 77 1125 148 NA NA NA NA NA 
1783933200.0 134.812 NA 103 408 0 NA NA NA NA NA NA 188 568 0 NA NA NA NA NA NA 73 1541 127 NA NA NA NA NA NA 82 1149 200 NA NA NA NA NA 
1783933200.0 134.813 NA 266 128 0 NA NA NA NA NA NA 396 200 0 NA NA NA NA NA NA 462 163 75 NA NA NA NA NA NA 252 193 133 NA NA NA NA NA 
1783933200.0 134.901 NA 108 413 0 NA NA NA NA NA NA 185 570 0 NA NA NA NA NA NA 70 1584 115 NA NA NA NA NA NA 92 922 128 NA NA NA NA NA 
1783933200.0 134.902 NA 112 417 0 NA NA NA NA NA NA 188 563 0 NA NA NA NA NA NA 73 1928 128 NA NA NA NA NA NA 72 1036 151 NA NA NA NA NA 
1783933200.0 134.903 NA 112 417 0 NA NA NA NA NA NA 188 556 0 NA NA NA NA NA NA 73 1843 126 NA NA NA NA NA NA 73 1020 147 NA NA NA NA NA 
1783933200.0 134.904 NA 110 423 0 NA NA NA NA NA NA 186 582 0 NA NA NA NA NA NA 75 2202 128 NA NA NA NA NA NA 92 1073 156 NA NA NA NA NA 
1783933200.0 134.905 NA 110 415 0 NA NA NA NA NA NA 187 601 0 NA NA NA NA NA NA 73 1803 127 NA NA NA NA NA NA 64 1040 160 NA NA NA NA NA 
1783933200.0 134.906 NA 107 421 0 NA NA NA NA NA NA 187 582 0 NA NA NA NA NA NA 77 2102 132 NA NA NA NA NA NA 89 1088 162 NA NA NA NA NA 
1783933200.0 134.909 NA 109 415 0 NA NA NA NA NA NA 189 569 0 NA NA NA NA NA NA 76 1894 129 NA NA NA NA NA NA 83 1028 159 NA NA NA NA NA 
1783933200.0 134.91 NA 107 410 0 NA NA NA NA NA NA 191 573 0 NA NA NA NA NA NA 76 1798 131 NA NA NA NA NA NA 96 1044 161 NA NA NA NA NA 
1783933200.0 134.911 NA 106 415 0 NA NA NA NA NA NA 186 579 0 NA NA NA NA NA NA 75 1880 127 NA NA NA NA NA NA 101 1050 154 NA NA NA NA NA 
1783933200.0 134.912 NA 106 402 0 NA NA NA NA NA NA 180 555 0 NA NA NA NA NA NA 69 1479 127 NA NA NA NA NA NA 68 993 150 NA NA NA NA NA 
1783933200.0 134.99601 NA 111 437 0 NA NA NA NA NA NA 188 587 0 NA NA NA NA NA NA 78 2738 125 NA NA NA NA NA NA 76 1189 144 NA NA NA NA NA 
1783933200.0 134.99602 NA 106 408 0 NA NA NA NA NA NA 187 570 0 NA NA NA NA NA NA 76 1660 129 NA NA NA NA NA NA 75 936 160 NA NA NA NA NA 
1783933200.0 134.99603 NA 108 422 0 NA NA NA NA NA NA 188 574 0 NA NA NA NA NA NA 79 2221 131 NA NA NA NA NA NA 73 1108 167 NA NA NA NA NA 
1783933200.0 134.99901 NA 108 417 0 NA NA NA NA NA NA 188 560 0 NA NA NA NA NA NA 73 1757 130 NA NA NA NA NA NA 95 985 158 NA NA NA NA NA 
1783933200.0 1340.0 133 209 431 0 NA NA NA NA NA 182 293 584 0 NA NA NA NA NA 480 111 593 145 NA NA NA NA NA 475 165 866 206 NA NA NA NA NA 
1783933200.0 1341.0 144 236 450 0 NA NA NA NA NA 230 338 593 0 NA NA NA NA NA 1230 175 784 155 NA NA NA NA NA 525 142 674 180 NA NA NA NA NA 
1783933200.0 1343.0 141 231 443 0 NA NA NA NA NA 214 317 605 0 NA NA NA NA NA 551 164 660 154 NA NA NA NA NA 307 134 591 174 NA NA NA NA NA 
1783933200.0 1344.0 155 237 457 0 NA NA NA NA NA 219 328 591 0 NA NA NA NA NA 1414 156 613 140 NA NA NA NA NA 564 140 567 154 NA NA NA NA NA 
1783933200.0 1345.0 148 228 443 0 NA NA NA NA NA 226 319 604 0 NA NA NA NA NA 863 171 657 153 NA NA NA NA NA 411 183 618 191 NA NA NA NA NA 
1783933200.0 1347.0 138 227 432 0 NA NA NA NA NA 204 325 584 0 NA NA NA NA NA 455 138 616 145 NA NA NA NA NA 338 131 716 158 NA NA NA NA NA 
1783933200.0 1348.0 149 227 431 0 NA NA NA NA NA 213 324 581 0 NA NA NA NA NA 577 166 626 151 NA NA NA NA NA 365 207 575 165 NA NA NA NA NA 
1783933200.0 1349.0 122 0 0 0 NA NA NA NA NA 172 0 0 0 NA NA NA NA NA 220 85 529 135 NA NA NA NA NA 320 143 629 166 NA NA NA NA NA 
1783933200.0 135.1 418 0 223 174 NA NA NA NA NA 527 0 310 260 NA NA NA NA NA 373 95 253 168 NA NA NA NA NA 377 149 307 314 NA NA NA NA NA 
1783933200.0 135.11 394 0 214 161 NA NA NA NA NA 564 0 318 266 NA NA NA NA NA 419 85 285 172 NA NA NA NA NA 322 99 290 251 NA NA NA NA NA 
1783933200.0 135.12 424 0 217 172 NA NA NA NA NA 564 0 307 263 NA NA NA NA NA 356 92 246 169 NA NA NA NA NA 403 178 334 220 NA NA NA NA NA 
1783933200.0 135.13 423 0 NA NA NA NA NA NA NA 537 0 NA NA NA NA NA NA NA 369 125 NA NA NA NA NA NA NA 386 155 NA NA NA NA NA NA NA 
1783933200.0 135.2 342 0 215 173 NA NA NA NA NA 460 0 304 258 NA NA NA NA NA 308 84 231 165 NA NA NA NA NA 459 129 311 218 NA NA NA NA NA 
1783933200.0 135.3 347 0 217 172 NA NA NA NA NA 472 0 306 263 NA NA NA NA NA 303 86 230 167 NA NA NA NA NA 410 153 307 258 NA NA NA NA NA 
1783933200.0 135.4 415 0 218 168 NA NA NA NA NA 547 0 300 256 NA NA NA NA NA 341 90 233 174 NA NA NA NA NA 390 157 295 256 NA NA NA NA NA 
1783933200.0 135.5 410 0 220 173 NA NA NA NA NA 551 0 300 266 NA NA NA NA NA 345 89 234 170 NA NA NA NA NA 497 164 307 218 NA NA NA NA NA 
1783933200.0 135.6 408 0 219 172 NA NA NA NA NA 536 0 301 255 NA NA NA NA NA 359 89 259 166 NA NA NA NA NA 444 117 401 201 NA NA NA NA NA 
1783933200.0 135.7 414 0 213 174 NA NA NA NA NA 551 0 295 271 NA NA NA NA NA 346 90 234 167 NA NA NA NA NA 458 143 346 225 NA NA NA NA NA 
1783933200.0 135.8 188 NA NA NA NA NA NA NA NA 293 NA NA NA NA NA NA NA NA 354 NA NA NA NA NA NA NA NA 338 NA NA NA NA NA NA NA NA 
1783933200.0 135.9 418 0 218 172 NA NA NA NA NA 554 0 299 265 NA NA NA NA NA 333 89 233 168 NA NA NA NA NA 422 162 299 229 NA NA NA NA NA 
1783933200.0 1350.0 110 0 0 0 NA NA NA NA NA 168 0 0 0 NA NA NA NA NA 233 85 491 138 NA NA NA NA NA 277 157 475 193 NA NA NA NA NA 
1783933200.0 1351.0 121 200 420 0 NA NA NA NA NA 179 303 590 0 NA NA NA NA NA 280 111 575 135 NA NA NA NA NA 324 152 573 148 NA NA NA NA NA 
1783933200.0 1352.0 162 229 437 0 NA NA NA NA NA 225 327 578 0 NA NA NA NA NA 626 169 633 153 NA NA NA NA NA 333 140 632 186 NA NA NA NA NA 
1783933200.0 1353.0 161 236 456 0 NA NA NA NA NA 230 325 601 0 NA NA NA NA NA 1873 160 627 141 NA NA NA NA NA 674 136 624 156 NA NA NA NA NA 
1783933200.0 1354.0 104 227 440 0 NA NA NA NA NA 226 322 604 0 NA NA NA NA NA 919 166 634 147 NA NA NA NA NA 408 144 583 169 NA NA NA NA NA 
1783933200.0 1355.0 158 232 446 0 NA NA NA NA NA 231 320 607 0 NA NA NA NA NA 1096 174 682 155 NA NA NA NA NA 476 138 590 189 NA NA NA NA NA 
1783933200.0 1356.0 161 231 488 0 256 NA NA NA NA 221 312 632 0 352 NA NA NA NA 578 162 630 143 223 NA NA NA NA 327 155 666 173 217 NA NA NA NA 
1783933200.0 136.721 NA 184 474 0 NA NA NA NA NA NA 268 643 0 NA NA NA NA NA NA 146 2203 123 NA NA NA NA NA NA 136 1073 138 NA NA NA NA NA 
1783933200.0 136.722 NA 182 448 0 NA NA NA NA NA NA 263 604 0 NA NA NA NA NA NA 147 2509 85 NA NA NA NA NA NA 139 1187 101 NA NA NA NA NA 
1783933200.0 136.723 NA 185 471 0 NA NA NA NA NA NA 268 627 0 NA NA NA NA NA NA 149 2415 125 NA NA NA NA NA NA 152 1128 145 NA NA NA NA NA 
1783933200.0 136.724 NA 184 457 0 NA NA NA NA NA NA 266 609 0 NA NA NA NA NA NA 148 2850 82 NA NA NA NA NA NA 123 1261 96 NA NA NA NA NA 
1783933200.0 136.725 NA 184 450 0 NA NA NA NA NA NA 266 615 0 NA NA NA NA NA NA 147 2464 83 NA NA NA NA NA NA 157 1177 96 NA NA NA NA NA 
1783933200.0 136.726 NA 184 407 0 NA NA NA NA NA NA 262 559 0 NA NA NA NA NA NA 147 2602 78 NA NA NA NA NA NA 150 1216 91 NA NA NA NA NA 
1783933200.0 136.729 NA 175 471 0 NA NA NA NA NA NA 265 651 0 NA NA NA NA NA NA 151 2516 103 NA NA NA NA NA NA 201 1165 119 NA NA NA NA NA 
1783933200.0 136.73 NA 184 487 0 NA NA NA NA NA NA 263 660 0 NA NA NA NA NA NA 151 2524 89 NA NA NA NA NA NA 164 1194 104 NA NA NA NA NA 
1783933200.0 136.731 NA 184 462 0 NA NA NA NA NA NA 270 622 0 NA NA NA NA NA NA 146 2553 88 NA NA NA NA NA NA 151 1232 106 NA NA NA NA NA 
1783933200.0 136.732 NA 183 513 0 NA NA NA NA NA NA 266 673 0 NA NA NA NA NA NA 139 2049 124 NA NA NA NA NA NA 152 1050 144 NA NA NA NA NA 
1783933200.0 136.733 NA 273 135 0 NA NA NA NA NA NA 431 206 0 NA NA NA NA NA NA 415 194 77 NA NA NA NA NA NA 385 331 118 NA NA NA NA NA 
1783933200.0 136.734 NA 184 405 0 NA NA NA NA NA NA 260 553 0 NA NA NA NA NA NA 158 2506 87 NA NA NA NA NA NA 147 1206 100 NA NA NA NA NA 
1783933200.0 136.735 NA 180 406 0 NA NA NA NA NA NA 271 562 0 NA NA NA NA NA NA 134 1029 104 NA NA NA NA NA NA 172 860 133 NA NA NA NA NA 
1783933200.0 136.736 NA 184 491 0 NA NA NA NA NA NA 270 670 0 NA NA NA NA NA NA 160 3565 124 NA NA NA NA NA NA 130 1444 143 NA NA NA NA NA 
1783933200.0 136.737 NA 181 422 0 NA NA NA NA NA NA 258 620 0 NA NA NA NA NA NA 167 4033 89 NA NA NA NA NA NA 149 1634 117 NA NA NA NA NA 
1783933200.0 136.738 NA 183 488 0 NA NA NA NA NA NA 263 670 0 NA NA NA NA NA NA 177 4014 123 NA NA NA NA NA NA 141 1536 139 NA NA NA NA NA 
1783933200.0 136.739 NA 183 465 0 NA NA NA NA NA NA 257 649 0 NA NA NA NA NA NA 171 4633 83 NA NA NA NA NA NA 178 1776 114 NA NA NA NA NA 
1783933200.0 136.74 NA 181 476 0 NA NA NA NA NA NA 264 649 0 NA NA NA NA NA NA 169 4013 84 NA NA NA NA NA NA 156 1637 116 NA NA NA NA NA 
1783933200.0 136.741 NA 184 409 0 NA NA NA NA NA NA 265 568 0 NA NA NA NA NA NA 165 4021 78 NA NA NA NA NA NA 140 1664 109 NA NA NA NA NA 
1783933200.0 136.742 NA 183 489 0 NA NA NA NA NA NA 264 659 0 NA NA NA NA NA NA 167 3760 100 NA NA NA NA NA NA 177 1484 116 NA NA NA NA NA 
1783933200.0 136.743 NA 183 537 0 NA NA NA NA NA NA 264 707 0 NA NA NA NA NA NA 167 3590 100 NA NA NA NA NA NA 142 1450 114 NA NA NA NA NA 
1783933200.0 136.744 NA 183 467 0 NA NA NA NA NA NA 260 661 0 NA NA NA NA NA NA 162 3986 85 NA NA NA NA NA NA 128 1595 99 NA NA NA NA NA 
1783933200.0 136.745 NA 184 525 0 NA NA NA NA NA NA 271 680 0 NA NA NA NA NA NA 151 2872 124 NA NA NA NA NA NA 125 1230 140 NA NA NA NA NA 
1783933200.0 136.746 NA 183 416 0 NA NA NA NA NA NA 264 584 0 NA NA NA NA NA NA 175 3741 93 NA NA NA NA NA NA 136 1523 129 NA NA NA NA NA 
1783933200.0 136.747 NA 183 497 0 NA NA NA NA NA NA 264 648 0 NA NA NA NA NA NA 167 3640 123 NA NA NA NA NA NA 141 1476 137 NA NA NA NA NA 
1783933200.0 136.748 NA 182 415 0 NA NA NA NA NA NA 266 593 0 NA NA NA NA NA NA 165 3618 87 NA NA NA NA NA NA 156 1520 115 NA NA NA NA NA 
1783933200.0 136.749 NA 183 497 0 NA NA NA NA NA NA 263 647 0 NA NA NA NA NA NA 175 4075 122 NA NA NA NA NA NA 140 1574 137 NA NA NA NA NA 
1783933200.0 136.75 NA 183 480 0 NA NA NA NA NA NA 263 636 0 NA NA NA NA NA NA 167 4680 81 NA NA NA NA NA NA 139 1783 94 NA NA NA NA NA 
1783933200.0 136.751 NA 184 475 0 NA NA NA NA NA NA 269 669 0 NA NA NA NA NA NA 169 4652 81 NA NA NA NA NA NA 188 1801 96 NA NA NA NA NA 
1783933200.0 136.752 NA 184 418 0 NA NA NA NA NA NA 263 566 0 NA NA NA NA NA NA 170 3959 77 NA NA NA NA NA NA 150 1575 92 NA NA NA NA NA 
1783933200.0 136.753 NA 183 499 0 NA NA NA NA NA NA 261 663 0 NA NA NA NA NA NA 164 3891 100 NA NA NA NA NA NA 159 1509 116 NA NA NA NA NA 
1783933200.0 136.754 NA 188 551 0 NA NA NA NA NA NA 272 721 0 NA NA NA NA NA NA 166 3311 101 NA NA NA NA NA NA 167 1390 114 NA NA NA NA NA 
1783933200.0 136.755 NA 185 461 0 NA NA NA NA NA NA 265 627 0 NA NA NA NA NA NA 165 4257 85 NA NA NA NA NA NA 131 1660 98 NA NA NA NA NA 
1783933200.0 136.756 NA 185 530 0 NA NA NA NA NA NA 263 677 0 NA NA NA NA NA NA 152 2693 126 NA NA NA NA NA NA 141 1179 148 NA NA NA NA NA 
1783933200.0 136.757 NA 184 418 0 NA NA NA NA NA NA 271 587 0 NA NA NA NA NA NA 175 3599 91 NA NA NA NA NA NA 144 1497 111 NA NA NA NA NA 
1783933200.0 136.758 NA 184 500 0 NA NA NA NA NA NA 267 689 0 NA NA NA NA NA NA 167 4478 125 NA NA NA NA NA NA 144 1696 146 NA NA NA NA NA 
1783933200.0 136.759 NA 183 483 0 NA NA NA NA NA NA 263 676 0 NA NA NA NA NA NA 173 4925 88 NA NA NA NA NA NA 183 1895 105 NA NA NA NA NA 
1783933200.0 136.76 NA 183 517 0 NA NA NA NA NA NA 264 684 0 NA NA NA NA NA NA 181 5438 127 NA NA NA NA NA NA 183 2011 159 NA NA NA NA NA 
1783933200.0 136.761 NA 177 439 0 NA NA NA NA NA NA 263 700 0 NA NA NA NA NA NA 199 6129 87 NA NA NA NA NA NA 286 2238 101 NA NA NA NA NA 
1783933200.0 136.762 NA 175 440 0 NA NA NA NA NA NA 263 634 0 NA NA NA NA NA NA 195 6681 86 NA NA NA NA NA NA 314 2519 128 NA NA NA NA NA 
1783933200.0 136.763 NA 183 431 0 NA NA NA NA NA NA 261 591 0 NA NA NA NA NA NA 178 5303 79 NA NA NA NA NA NA 178 2029 113 NA NA NA NA NA 
1783933200.0 136.764 NA 183 503 0 NA NA NA NA NA NA 262 668 0 NA NA NA NA NA NA 169 5211 100 NA NA NA NA NA NA 190 1909 113 NA NA NA NA NA 
1783933200.0 136.765 NA 183 543 0 NA NA NA NA NA NA 262 707 0 NA NA NA NA NA NA 170 4537 102 NA NA NA NA NA NA 136 1754 123 NA NA NA NA NA 
1783933200.0 136.766 NA 183 465 0 NA NA NA NA NA NA 267 688 0 NA NA NA NA NA NA 171 5219 86 NA NA NA NA NA NA 150 1938 101 NA NA NA NA NA 
1783933200.0 136.767 NA 183 535 0 NA NA NA NA NA NA 266 732 0 NA NA NA NA NA NA 163 3819 122 NA NA NA NA NA NA 145 1478 137 NA NA NA NA NA 
1783933200.0 136.768 NA 183 429 0 NA NA NA NA NA NA 261 594 0 NA NA NA NA NA NA 179 4903 89 NA NA NA NA NA NA 161 1867 103 NA NA NA NA NA 
1783933200.0 136.769 NA 184 497 0 NA NA NA NA NA NA 265 631 0 NA NA NA NA NA NA 156 3574 125 NA NA NA NA NA NA 129 1462 140 NA NA NA NA NA 
1783933200.0 136.77 NA 183 469 0 NA NA NA NA NA NA 267 618 0 NA NA NA NA NA NA 153 3707 89 NA NA NA NA NA NA 145 1524 116 NA NA NA NA NA 
1783933200.0 136.771 NA 184 498 0 NA NA NA NA NA NA 263 665 0 NA NA NA NA NA NA 161 3598 125 NA NA NA NA NA NA 133 1428 141 NA NA NA NA NA 
1783933200.0 136.772 NA 185 467 0 NA NA NA NA NA NA 263 655 0 NA NA NA NA NA NA 162 4329 84 NA NA NA NA NA NA 176 1695 117 NA NA NA NA NA 
1783933200.0 136.773 NA 184 424 0 NA NA NA NA NA NA 263 637 0 NA NA NA NA NA NA 157 3770 82 NA NA NA NA NA NA 133 1620 104 NA NA NA NA NA 
1783933200.0 136.774 NA 184 425 0 NA NA NA NA NA NA 259 587 0 NA NA NA NA NA NA 160 3753 76 NA NA NA NA NA NA 149 1556 93 NA NA NA NA NA 
1783933200.0 136.775 NA 184 494 0 NA NA NA NA NA NA 265 636 0 NA NA NA NA NA NA 155 3473 98 NA NA NA NA NA NA 143 1448 114 NA NA NA NA NA 
1783933200.0 136.776 NA 183 538 0 NA NA NA NA NA NA 263 686 0 NA NA NA NA NA NA 156 3318 104 NA NA NA NA NA NA 155 1370 119 NA NA NA NA NA 
1783933200.0 136.777 NA 185 466 0 NA NA NA NA NA NA 267 619 0 NA NA NA NA NA NA 154 3941 89 NA NA NA NA NA NA 146 1619 121 NA NA NA NA NA 
1783933200.0 136.778 NA 186 524 0 NA NA NA NA NA NA 265 667 0 NA NA NA NA NA NA 142 2537 124 NA NA NA NA NA NA 154 1171 139 NA NA NA NA NA 
1783933200.0 136.779 NA 184 421 0 NA NA NA NA NA NA 262 601 0 NA NA NA NA NA NA 162 3532 91 NA NA NA NA NA NA 132 1482 105 NA NA NA NA NA 
1783933200.0 136.78 NA 206 577 0 NA NA NA NA NA NA 292 751 0 NA NA NA NA NA NA 158 4558 137 NA NA NA NA NA NA 154 1794 154 NA NA NA NA NA 
1783933200.0 136.781 NA 205 501 0 NA NA NA NA NA NA 286 696 0 NA NA NA NA NA NA 155 4700 104 NA NA NA NA NA NA 165 1799 136 NA NA NA NA NA 
1783933200.0 136.782 NA 200 570 0 NA NA NA NA NA NA 282 781 0 NA NA NA NA NA NA 177 5146 139 NA NA NA NA NA NA 189 1972 161 NA NA NA NA NA 
1783933200.0 136.783 NA 200 476 0 NA NA NA NA NA NA 294 736 0 NA NA NA NA NA NA 176 6022 102 NA NA NA NA NA NA 240 2323 125 NA NA NA NA NA 
1783933200.0 136.784 NA 204 473 0 NA NA NA NA NA NA 287 654 0 NA NA NA NA NA NA 156 4475 100 NA NA NA NA NA NA 169 1765 117 NA NA NA NA NA 
1783933200.0 136.785 NA 200 452 0 NA NA NA NA NA NA 289 644 0 NA NA NA NA NA NA 178 5143 90 NA NA NA NA NA NA 164 2042 103 NA NA NA NA NA 
1783933200.0 136.786 NA 205 579 0 NA NA NA NA NA NA 282 807 0 NA NA NA NA NA NA 155 4965 120 NA NA NA NA NA NA 164 1853 136 NA NA NA NA NA 
1783933200.0 136.787 NA 202 640 0 NA NA NA NA NA NA 289 886 0 NA NA NA NA NA NA 170 4817 126 NA NA NA NA NA NA 192 1870 141 NA NA NA NA NA 
1783933200.0 136.788 NA 198 468 0 NA NA NA NA NA NA 296 722 0 NA NA NA NA NA NA 174 5608 102 NA NA NA NA NA NA 283 2250 116 NA NA NA NA NA 
1783933200.0 136.789 NA 205 633 0 NA NA NA NA NA NA 283 823 0 NA NA NA NA NA NA 149 4337 139 NA NA NA NA NA NA 166 1666 167 NA NA NA NA NA 
1783933200.0 136.79 NA 209 465 0 NA NA NA NA NA NA 288 620 0 NA NA NA NA NA NA 153 2894 105 NA NA NA NA NA NA 136 1322 122 NA NA NA NA NA 
1783933200.0 136.791 NA 203 474 0 NA NA NA NA NA NA 291 662 0 NA NA NA NA NA NA 134 1149 111 NA NA NA NA NA NA 151 926 127 NA NA NA NA NA 
1783933200.0 136.792 NA 207 579 0 NA NA NA NA NA NA 295 790 0 NA NA NA NA NA NA 155 3895 137 NA NA NA NA NA NA 168 1562 164 NA NA NA NA NA 
1783933200.0 136.793 NA 206 511 0 NA NA NA NA NA NA 286 702 0 NA NA NA NA NA NA 150 3726 102 NA NA NA NA NA NA 167 1538 117 NA NA NA NA NA 
1783933200.0 136.794 NA 207 578 0 NA NA NA NA NA NA 283 761 0 NA NA NA NA NA NA 162 3997 137 NA NA NA NA NA NA 166 1566 153 NA NA NA NA NA 
1783933200.0 136.795 NA 206 523 0 NA NA NA NA NA NA 282 707 0 NA NA NA NA NA NA 152 4301 102 NA NA NA NA NA NA 137 1734 118 NA NA NA NA NA 
1783933200.0 136.796 NA 204 465 0 NA NA NA NA NA NA 284 665 0 NA NA NA NA NA NA 152 3778 100 NA NA NA NA NA NA 169 1629 116 NA NA NA NA NA 
1783933200.0 136.797 NA 208 461 0 NA NA NA NA NA NA 293 613 0 NA NA NA NA NA NA 159 4199 92 NA NA NA NA NA NA 175 1728 108 NA NA NA NA NA 
1783933200.0 136.798 NA 206 576 0 NA NA NA NA NA NA 289 739 0 NA NA NA NA NA NA 145 3956 117 NA NA NA NA NA NA 137 1542 131 NA NA NA NA NA 
1783933200.0 136.799 NA 207 682 0 NA NA NA NA NA NA 294 907 0 NA NA NA NA NA NA 155 3996 121 NA NA NA NA NA NA 146 1686 135 NA NA NA NA NA 
1783933200.0 136.8 NA 208 495 0 NA NA NA NA NA NA 296 714 0 NA NA NA NA NA NA 152 4204 103 NA NA NA NA NA NA 135 1695 118 NA NA NA NA NA 
1783933200.0 136.801 NA 207 629 0 NA NA NA NA NA NA 288 793 0 NA NA NA NA NA NA 142 2745 137 NA NA NA NA NA NA 153 1197 154 NA NA NA NA NA 
1783933200.0 136.802 NA 207 459 0 NA NA NA NA NA NA 290 632 0 NA NA NA NA NA NA 162 3552 106 NA NA NA NA NA NA 160 1545 125 NA NA NA NA NA 
1783933200.0 136.803 NA 202 477 0 NA NA NA NA NA NA 291 680 0 NA NA NA NA NA NA 137 1134 120 NA NA NA NA NA NA 175 1119 190 NA NA NA NA NA 
1783933200.0 136.804 NA 208 570 0 NA NA NA NA NA NA 295 766 0 NA NA NA NA NA NA 155 3831 138 NA NA NA NA NA NA 179 1555 153 NA NA NA NA NA 
1783933200.0 136.805 NA 208 507 0 NA NA NA NA NA NA 293 703 0 NA NA NA NA NA NA 150 4041 102 NA NA NA NA NA NA 172 1662 115 NA NA NA NA NA 
1783933200.0 136.806 NA 208 567 0 NA NA NA NA NA NA 294 762 0 NA NA NA NA NA NA 161 3842 140 NA NA NA NA NA NA 166 1501 158 NA NA NA NA NA 
1783933200.0 136.807 NA 208 508 0 NA NA NA NA NA NA 297 692 0 NA NA NA NA NA NA 153 4397 102 NA NA NA NA NA NA 167 1761 119 NA NA NA NA NA 
1783933200.0 136.808 NA 207 525 0 NA NA NA NA NA NA 288 692 0 NA NA NA NA NA NA 154 3911 101 NA NA NA NA NA NA 141 1591 123 NA NA NA NA NA 
1783933200.0 136.809 NA 208 453 0 NA NA NA NA NA NA 297 642 0 NA NA NA NA NA NA 160 3883 92 NA NA NA NA NA NA 166 1613 104 NA NA NA NA NA 
1783933200.0 136.81 NA 206 567 0 NA NA NA NA NA NA 294 762 0 NA NA NA NA NA NA 149 3766 119 NA NA NA NA NA NA 144 1507 133 NA NA NA NA NA 
1783933200.0 136.811 NA 207 669 0 NA NA NA NA NA NA 292 868 0 NA NA NA NA NA NA 153 3909 123 NA NA NA NA NA NA 137 1648 136 NA NA NA NA NA 
1783933200.0 136.812 NA 208 512 0 NA NA NA NA NA NA 297 714 0 NA NA NA NA NA NA 151 4342 105 NA NA NA NA NA NA 131 1761 128 NA NA NA NA NA 
1783933200.0 136.813 NA 207 619 0 NA NA NA NA NA NA 291 804 0 NA NA NA NA NA NA 139 2746 139 NA NA NA NA NA NA 133 1213 154 NA NA NA NA NA 
1783933200.0 136.814 NA 207 459 0 NA NA NA NA NA NA 296 635 0 NA NA NA NA NA NA 161 3740 105 NA NA NA NA NA NA 163 1623 121 NA NA NA NA NA 
1783933200.0 136.815 NA 203 471 0 NA NA NA NA NA NA 296 677 0 NA NA NA NA NA NA 140 1189 118 NA NA NA NA NA NA 164 1002 133 NA NA NA NA NA 
1783933200.0 136.816 NA 202 571 0 NA NA NA NA NA NA 294 802 0 NA NA NA NA NA NA 182 5651 146 NA NA NA NA NA NA 216 2052 173 NA NA NA NA NA 
1783933200.0 136.817 NA 207 516 0 NA NA NA NA NA NA 290 730 0 NA NA NA NA NA NA 158 4979 102 NA NA NA NA NA NA 188 1935 119 NA NA NA NA NA 
1783933200.0 136.818 NA 207 591 0 NA NA NA NA NA NA 290 827 0 NA NA NA NA NA NA 171 5204 141 NA NA NA NA NA NA 165 1878 178 NA NA NA NA NA 
1783933200.0 136.819 NA 201 481 0 NA NA NA NA NA NA 292 735 0 NA NA NA NA NA NA 177 6014 106 NA NA NA NA NA NA 238 2388 170 NA NA NA NA NA 
1783933200.0 136.82 NA 202 472 0 NA NA NA NA NA NA 294 675 0 NA NA NA NA NA NA 173 5723 101 NA NA NA NA NA NA 182 2204 125 NA NA NA NA NA 
1783933200.0 136.821 NA 210 468 0 NA NA NA NA NA NA 285 665 0 NA NA NA NA NA NA 168 5061 95 NA NA NA NA NA NA 189 1893 134 NA NA NA NA NA 
1783933200.0 136.822 NA 205 580 0 NA NA NA NA NA NA 291 790 0 NA NA NA NA NA NA 157 5027 118 NA NA NA NA NA NA 167 1844 133 NA NA NA NA NA 
1783933200.0 136.823 NA 202 642 0 NA NA NA NA NA NA 292 904 0 NA NA NA NA NA NA 171 5012 131 NA NA NA NA NA NA 169 2104 155 NA NA NA NA NA 
1783933200.0 136.824 NA 198 486 0 NA NA NA NA NA NA 301 738 0 NA NA NA NA NA NA 182 6361 100 NA NA NA NA NA NA 287 2370 112 NA NA NA NA NA 
1783933200.0 136.825 NA 207 645 0 NA NA NA NA NA NA 287 825 0 NA NA NA NA NA NA 145 3539 140 NA NA NA NA NA NA 160 1509 184 NA NA NA NA NA 
1783933200.0 136.826 NA 206 465 0 NA NA NA NA NA NA 288 659 0 NA NA NA NA NA NA 175 4985 108 NA NA NA NA NA NA 175 1877 122 NA NA NA NA NA 
1783933200.0 136.827 NA 203 476 0 NA NA NA NA NA NA 295 695 0 NA NA NA NA NA NA 140 1219 111 NA NA NA NA NA NA 179 973 125 NA NA NA NA NA 
1783933200.0 136.828 NA 198 603 0 NA NA NA NA NA NA 288 868 0 NA NA NA NA NA NA 191 6098 144 NA NA NA NA NA NA 276 2250 207 NA NA NA NA NA 
1783933200.0 136.829 NA 198 470 0 NA NA NA NA NA NA 293 761 0 NA NA NA NA NA NA 178 5949 109 NA NA NA NA NA NA 287 2333 181 NA NA NA NA NA 
1783933200.0 136.83 NA 199 573 0 NA NA NA NA NA NA 292 840 0 NA NA NA NA NA NA 192 6024 138 NA NA NA NA NA NA 305 2305 152 NA NA NA NA NA 
1783933200.0 136.831 NA 203 487 0 NA NA NA NA NA NA 296 758 0 NA NA NA NA NA NA 182 6475 101 NA NA NA NA NA NA 255 2359 116 NA NA NA NA NA 
1783933200.0 136.832 NA 200 507 0 NA NA NA NA NA NA 295 754 0 NA NA NA NA NA NA 183 7035 98 NA NA NA NA NA NA 297 2609 113 NA NA NA NA NA 
1783933200.0 136.833 NA 199 462 0 NA NA NA NA NA NA 284 679 0 NA NA NA NA NA NA 190 6198 92 NA NA NA NA NA NA 215 2405 105 NA NA NA NA NA 
1783933200.0 136.834 NA 199 575 0 NA NA NA NA NA NA 287 801 0 NA NA NA NA NA NA 181 5930 123 NA NA NA NA NA NA 278 2278 140 NA NA NA NA NA 
1783933200.0 136.835 NA 200 657 0 NA NA NA NA NA NA 290 903 0 NA NA NA NA NA NA 186 5549 126 NA NA NA NA NA NA 264 2201 143 NA NA NA NA NA 
1783933200.0 136.836 NA 200 480 0 NA NA NA NA NA NA 294 746 0 NA NA NA NA NA NA 183 6411 109 NA NA NA NA NA NA 292 2421 151 NA NA NA NA NA 
1783933200.0 136.837 NA 207 656 0 NA NA NA NA NA NA 296 864 0 NA NA NA NA NA NA 155 4469 140 NA NA NA NA NA NA 169 1670 172 NA NA NA NA NA 
1783933200.0 136.838 NA 202 471 0 NA NA NA NA NA NA 295 693 0 NA NA NA NA NA NA 189 5643 107 NA NA NA NA NA NA 242 2193 120 NA NA NA NA NA 
1783933200.0 136.839 NA 210 474 0 NA NA NA NA NA NA 308 694 0 NA NA NA NA NA NA 135 1235 110 NA NA NA NA NA NA 149 1195 124 NA NA NA NA NA 
1783933200.0 136.84 NA 210 475 0 NA NA NA NA NA NA 300 657 0 NA NA NA NA NA NA 158 4629 94 NA NA NA NA NA NA 161 1759 126 NA NA NA NA NA 
1783933200.0 136.841 NA 211 469 0 NA NA NA NA NA NA 298 663 0 NA NA NA NA NA NA 163 4782 93 NA NA NA NA NA NA 177 1855 109 NA NA NA NA NA 
1783933200.0 136.842 NA 200 462 0 NA NA NA NA NA NA 300 694 0 NA NA NA NA NA NA 184 6391 97 NA NA NA NA NA NA 234 2409 126 NA NA NA NA NA 
1783933200.0 136.843 NA 207 483 0 NA NA NA NA NA NA 288 683 0 NA NA NA NA NA NA 175 7431 96 NA NA NA NA NA NA 218 2509 121 NA NA NA NA NA 
1783933200.0 136.844 NA 207 467 0 NA NA NA NA NA NA 290 634 0 NA NA NA NA NA NA 160 4234 94 NA NA NA NA NA NA 139 1671 113 NA NA NA NA NA 
1783933200.0 136.845 NA 208 451 0 NA NA NA NA NA NA 290 621 0 NA NA NA NA NA NA 155 3637 91 NA NA NA NA NA NA 131 1572 106 NA NA NA NA NA 
1783933200.0 136.846 NA 207 443 0 NA NA NA NA NA NA 288 605 0 NA NA NA NA NA NA 159 3449 91 NA NA NA NA NA NA 144 1486 103 NA NA NA NA NA 
1783933200.0 136.847 NA 207 464 0 NA NA NA NA NA NA 290 650 0 NA NA NA NA NA NA 168 5077 91 NA NA NA NA NA NA 139 1919 104 NA NA NA NA NA 
1783933200.0 136.848 NA 200 463 0 NA NA NA NA NA NA 297 670 0 NA NA NA NA NA NA 195 6202 96 NA NA NA NA NA NA 248 2409 112 NA NA NA NA NA 
1783933200.0 136.849 NA 206 565 0 NA NA NA NA NA NA 291 765 0 NA NA NA NA NA NA 157 3888 139 NA NA NA NA NA NA 154 1646 156 NA NA NA NA NA 
1783933200.0 136.85 NA 205 560 0 NA NA NA NA NA NA 286 773 0 NA NA NA NA NA NA 148 4045 101 NA NA NA NA NA NA 142 1669 114 NA NA NA NA NA 
1783933200.0 136.8501 NA 207 461 0 NA NA NA NA NA NA 295 655 0 NA NA NA NA NA NA 153 4332 93 NA NA NA NA NA NA 165 1800 110 NA NA NA NA NA 
1783933200.0 136.851 NA 206 571 0 NA NA NA NA NA NA 285 780 0 NA NA NA NA NA NA 168 4139 142 NA NA NA NA NA NA 166 1651 180 NA NA NA NA NA 
1783933200.0 136.852 NA 206 522 0 NA NA NA NA NA NA 293 732 0 NA NA NA NA NA NA 160 4635 100 NA NA NA NA NA NA 194 1807 114 NA NA NA NA NA 
1783933200.0 136.853 NA 205 519 0 NA NA NA NA NA NA 296 715 0 NA NA NA NA NA NA 153 3904 102 NA NA NA NA NA NA 174 1638 123 NA NA NA NA NA 
1783933200.0 136.854 NA 206 463 0 NA NA NA NA NA NA 293 649 0 NA NA NA NA NA NA 163 4331 91 NA NA NA NA NA NA 174 1740 104 NA NA NA NA NA 
1783933200.0 136.855 NA 206 658 0 NA NA NA NA NA NA 290 877 0 NA NA NA NA NA NA 156 3997 124 NA NA NA NA NA NA 147 1830 154 NA NA NA NA NA 
1783933200.0 136.856 NA 207 643 0 NA NA NA NA NA NA 290 836 0 NA NA NA NA NA NA 133 3002 140 NA NA NA NA NA NA 144 1465 157 NA NA NA NA NA 
1783933200.0 136.8561 NA 188 463 0 NA NA NA NA NA NA 282 656 0 NA NA NA NA NA NA 129 974 136 NA NA NA NA NA NA 181 1009 184 NA NA NA NA NA 
1783933200.0 136.8562 NA 189 454 0 NA NA NA NA NA NA 270 640 0 NA NA NA NA NA NA 118 910 132 NA NA NA NA NA NA 138 982 166 NA NA NA NA NA 
1783933200.0 136.857 NA 206 465 0 NA NA NA NA NA NA 297 624 0 NA NA NA NA NA NA 165 3879 106 NA NA NA NA NA NA 147 1661 123 NA NA NA NA NA 
1783933200.0 136.858 NA 210 490 0 NA NA NA NA NA NA 300 693 0 NA NA NA NA NA NA 133 1175 116 NA NA NA NA NA NA 156 943 156 NA NA NA NA NA 
1783933200.0 136.859 NA 209 479 0 NA NA NA NA NA NA 293 674 0 NA NA NA NA NA NA 163 5151 94 NA NA NA NA NA NA 162 2016 112 NA NA NA NA NA 
1783933200.0 136.86 NA 207 464 0 NA NA NA NA NA NA 299 647 0 NA NA NA NA NA NA 161 3919 93 NA NA NA NA NA NA 145 1614 108 NA NA NA NA NA 
1783933200.0 136.861 NA 198 570 0 NA NA NA NA NA NA 294 801 0 NA NA NA NA NA NA 177 5244 139 NA NA NA NA NA NA 168 2018 153 NA NA NA NA NA 
1783933200.0 136.862 NA 198 491 0 NA NA NA NA NA NA 287 751 0 NA NA NA NA NA NA 177 5537 109 NA NA NA NA NA NA 310 2300 159 NA NA NA NA NA 
1783933200.0 136.863 NA 199 561 0 NA NA NA NA NA NA 295 785 0 NA NA NA NA NA NA 195 5521 149 NA NA NA NA NA NA 314 2037 236 NA NA NA NA NA 
1783933200.0 136.864 NA 199 494 0 NA NA NA NA NA NA 288 759 0 NA NA NA NA NA NA 179 6513 102 NA NA NA NA NA NA 251 2457 118 NA NA NA NA NA 
1783933200.0 136.8642 NA 206 532 0 NA NA NA NA NA NA 290 811 0 NA NA NA NA NA NA 171 6497 104 NA NA NA NA NA NA 214 2473 158 NA NA NA NA NA 
1783933200.0 136.865 NA 199 542 0 NA NA NA NA NA NA 288 760 0 NA NA NA NA NA NA 184 5981 107 NA NA NA NA NA NA 262 2368 174 NA NA NA NA NA 
1783933200.0 136.866 NA 200 465 0 NA NA NA NA NA NA 292 692 0 NA NA NA NA NA NA 178 5555 93 NA NA NA NA NA NA 172 2239 106 NA NA NA NA NA 
1783933200.0 136.867 NA 199 619 0 NA NA NA NA NA NA 289 904 0 NA NA NA NA NA NA 186 5521 128 NA NA NA NA NA NA 294 2276 143 NA NA NA NA NA 
1783933200.0 136.868 NA 200 650 0 NA NA NA NA NA NA 281 853 0 NA NA NA NA NA NA 165 4430 142 NA NA NA NA NA NA 181 1872 156 NA NA NA NA NA 
1783933200.0 136.869 NA 197 483 0 NA NA NA NA NA NA 298 702 0 NA NA NA NA NA NA 197 5662 112 NA NA NA NA NA NA 305 2203 150 NA NA NA NA NA 
1783933200.0 136.87 NA 213 496 0 NA NA NA NA NA NA 299 649 0 NA NA NA NA NA NA 138 1238 116 NA NA NA NA NA NA 159 958 140 NA NA NA NA NA 
1783933200.0 136.871 NA 203 492 0 NA NA NA NA NA NA 295 705 0 NA NA NA NA NA NA 176 7081 95 NA NA NA NA NA NA 243 2460 133 NA NA NA NA NA 
1783933200.0 136.872 NA 201 480 0 NA NA NA NA NA NA 297 691 0 NA NA NA NA NA NA 183 5547 92 NA NA NA NA NA NA 168 2361 105 NA NA NA NA NA 
1783933200.0 136.873 NA 208 581 0 NA NA NA NA NA NA 299 779 0 NA NA NA NA NA NA 166 4815 138 NA NA NA NA NA NA 158 1820 151 NA NA NA NA NA 
1783933200.0 136.874 NA 200 498 0 NA NA NA NA NA NA 282 813 0 NA NA NA NA NA NA 167 4902 104 NA NA NA NA NA NA 179 2065 115 NA NA NA NA NA 
1783933200.0 136.875 NA 202 564 0 NA NA NA NA NA NA 299 815 0 NA NA NA NA NA NA 182 4962 150 NA NA NA NA NA NA 154 1974 247 NA NA NA NA NA 
1783933200.0 136.876 NA 200 485 0 NA NA NA NA NA NA 295 754 0 NA NA NA NA NA NA 184 5893 106 NA NA NA NA NA NA 262 2238 156 NA NA NA NA NA 
1783933200.0 136.877 NA 206 520 0 NA NA NA NA NA NA 289 715 0 NA NA NA NA NA NA 163 4751 104 NA NA NA NA NA NA 181 1907 122 NA NA NA NA NA 
1783933200.0 136.878 NA 203 461 0 NA NA NA NA NA NA 296 673 0 NA NA NA NA NA NA 177 5216 96 NA NA NA NA NA NA 164 2156 113 NA NA NA NA NA 
1783933200.0 136.879 NA 200 646 0 NA NA NA NA NA NA 294 905 0 NA NA NA NA NA NA 177 4876 123 NA NA NA NA NA NA 177 2057 139 NA NA NA NA NA 
1783933200.0 136.88 NA 206 649 0 NA NA NA NA NA NA 284 821 0 NA NA NA NA NA NA 153 3891 140 NA NA NA NA NA NA 169 1718 157 NA NA NA NA NA 
1783933200.0 136.881 NA 206 476 0 NA NA NA NA NA NA 296 678 0 NA NA NA NA NA NA 167 4362 107 NA NA NA NA NA NA 136 1768 124 NA NA NA NA NA 
1783933200.0 136.882 NA 212 534 0 NA NA NA NA NA NA 298 681 0 NA NA NA NA NA NA 145 1463 123 NA NA NA NA NA NA 153 998 152 NA NA NA NA NA 
1783933200.0 136.883 NA 198 474 0 NA NA NA NA NA NA 290 714 0 NA NA NA NA NA NA 181 6172 94 NA NA NA NA NA NA 243 2290 108 NA NA NA NA NA 
1783933200.0 136.884 NA 206 470 0 NA NA NA NA NA NA 289 646 0 NA NA NA NA NA NA 170 4574 93 NA NA NA NA NA NA 174 1825 114 NA NA NA NA NA 
1783933200.0 136.885 NA 207 582 0 NA NA NA NA NA NA 297 760 0 NA NA NA NA NA NA 159 4883 141 NA NA NA NA NA NA 169 1855 181 NA NA NA NA NA 
1783933200.0 136.8855 NA 207 162 0 NA NA NA NA NA NA 295 291 0 NA NA NA NA NA NA 172 220 54 NA NA NA NA NA NA 193 304 86 NA NA NA NA NA 
1783933200.0 136.886 NA 202 490 0 NA NA NA NA NA NA 290 738 0 NA NA NA NA NA NA 163 4780 108 NA NA NA NA NA NA 167 1848 139 NA NA NA NA NA 
1783933200.0 136.8861 NA 203 491 0 NA NA NA NA NA NA 300 783 0 NA NA NA NA NA NA 198 4300 121 NA NA NA NA NA NA 337 1811 151 NA NA NA NA NA 
1783933200.0 136.8862 NA 201 497 0 NA NA NA NA NA NA 299 782 0 NA NA NA NA NA NA 177 5185 105 NA NA NA NA NA NA 260 2110 141 NA NA NA NA NA 
1783933200.0 136.887 NA 207 576 0 NA NA NA NA NA NA 300 799 0 NA NA NA NA NA NA 168 4720 144 NA NA NA NA NA NA 171 1814 178 NA NA NA NA NA 
1783933200.0 136.888 NA 199 530 0 NA NA NA NA NA NA 290 741 0 NA NA NA NA NA NA 183 5681 102 NA NA NA NA NA NA 321 2217 116 NA NA NA NA NA 
1783933200.0 136.8885 NA 205 167 0 NA NA NA NA NA NA 294 289 0 NA NA NA NA NA NA 172 225 53 NA NA NA NA NA NA 190 347 74 NA NA NA NA NA 
1783933200.0 136.889 NA 200 476 0 NA NA NA NA NA NA 285 747 0 NA NA NA NA NA NA 174 5357 99 NA NA NA NA NA NA 187 2327 112 NA NA NA NA NA 
1783933200.0 136.89 NA 206 475 0 NA NA NA NA NA NA 293 671 0 NA NA NA NA NA NA 171 4861 92 NA NA NA NA NA NA 187 1895 105 NA NA NA NA NA 
1783933200.0 136.891 NA 199 638 0 NA NA NA NA NA NA 296 923 0 NA NA NA NA NA NA 176 4802 121 NA NA NA NA NA NA 177 2035 135 NA NA NA NA NA 
1783933200.0 136.892 NA 200 645 0 NA NA NA NA NA NA 292 883 0 NA NA NA NA NA NA 162 4389 141 NA NA NA NA NA NA 173 1849 155 NA NA NA NA NA 
1783933200.0 136.893 NA 200 462 0 NA NA NA NA NA NA 296 667 0 NA NA NA NA NA NA 180 4847 113 NA NA NA NA NA NA 166 1872 142 NA NA NA NA NA 
1783933200.0 136.894 NA 210 553 0 NA NA NA NA NA NA 300 735 0 NA NA NA NA NA NA 143 2401 122 NA NA NA NA NA NA 128 1205 139 NA NA NA NA NA 
1783933200.0 136.895 NA 202 469 0 NA NA NA NA NA NA 303 684 0 NA NA NA NA NA NA 182 5784 91 NA NA NA NA NA NA 278 2364 105 NA NA NA NA NA 
1783933200.0 136.896 NA 206 481 0 NA NA NA NA NA NA 288 643 0 NA NA NA NA NA NA 172 4640 92 NA NA NA NA NA NA 182 1829 107 NA NA NA NA NA 
1783933200.0 136.897 NA 323 156 0 NA NA NA NA NA NA 485 251 0 NA NA NA NA NA NA 452 177 106 NA NA NA NA NA NA 378 274 137 NA NA NA NA NA 
1783933200.0 136.898 NA 206 512 0 NA NA NA NA NA NA 293 704 0 NA NA NA NA NA NA 168 4856 92 NA NA NA NA NA NA 182 1939 105 NA NA NA NA NA 
1783933200.0 136.899 NA 345 168 0 NA NA NA NA NA NA 514 275 0 NA NA NA NA NA NA 491 178 100 NA NA NA NA NA NA 354 221 151 NA NA NA NA NA 
1783933200.0 136.901 NA 296 281 317 125 270 274 164 NA NA 450 428 453 238 443 386 272 NA NA 3008 461 536 196 298 370 188 NA NA 2105 355 454 151 375 361 291 NA 
1783933200.0 136.902 NA 310 275 314 168 298 279 170 NA NA 442 418 436 243 443 398 273 NA NA 2542 442 567 175 284 370 171 NA NA 976 356 455 123 302 382 204 NA 
1783933200.0 136.903 NA 361 338 412 198 338 304 183 NA NA 526 527 572 302 527 421 277 NA NA 3985 1713 1398 658 563 513 183 NA NA 1652 735 798 299 460 389 234 NA 
1783933200.0 136.904 NA 357 331 405 193 334 301 186 NA NA 526 494 544 282 514 414 289 NA NA 3755 1017 980 417 446 456 185 NA NA 1814 483 593 218 471 401 215 NA 
1783933200.0 136.905 NA 355 339 395 185 339 296 191 NA NA 526 494 520 276 500 408 289 NA NA 3536 698 881 282 342 393 165 NA NA 1246 380 610 172 390 412 198 NA 
1783933200.0 136.906 NA 344 312 364 172 305 294 189 NA NA 500 456 472 243 435 403 290 NA NA 4384 473 791 207 308 363 162 NA NA 1511 317 569 141 340 347 178 NA 
1783933200.0 1360.0 127 218 436 0 NA NA NA NA NA 212 301 610 0 NA NA NA NA NA 1023 128 618 151 NA NA NA NA NA 673 193 759 176 NA NA NA NA NA 
1783933200.0 1361.0 155 236 455 0 NA NA NA NA NA 225 320 606 0 NA NA NA NA NA 2924 164 618 146 NA NA NA NA NA 998 144 595 166 NA NA NA NA NA 
1783933200.0 1361.17 130 306 510 0 170 NA NA NA NA 200 404 719 0 284 NA NA NA NA 3093 183 712 189 174 NA NA NA NA 1191 154 665 212 223 NA NA NA NA 
1783933200.0 1361.18 136 290 513 0 164 NA NA NA NA 204 396 693 0 269 NA NA NA NA 3115 203 718 188 178 NA NA NA NA 1787 212 756 204 279 NA NA NA NA 
1783933200.0 1361.181 130 291 519 0 171 NA NA NA NA 201 383 698 0 272 NA NA NA NA 3183 210 741 181 179 NA NA NA NA 2220 237 808 201 272 NA NA NA NA 
1783933200.0 1362.0 147 230 442 0 NA NA NA NA NA 229 321 580 0 NA NA NA NA NA 3796 167 659 145 NA NA NA NA NA 1496 138 605 159 NA NA NA NA NA 
1783933200.0 1362.17 141 304 523 0 179 NA NA NA NA 201 401 715 0 283 NA NA NA NA 3889 192 706 192 177 NA NA NA NA 1580 209 703 270 251 NA NA NA NA 
1783933200.0 1362.18 131 293 510 0 170 NA NA NA NA 203 394 712 0 278 NA NA NA NA 4001 206 741 195 169 NA NA NA NA 2604 225 829 264 189 NA NA NA NA 
1783933200.0 1363.0 164 240 461 0 NA NA NA NA NA 230 323 597 0 NA NA NA NA NA 3905 163 643 146 NA NA NA NA NA 1365 149 617 160 NA NA NA NA NA 
1783933200.0 1363.17 139 309 521 0 178 NA NA NA NA 201 396 695 0 278 NA NA NA NA 3970 184 715 192 181 NA NA NA NA 1681 232 732 260 281 NA NA NA NA 
1783933200.0 1363.18 130 294 516 0 165 NA NA NA NA 204 398 693 0 271 NA NA NA NA 3968 207 728 194 180 NA NA NA NA 2622 223 787 238 260 NA NA NA NA 
1783933200.0 1364.0 122 0 0 0 NA NA NA NA NA 170 0 0 0 NA NA NA NA NA 226 84 543 135 NA NA NA NA NA 394 164 689 161 NA NA NA NA NA 
1783933200.0 1365.0 121 0 0 0 NA NA NA NA NA 172 0 0 0 NA NA NA NA NA 218 86 490 131 NA NA NA NA NA 239 119 693 152 NA NA NA NA NA 
1783933200.0 1366.0 113 0 0 0 NA NA NA NA NA 168 0 0 0 NA NA NA NA NA 220 81 493 130 NA NA NA NA NA 244 121 612 143 NA NA NA NA NA 
1783933200.0 137.8 NA 205 577 NA 207 521 0 NA NA NA 287 824 NA 295 731 0 NA NA NA 164 5049 NA 160 4828 127 NA NA NA 347 2761 NA 146 1994 182 NA NA 
1783933200.0 1370.0 66 158 238 456 0 178 NA NA NA 91 220 324 594 0 274 NA NA NA 22 775 159 629 142 162 NA NA NA 53 370 133 593 156 183 NA NA NA 
1783933200.0 1370.17 66 141 309 532 0 178 NA NA NA 91 194 410 712 0 267 NA NA NA 22 853 181 697 179 161 NA NA NA 62 400 147 698 219 179 NA NA NA 
1783933200.0 1370.18 66 140 302 522 0 178 NA NA NA 91 192 405 731 0 281 NA NA NA 23 876 190 699 182 167 NA NA NA 55 404 156 756 200 186 NA NA NA 
1783933200.0 138.3 NA 73 478 0 NA NA NA NA NA NA 113 656 0 NA NA NA NA NA NA 29 1725 124 NA NA NA NA NA NA 216 1442 141 NA NA NA NA NA 
1783933200.0 138.4 NA 427 0 NA NA NA NA NA NA NA 595 0 NA NA NA NA NA NA NA 682 141 NA NA NA NA NA NA NA 556 201 NA NA NA NA NA NA 
1783933200.0 138.5 NA 448 205 0 NA NA NA NA NA NA 647 304 0 NA NA NA NA NA NA 944 235 134 NA NA NA NA NA NA 756 324 150 NA NA NA NA NA 
1783933200.0 139.001 NA 215 448 0 NA NA NA NA NA NA 302 666 0 NA NA NA NA NA NA 125 1195 105 NA NA NA NA NA NA 89 1419 118 NA NA NA NA NA 
1783933200.0 139.002 NA 210 543 0 NA NA NA NA NA NA 293 737 0 NA NA NA NA NA NA 124 1289 142 NA NA NA NA NA NA 104 1167 160 NA NA NA NA NA 
1783933200.0 139.003 NA 212 352 0 NA NA NA NA NA NA 304 541 0 NA NA NA NA NA NA 126 1048 59 NA NA NA NA NA NA 92 1296 71 NA NA NA NA NA 
1783933200.0 139.004 NA 206 469 0 NA NA NA NA NA NA 295 645 0 NA NA NA NA NA NA 154 1197 133 NA NA NA NA NA NA 118 943 157 NA NA NA NA NA 
1783933200.0 139901.0 139 231 435 0 NA NA NA NA NA 212 315 588 0 NA NA NA NA NA 424 141 604 145 NA NA NA NA NA 271 143 562 163 NA NA NA NA NA 
1783933200.0 139902.0 146 237 448 0 NA NA NA NA NA 220 331 604 0 NA NA NA NA NA 899 168 709 158 NA NA NA NA NA 415 132 590 205 NA NA NA NA NA 
1783933200.0 14.0 167 191 405 0 NA NA NA NA NA 247 264 524 0 NA NA NA NA NA 1264 157 700 152 NA NA NA NA NA 563 124 630 167 NA NA NA NA NA 
1783933200.0 140.001 NA 211 537 0 NA NA NA NA NA NA 301 716 0 NA NA NA NA NA NA 134 921 130 NA NA NA NA NA NA 145 852 194 NA NA NA NA NA 
1783933200.0 140.002 NA 209 495 0 NA NA NA NA NA NA 309 722 0 NA NA NA NA NA NA 171 1168 127 NA NA NA NA NA NA 109 817 161 NA NA NA NA NA 
1783933200.0 140.003 NA 202 523 0 NA NA NA NA NA NA 295 733 0 NA NA NA NA NA NA 136 895 121 NA NA NA NA NA NA 101 706 153 NA NA NA NA NA 
1783933200.0 140.004 NA 0 0 0 NA NA NA NA NA NA 0 0 0 NA NA NA NA NA NA 61 866 221 NA NA NA NA NA NA 71 859 312 NA NA NA NA NA 
1783933200.0 140.005 NA 205 491 0 NA NA NA NA NA NA 299 695 0 NA NA NA NA NA NA 139 966 124 NA NA NA NA NA NA 103 809 139 NA NA NA NA NA 
1783933200.0 140.006 NA 0 0 0 NA NA NA NA NA NA 0 0 0 NA NA NA NA NA NA 58 883 219 NA NA NA NA NA NA 74 849 247 NA NA NA NA NA 
1783933200.0 140.007 NA 195 485 0 NA NA NA NA NA NA 288 730 0 NA NA NA NA NA NA 94 1103 224 NA NA NA NA NA NA 117 1087 311 NA NA NA NA NA 
1783933200.0 140.008 NA 188 512 0 NA NA NA NA NA NA 274 683 0 NA NA NA NA NA NA 67 953 213 NA NA NA NA NA NA 87 919 235 NA NA NA NA NA 
1783933200.0 140.009 NA 0 0 0 NA NA NA NA NA NA 0 0 0 NA NA NA NA NA NA 59 871 219 NA NA NA NA NA NA 69 866 303 NA NA NA NA NA 
1783933200.0 140.01 NA 219 550 0 NA NA NA NA NA NA 307 746 0 NA NA NA NA NA NA 184 1403 138 NA NA NA NA NA NA 119 924 186 NA NA NA NA NA 
1783933200.0 140.011 NA 0 0 0 NA NA NA NA NA NA 0 0 0 NA NA NA NA NA NA 61 886 218 NA NA NA NA NA NA 76 964 258 NA NA NA NA NA 
1783933200.0 140.021 NA 0 0 0 NA NA NA NA NA NA 0 0 0 NA NA NA NA NA NA 61 908 226 NA NA NA NA NA NA 102 939 349 NA NA NA NA NA 
1783933200.0 140.022 NA 210 609 0 NA NA NA NA NA NA 290 790 0 NA NA NA NA NA NA 187 3684 127 NA NA NA NA NA NA 119 1454 143 NA NA NA NA NA 
1783933200.0 140.023 NA 202 595 0 NA NA NA NA NA NA 298 780 0 NA NA NA NA NA NA 167 2575 131 NA NA NA NA NA NA 162 1177 155 NA NA NA NA NA 
1783933200.0 140.024 NA 208 580 0 NA NA NA NA NA NA 290 814 0 NA NA NA NA NA NA 197 4572 127 NA NA NA NA NA NA 129 1698 166 NA NA NA NA NA 
1783933200.0 140.025 NA 209 617 0 NA NA NA NA NA NA 289 811 0 NA NA NA NA NA NA 192 4517 126 NA NA NA NA NA NA 122 1700 161 NA NA NA NA NA 
1783933200.0 140.026 NA 214 641 0 NA NA NA NA NA NA 297 862 0 NA NA NA NA NA NA 211 5037 129 NA NA NA NA NA NA 143 1820 155 NA NA NA NA NA 
1783933200.0 140.027 NA 211 620 0 NA NA NA NA NA NA 303 819 0 NA NA NA NA NA NA 186 4194 126 NA NA NA NA NA NA 129 1562 142 NA NA NA NA NA 
1783933200.0 140.028 NA 211 551 0 NA NA NA NA NA NA 298 788 0 NA NA NA NA NA NA 181 3931 124 NA NA NA NA NA NA 130 1587 138 NA NA NA NA NA 
1783933200.0 140.029 NA 210 613 0 NA NA NA NA NA NA 292 837 0 NA NA NA NA NA NA 183 4062 128 NA NA NA NA NA NA 125 1549 164 NA NA NA NA NA 
1783933200.0 140.03 NA 209 613 0 NA NA NA NA NA NA 293 802 0 NA NA NA NA NA NA 190 3706 127 NA NA NA NA NA NA 162 1474 146 NA NA NA NA NA 
1783933200.0 140.031 NA 209 621 0 NA NA NA NA NA NA 291 823 0 NA NA NA NA NA NA 192 4190 127 NA NA NA NA NA NA 122 1535 143 NA NA NA NA NA 
1783933200.0 140.042 NA 209 627 0 NA NA NA NA NA NA 292 811 0 NA NA NA NA NA NA 199 4723 125 NA NA NA NA NA NA 143 1686 141 NA NA NA NA NA 
1783933200.0 140.043 NA 206 557 0 NA NA NA NA NA NA 294 814 0 NA NA NA NA NA NA 172 3031 131 NA NA NA NA NA NA 119 1308 165 NA NA NA NA NA 
1783933200.0 140.044 NA 210 636 0 NA NA NA NA NA NA 301 845 0 NA NA NA NA NA NA 207 5302 126 NA NA NA NA NA NA 151 1980 142 NA NA NA NA NA 
1783933200.0 140.045 NA 211 645 0 NA NA NA NA NA NA 297 840 0 NA NA NA NA NA NA 218 5709 127 NA NA NA NA NA NA 153 1998 158 NA NA NA NA NA 
1783933200.0 140.046 NA 201 590 0 NA NA NA NA NA NA 304 870 0 NA NA NA NA NA NA 250 6209 132 NA NA NA NA NA NA 373 2171 154 NA NA NA NA NA 
1783933200.0 140.047 NA 210 630 0 NA NA NA NA NA NA 300 836 0 NA NA NA NA NA NA 216 5458 128 NA NA NA NA NA NA 157 1961 164 NA NA NA NA NA 
1783933200.0 140.048 NA 208 628 0 NA NA NA NA NA NA 285 833 0 NA NA NA NA NA NA 193 4841 126 NA NA NA NA NA NA 130 1756 143 NA NA NA NA NA 
1783933200.0 140.049 NA 208 630 0 NA NA NA NA NA NA 300 827 0 NA NA NA NA NA NA 213 5033 128 NA NA NA NA NA NA 239 1802 146 NA NA NA NA NA 
1783933200.0 140.05 NA 211 589 0 NA NA NA NA NA NA 304 839 0 NA NA NA NA NA NA 206 4874 125 NA NA NA NA NA NA 126 1909 159 NA NA NA NA NA 
1783933200.0 140.051 NA 209 621 NA NA NA NA NA NA NA 303 819 NA NA NA NA NA NA NA 240 4489 NA NA NA NA NA NA NA 247 1659 NA NA NA NA NA NA 
1783933200.0 140.062 NA 211 631 0 NA NA NA NA NA NA 291 830 0 NA NA NA NA NA NA 236 5597 127 NA NA NA NA NA NA 244 2003 148 NA NA NA NA NA 
1783933200.0 140.063 NA 209 621 0 NA NA NA NA NA NA 293 806 0 NA NA NA NA NA NA 178 3782 128 NA NA NA NA NA NA 124 1450 161 NA NA NA NA NA 
1783933200.0 140.064 NA 202 591 0 NA NA NA NA NA NA 302 823 0 NA NA NA NA NA NA 245 6035 127 NA NA NA NA NA NA 209 2215 155 NA NA NA NA NA 
1783933200.0 140.065 NA 202 592 0 NA NA NA NA NA NA 299 862 0 NA NA NA NA NA NA 249 6294 132 NA NA NA NA NA NA 275 2293 157 NA NA NA NA NA 
1783933200.0 140.066 NA 201 623 0 NA NA NA NA NA NA 297 873 0 NA NA NA NA NA NA 255 7393 135 NA NA NA NA NA NA 271 2583 186 NA NA NA NA NA 
1783933200.0 140.067 NA 199 599 0 NA NA NA NA NA NA 304 823 0 NA NA NA NA NA NA 244 5879 126 NA NA NA NA NA NA 345 2113 154 NA NA NA NA NA 
1783933200.0 140.068 NA 208 644 0 NA NA NA NA NA NA 302 880 0 NA NA NA NA NA NA 231 5699 127 NA NA NA NA NA NA 238 2042 145 NA NA NA NA NA 
1783933200.0 140.069 NA 202 591 0 NA NA NA NA NA NA 293 840 0 NA NA NA NA NA NA 230 5652 129 NA NA NA NA NA NA 178 2234 145 NA NA NA NA NA 
1783933200.0 140.071 NA 209 600 0 NA NA NA NA NA NA 293 776 0 NA NA NA NA NA NA 192 3386 124 NA NA NA NA NA NA 179 1376 139 NA NA NA NA NA 
1783933200.0 140.072 NA 201 585 0 NA NA NA NA NA NA 298 789 0 NA NA NA NA NA NA 176 2590 130 NA NA NA NA NA NA 183 1182 163 NA NA NA NA NA 
1783933200.0 140.073 NA 211 568 0 NA NA NA NA NA NA 288 780 0 NA NA NA NA NA NA 189 3958 125 NA NA NA NA NA NA 123 1544 141 NA NA NA NA NA 
1783933200.0 140.074 NA 210 612 0 NA NA NA NA NA NA 292 777 0 NA NA NA NA NA NA 189 4089 125 NA NA NA NA NA NA 144 1593 140 NA NA NA NA NA 
1783933200.0 140.075 NA 212 603 0 NA NA NA NA NA NA 299 805 0 NA NA NA NA NA NA 195 4253 125 NA NA NA NA NA NA 148 1694 141 NA NA NA NA NA 
1783933200.0 140.076 NA 212 604 0 NA NA NA NA NA NA 293 816 0 NA NA NA NA NA NA 185 3521 124 NA NA NA NA NA NA 120 1366 141 NA NA NA NA NA 
1783933200.0 140.077 NA 209 601 0 NA NA NA NA NA NA 294 791 0 NA NA NA NA NA NA 178 3351 122 NA NA NA NA NA NA 113 1314 139 NA NA NA NA NA 
1783933200.0 140.078 NA 210 600 0 NA NA NA NA NA NA 299 757 0 NA NA NA NA NA NA 195 3641 128 NA NA NA NA NA NA 141 1465 164 NA NA NA NA NA 
1783933200.0 140.101 NA 210 662 0 NA NA NA NA NA NA 290 899 0 NA NA NA NA NA NA 184 3916 124 NA NA NA NA NA NA 146 1607 138 NA NA NA NA NA 
1783933200.0 140.102 NA 200 593 0 NA NA NA NA NA NA 308 888 0 NA NA NA NA NA NA 263 6190 122 NA NA NA NA NA NA 313 2419 137 NA NA NA NA NA 
1783933200.0 140.103 NA 200 611 0 NA NA NA NA NA NA 292 886 0 NA NA NA NA NA NA 255 6485 126 NA NA NA NA NA NA 306 2445 145 NA NA NA NA NA 
1783933200.0 140.104 NA 206 672 0 NA NA NA NA NA NA 303 921 0 NA NA NA NA NA NA 249 7609 128 NA NA NA NA NA NA 253 2578 148 NA NA NA NA NA 
1783933200.0 140.105 NA 200 637 0 NA NA NA NA NA NA 294 921 0 NA NA NA NA NA NA 240 6097 129 NA NA NA NA NA NA 264 2348 144 NA NA NA NA NA 
1783933200.0 140.106 NA 200 615 0 NA NA NA NA NA NA 292 889 0 NA NA NA NA NA NA 239 5973 131 NA NA NA NA NA NA 252 2307 149 NA NA NA NA NA 
1783933200.0 140.107 NA 200 601 0 NA NA NA NA NA NA 295 886 0 NA NA NA NA NA NA 245 5890 124 NA NA NA NA NA NA 296 2361 139 NA NA NA NA NA 
1783933200.0 140.108 NA 204 596 0 NA NA NA NA NA NA 300 886 0 NA NA NA NA NA NA 232 5723 124 NA NA NA NA NA NA 180 2240 139 NA NA NA NA NA 
1783933200.0 140.109 NA 210 621 0 NA NA NA NA NA NA 296 844 0 NA NA NA NA NA NA 171 2587 124 NA NA NA NA NA NA 108 1238 143 NA NA NA NA NA 
1783933200.0 140.11 NA 203 579 0 NA NA NA NA NA NA 305 860 0 NA NA NA NA NA NA 235 5408 125 NA NA NA NA NA NA 132 2131 141 NA NA NA NA NA 
1783933200.0 140.111 NA 203 592 0 NA NA NA NA NA NA 296 862 0 NA NA NA NA NA NA 238 5759 134 NA NA NA NA NA NA 193 2247 195 NA NA NA NA NA 
1783933200.0 140.112 NA 201 589 0 NA NA NA NA NA NA 306 882 0 NA NA NA NA NA NA 249 5942 132 NA NA NA NA NA NA 310 2192 193 NA NA NA NA NA 
1783933200.0 140.113 NA 0 0 0 NA NA NA NA NA NA 0 0 0 NA NA NA NA NA NA 65 762 435 NA NA NA NA NA NA 111 1107 751 NA NA NA NA NA 
1783933200.0 140.56 NA 888 0 NA NA NA NA NA NA NA 1237 0 NA NA NA NA NA NA NA 5496 127 NA NA NA NA NA NA NA 2218 149 NA NA NA NA NA NA 
1783933200.0 140.57 NA 540 0 NA NA NA NA NA NA NA 759 0 NA NA NA NA NA NA NA 1058 125 NA NA NA NA NA NA NA 1100 144 NA NA NA NA NA NA 
1783933200.0 140.58 NA 111 830 0 NA NA NA NA NA NA 160 1257 0 NA NA NA NA NA NA 77 5082 129 NA NA NA NA NA NA 193 1814 149 NA NA NA NA NA 
1783933200.0 140.6 NA 97 402 0 NA NA NA NA NA NA 136 633 0 NA NA NA NA NA NA 43 389 118 NA NA NA NA NA NA 107 527 170 NA NA NA NA NA 
1783933200.0 140.61 NA 445 0 NA NA NA NA NA NA NA 620 0 NA NA NA NA NA NA NA 758 115 NA NA NA NA NA NA NA 688 154 NA NA NA NA NA NA 
1783933200.0 14034.0 84 599 0 NA NA NA NA NA NA 113 735 0 NA NA NA NA NA NA 55 686 111 NA NA NA NA NA NA 88 601 162 NA NA NA NA NA NA 
1783933200.0 141.001 NA 210 631 0 NA NA NA NA NA NA 299 839 0 NA NA NA NA NA NA 209 5596 124 NA NA NA NA NA NA 157 1992 140 NA NA NA NA NA 
1783933200.0 141.002 NA 211 617 0 NA NA NA NA NA NA 297 803 0 NA NA NA NA NA NA 164 3101 123 NA NA NA NA NA NA 116 1255 138 NA NA NA NA NA 
1783933200.0 141.003 NA 203 593 0 NA NA NA NA NA NA 287 823 0 NA NA NA NA NA NA 204 5503 127 NA NA NA NA NA NA 148 2211 141 NA NA NA NA NA 
1783933200.0 141.004 NA 212 547 0 NA NA NA NA NA NA 298 799 0 NA NA NA NA NA NA 149 1461 120 NA NA NA NA NA NA 98 1108 134 NA NA NA NA NA 
1783933200.0 141.005 NA 211 593 0 NA NA NA NA NA NA 300 780 0 NA NA NA NA NA NA 188 3000 131 NA NA NA NA NA NA 128 1239 150 NA NA NA NA NA 
1783933200.0 141.006 NA 212 594 0 NA NA NA NA NA NA 297 761 0 NA NA NA NA NA NA 181 3167 124 NA NA NA NA NA NA 120 1278 141 NA NA NA NA NA 
1783933200.0 141.007 NA 212 612 0 NA NA NA NA NA NA 305 808 0 NA NA NA NA NA NA 177 3902 139 NA NA NA NA NA NA 107 1542 154 NA NA NA NA NA 
1783933200.0 141.008 NA 202 614 0 NA NA NA NA NA NA 299 845 0 NA NA NA NA NA NA 257 6569 134 NA NA NA NA NA NA 560 2275 209 NA NA NA NA NA 
1783933200.0 141.008405 NA 209 165 0 NA NA NA NA NA NA 295 250 0 NA NA NA NA NA NA 234 388 52 NA NA NA NA NA NA 183 196 62 NA NA NA NA NA 
1783933200.0 141.008411 NA 210 157 0 NA NA NA NA NA NA 293 239 0 NA NA NA NA NA NA 232 186 61 NA NA NA NA NA NA 186 182 100 NA NA NA NA NA 
1783933200.0 141.008421 NA 210 158 0 NA NA NA NA NA NA 285 234 0 NA NA NA NA NA NA 228 203 55 NA NA NA NA NA NA 139 189 70 NA NA NA NA NA 
1783933200.0 141.009 NA 0 0 0 NA NA NA NA NA NA 0 0 0 NA NA NA NA NA NA 59 1260 356 NA NA NA NA NA NA 75 1212 380 NA NA NA NA NA 
1783933200.0 141.01 NA 201 600 0 NA NA NA NA NA NA 289 869 0 NA NA NA NA NA NA 240 6231 123 NA NA NA NA NA NA 201 2260 138 NA NA NA NA NA 
1783933200.0 141.011 NA 208 633 0 NA NA NA NA NA NA 288 849 0 NA NA NA NA NA NA 200 5399 130 NA NA NA NA NA NA 141 1897 174 NA NA NA NA NA 
1783933200.0 141.012 NA 209 606 0 NA NA NA NA NA NA 291 805 0 NA NA NA NA NA NA 181 3745 124 NA NA NA NA NA NA 120 1426 160 NA NA NA NA NA 
1783933200.0 141.013 NA 207 640 0 NA NA NA NA NA NA 299 856 0 NA NA NA NA NA NA 220 5432 124 NA NA NA NA NA NA 245 1931 140 NA NA NA NA NA 
1783933200.0 141.031 NA 200 603 0 NA NA NA NA NA NA 292 880 0 NA NA NA NA NA NA 238 6207 127 NA NA NA NA NA NA 189 2320 142 NA NA NA NA NA 
1783933200.0 141.032 NA 208 634 0 NA NA NA NA NA NA 287 858 0 NA NA NA NA NA NA 181 4012 128 NA NA NA NA NA NA 124 1514 171 NA NA NA NA NA 
1783933200.0 141.033 NA 198 591 0 NA NA NA NA NA NA 292 863 0 NA NA NA NA NA NA 250 6670 131 NA NA NA NA NA NA 270 2371 148 NA NA NA NA NA 
1783933200.0 141.034 NA 209 649 0 NA NA NA NA NA NA 294 849 0 NA NA NA NA NA NA 232 6849 127 NA NA NA NA NA NA 205 2252 145 NA NA NA NA NA 
1783933200.0 141.035 NA 199 606 0 NA NA NA NA NA NA 283 858 0 NA NA NA NA NA NA 247 6986 135 NA NA NA NA NA NA 282 2385 215 NA NA NA NA NA 
1783933200.0 141.036 NA 204 524 0 NA NA NA NA NA NA 298 769 0 NA NA NA NA NA NA 162 2047 131 NA NA NA NA NA NA 143 1026 163 NA NA NA NA NA 
1783933200.0 141.037 NA 204 556 0 NA NA NA NA NA NA 294 853 0 NA NA NA NA NA NA 226 5619 126 NA NA NA NA NA NA 164 2070 142 NA NA NA NA NA 
1783933200.0 141.038 NA 204 605 0 NA NA NA NA NA NA 309 885 0 NA NA NA NA NA NA 254 6355 133 NA NA NA NA NA NA 298 2343 154 NA NA NA NA NA 
1783933200.0 141.039 NA 199 610 0 NA NA NA NA NA NA 286 857 0 NA NA NA NA NA NA 242 6223 123 NA NA NA NA NA NA 191 2382 137 NA NA NA NA NA 
1783933200.0 141.041 NA 211 655 0 NA NA NA NA NA NA 295 865 0 NA NA NA NA NA NA 253 8468 131 NA NA NA NA NA NA 257 2837 155 NA NA NA NA NA 
1783933200.0 141.042 NA 209 648 0 NA NA NA NA NA NA 292 860 0 NA NA NA NA NA NA 189 5166 126 NA NA NA NA NA NA 151 1926 144 NA NA NA NA NA 
1783933200.0 141.043 NA 206 665 0 NA NA NA NA NA NA 299 911 0 NA NA NA NA NA NA 266 9830 133 NA NA NA NA NA NA 252 3069 158 NA NA NA NA NA 
1783933200.0 141.044 NA 207 661 0 NA NA NA NA NA NA 291 903 0 NA NA NA NA NA NA 235 8653 127 NA NA NA NA NA NA 225 2843 171 NA NA NA NA NA 
1783933200.0 141.045 NA 208 693 0 NA NA NA NA NA NA 304 947 0 NA NA NA NA NA NA 255 11968 131 NA NA NA NA NA NA 285 4966 228 NA NA NA NA NA 
1783933200.0 141.046 NA 208 647 0 NA NA NA NA NA NA 294 885 0 NA NA NA NA NA NA 245 8109 127 NA NA NA NA NA NA 245 2784 150 NA NA NA NA NA 
1783933200.0 141.047 NA 209 633 0 NA NA NA NA NA NA 304 902 0 NA NA NA NA NA NA 247 9204 128 NA NA NA NA NA NA 239 2867 175 NA NA NA NA NA 
1783933200.0 141.048 NA 201 634 0 NA NA NA NA NA NA 296 902 0 NA NA NA NA NA NA 250 9161 126 NA NA NA NA NA NA 266 2867 147 NA NA NA NA NA 
1783933200.0 141.049 NA 201 593 0 NA NA NA NA NA NA 304 838 0 NA NA NA NA NA NA 252 6283 131 NA NA NA NA NA NA 286 2406 152 NA NA NA NA NA 
1783933200.0 141.101 NA 209 665 0 NA NA NA NA NA NA 290 885 0 NA NA NA NA NA NA 178 4192 126 NA NA NA NA NA NA 117 1698 156 NA NA NA NA NA 
1783933200.0 141.102 NA 208 643 0 NA NA NA NA NA NA 297 922 0 NA NA NA NA NA NA 236 6783 127 NA NA NA NA NA NA 214 2337 158 NA NA NA NA NA 
1783933200.0 141.103 NA 208 679 0 NA NA NA NA NA NA 292 981 0 NA NA NA NA NA NA 229 7114 127 NA NA NA NA NA NA 188 2444 157 NA NA NA NA NA 
1783933200.0 141.104 NA 207 648 0 NA NA NA NA NA NA 291 948 0 NA NA NA NA NA NA 241 7175 129 NA NA NA NA NA NA 176 2519 152 NA NA NA NA NA 
1783933200.0 141.105 NA 213 598 0 NA NA NA NA NA NA 297 827 0 NA NA NA NA NA NA 155 2182 120 NA NA NA NA NA NA 106 1151 139 NA NA NA NA NA 
1783933200.0 141.106 NA 205 602 0 NA NA NA NA NA NA 296 884 0 NA NA NA NA NA NA 218 5813 133 NA NA NA NA NA NA 165 2272 187 NA NA NA NA NA 
1783933200.0 141.107 NA 197 610 0 NA NA NA NA NA NA 287 886 0 NA NA NA NA NA NA 256 6344 134 NA NA NA NA NA NA 313 2398 248 NA NA NA NA NA 
1783933200.0 141.108 NA 198 608 0 NA NA NA NA NA NA 303 923 0 NA NA NA NA NA NA 254 6539 130 NA NA NA NA NA NA 524 2597 147 NA NA NA NA NA 
1783933200.0 141.109 NA 211 645 0 NA NA NA NA NA NA 299 888 0 NA NA NA NA NA NA 178 3703 126 NA NA NA NA NA NA 110 1589 154 NA NA NA NA NA 
1783933200.0 141.11 NA 203 651 0 NA NA NA NA NA NA 295 912 0 NA NA NA NA NA NA 258 7385 127 NA NA NA NA NA NA 281 2471 176 NA NA NA NA NA 
1783933200.0 141.111 NA 198 625 0 NA NA NA NA NA NA 296 912 0 NA NA NA NA NA NA 255 6580 135 NA NA NA NA NA NA 547 2530 197 NA NA NA NA NA 
1783933200.0 141.112 NA 197 620 0 NA NA NA NA NA NA 294 902 0 NA NA NA NA NA NA 255 7159 132 NA NA NA NA NA NA 552 2731 195 NA NA NA NA NA 
1783933200.0 141.113 NA 0 0 0 NA NA NA NA NA NA 0 0 0 NA NA NA NA NA NA 61 427 216 NA NA NA NA NA NA 93 503 259 NA NA NA NA NA 
1783933200.0 141.114 NA 201 597 0 NA NA NA NA NA NA 291 903 0 NA NA NA NA NA NA 254 6413 132 NA NA NA NA NA NA 310 2492 208 NA NA NA NA NA 
1783933200.0 141.201 136 243 616 0 NA NA NA NA NA 174 334 807 0 NA NA NA NA NA 853 118 853 187 NA NA NA NA NA 690 116 857 209 NA NA NA NA NA 
1783933200.0 141.202 129 235 116 532 0 NA NA NA NA 166 325 151 732 0 NA NA NA NA 648 109 53 625 178 NA NA NA NA 455 100 67 660 208 NA NA NA NA 
1783933200.0 141.301 NA 386 840 0 NA NA NA NA NA NA 589 1304 0 NA NA NA NA NA NA 1151 10904 145 NA NA NA NA NA NA 1050 4700 234 NA NA NA NA NA 
1783933200.0 141.901 NA 532 0 NA NA NA NA NA NA NA 774 0 NA NA NA NA NA NA NA 3266 121 NA NA NA NA NA NA NA 1258 155 NA NA NA NA NA NA 
1783933200.0 141.902 NA 486 0 NA NA NA NA NA NA NA 671 0 NA NA NA NA NA NA NA 2852 119 NA NA NA NA NA NA NA 1172 189 NA NA NA NA NA NA 
1783933200.0 142.201 138 238 598 0 NA NA NA NA NA 176 363 790 0 NA NA NA NA NA 847 121 860 207 NA NA NA NA NA 714 119 890 229 NA NA NA NA NA 
1783933200.0 142.202 129 239 117 535 0 NA NA NA NA 167 351 147 748 0 NA NA NA NA 657 111 50 622 196 NA NA NA NA 550 103 62 711 214 NA NA NA NA 
1783933200.0 142.901 NA 477 0 NA NA NA NA NA NA NA 692 0 NA NA NA NA NA NA NA 3173 119 NA NA NA NA NA NA NA 1239 161 NA NA NA NA NA NA 
1783933200.0 142.902 NA 420 0 NA NA NA NA NA NA NA 672 0 NA NA NA NA NA NA NA 3134 117 NA NA NA NA NA NA NA 1265 137 NA NA NA NA NA NA 
1783933200.0 142.903 NA 418 0 NA NA NA NA NA NA NA 561 0 NA NA NA NA NA NA NA 1130 97 NA NA NA NA NA NA NA 1061 124 NA NA NA NA NA NA 
1783933200.0 143.201 135 246 601 0 NA NA NA NA NA 173 356 803 0 NA NA NA NA NA 846 124 850 203 NA NA NA NA NA 698 123 811 219 NA NA NA NA NA 
1783933200.0 143.202 129 240 117 517 0 NA NA NA NA 166 359 151 704 0 NA NA NA NA 643 122 50 620 196 NA NA NA NA 462 140 60 625 210 NA NA NA NA 
1783933200.0 143.901 NA 542 0 NA NA NA NA NA NA NA 782 0 NA NA NA NA NA NA NA 4008 116 NA NA NA NA NA NA NA 1452 146 NA NA NA NA NA NA 
1783933200.0 143.902 NA 487 0 NA NA NA NA NA NA NA 677 0 NA NA NA NA NA NA NA 3366 119 NA NA NA NA NA NA NA 1325 140 NA NA NA NA NA NA 
1783933200.0 143.911 NA 507 0 NA NA NA NA NA NA NA 712 0 NA NA NA NA NA NA NA 5043 120 NA NA NA NA NA NA NA 1734 146 NA NA NA NA NA NA 
1783933200.0 143.912 NA 489 0 NA NA NA NA NA NA NA 713 0 NA NA NA NA NA NA NA 8814 119 NA NA NA NA NA NA NA 2747 140 NA NA NA NA NA NA 
1783933200.0 143.921 NA 585 0 NA NA NA NA NA NA NA 767 0 NA NA NA NA NA NA NA 5175 118 NA NA NA NA NA NA NA 1820 139 NA NA NA NA NA NA 
1783933200.0 144.201 141 377 635 0 NA NA NA NA NA 184 571 807 0 NA NA NA NA NA 862 255 905 219 NA NA NA NA NA 707 238 891 237 NA NA NA NA NA 
1783933200.0 144.202 129 362 183 535 0 NA NA NA NA 180 556 276 753 0 NA NA NA NA 643 235 102 684 210 NA NA NA NA 453 240 115 653 257 NA NA NA NA 
1783933200.0 144.6 NA 387 NA NA NA NA NA NA NA NA 532 NA NA NA NA NA NA NA NA 1224 NA NA NA NA NA NA NA NA 1026 NA NA NA NA NA NA NA 
1783933200.0 144.901 NA 541 0 NA NA NA NA NA NA NA 742 0 NA NA NA NA NA NA NA 4001 113 NA NA NA NA NA NA NA 1427 128 NA NA NA NA NA NA 
1783933200.0 144.902 NA 470 0 NA NA NA NA NA NA NA 659 0 NA NA NA NA NA NA NA 3361 119 NA NA NA NA NA NA NA 1295 147 NA NA NA NA NA NA 
1783933200.0 144.903 NA 562 0 NA NA NA NA NA NA NA 766 0 NA NA NA NA NA NA NA 4091 114 NA NA NA NA NA NA NA 1501 132 NA NA NA NA NA NA 
1783933200.0 145.415 215 604 0 NA NA NA NA NA NA 328 804 0 NA NA NA NA NA NA 85 1454 129 NA NA NA NA NA NA 143 1179 167 NA NA NA NA NA NA 
1783933200.0 146.101 NA 207 715 0 NA NA NA NA NA NA 317 984 0 NA NA NA NA NA NA 201 6104 131 NA NA NA NA NA NA 238 2417 177 NA NA NA NA NA 
1783933200.0 146.102 NA 207 690 0 NA NA NA NA NA NA 328 975 0 NA NA NA NA NA NA 255 9785 140 NA NA NA NA NA NA 288 3949 172 NA NA NA NA NA 
1783933200.0 146.103 NA 205 765 0 NA NA NA NA NA NA 311 1074 0 NA NA NA NA NA NA 251 11000 137 NA NA NA NA NA NA 368 6930 203 NA NA NA NA NA 
1783933200.0 146.104 NA 206 714 0 NA NA NA NA NA NA 313 975 0 NA NA NA NA NA NA 261 10720 137 NA NA NA NA NA NA 374 6706 209 NA NA NA NA NA 
1783933200.0 146.105 NA 208 741 0 NA NA NA NA NA NA 320 1026 0 NA NA NA NA NA NA 244 9149 138 NA NA NA NA NA NA 230 3575 158 NA NA NA NA NA 
1783933200.0 146.106 NA 205 679 0 NA NA NA NA NA NA 313 979 0 NA NA NA NA NA NA 242 9328 140 NA NA NA NA NA NA 332 3850 185 NA NA NA NA NA 
1783933200.0 146.107 NA 209 687 0 NA NA NA NA NA NA 315 955 0 NA NA NA NA NA NA 251 9616 143 NA NA NA NA NA NA 245 4041 164 NA NA NA NA NA 
1783933200.0 146.108 NA 206 701 0 NA NA NA NA NA NA 311 994 0 NA NA NA NA NA NA 260 9545 145 NA NA NA NA NA NA 314 4024 202 NA NA NA NA NA 
1783933200.0 146.109 NA 211 692 0 NA NA NA NA NA NA 325 937 0 NA NA NA NA NA NA 222 7073 133 NA NA NA NA NA NA 265 2848 149 NA NA NA NA NA 
1783933200.0 146.11 NA 204 665 0 NA NA NA NA NA NA 328 923 0 NA NA NA NA NA NA 265 9237 140 NA NA NA NA NA NA 253 3553 184 NA NA NA NA NA 
1783933200.0 146.111 NA 207 687 0 NA NA NA NA NA NA 322 942 0 NA NA NA NA NA NA 259 9045 138 NA NA NA NA NA NA 273 3364 182 NA NA NA NA NA 
1783933200.0 148.0 114 249 471 0 NA NA NA NA NA 168 351 669 0 NA NA NA NA NA 496 127 620 175 NA NA NA NA NA 333 146 648 262 NA NA NA NA NA 
1783933200.0 149.0 125 265 490 0 NA NA NA NA NA 183 369 683 0 NA NA NA NA NA 353 144 636 167 NA NA NA NA NA 307 172 601 183 NA NA NA NA NA 
1783933200.0 149.1 136 239 484 0 NA NA NA NA NA 177 345 688 0 NA NA NA NA NA 468 134 626 181 NA NA NA NA NA 388 160 648 260 NA NA NA NA NA 
1783933200.0 15.0 114 176 360 0 NA NA NA NA NA 186 268 505 0 NA NA NA NA NA 233 147 578 149 NA NA NA NA NA 278 131 682 220 NA NA NA NA NA 
1783933200.0 158.0 130 233 511 125 0 NA NA NA NA 177 311 687 186 0 NA NA NA NA 755 127 703 178 185 NA NA NA NA 622 182 693 220 202 NA NA NA NA 
1783933200.0 158.1 128 269 512 0 NA NA NA NA NA 188 362 697 0 NA NA NA NA NA 810 193 762 192 NA NA NA NA NA 384 176 663 211 NA NA NA NA NA 
1783933200.0 158.2 125 272 514 0 NA NA NA NA NA 184 366 685 0 NA NA NA NA NA 626 191 715 186 NA NA NA NA NA 350 155 641 199 NA NA NA NA NA 
1783933200.0 158.3 135 280 529 0 NA NA NA NA NA 186 362 700 0 NA NA NA NA NA 607 182 746 186 NA NA NA NA NA 321 141 705 206 NA NA NA NA NA 
1783933200.0 158.5 121 226 492 124 0 NA NA NA NA 165 305 670 188 0 NA NA NA NA 669 116 663 174 174 NA NA NA NA 455 143 611 200 216 NA NA NA NA 
1783933200.0 159.0 137 239 476 126 0 NA NA NA NA 188 326 646 189 0 NA NA NA NA 848 113 508 161 174 NA NA NA NA 648 103 486 198 192 NA NA NA NA 
1783933200.0 159.02 136 232 122 479 125 0 NA NA NA 175 321 155 658 190 0 NA NA NA 887 115 51 489 160 172 NA NA NA 691 103 60 495 209 217 NA NA NA 
1783933200.0 159.03 136 227 106 242 182 NA NA NA NA 177 310 151 411 293 NA NA NA NA 638 103 55 216 151 NA NA NA NA 463 105 109 415 183 NA NA NA NA 
1783933200.0 159.1 143 270 490 0 NA NA NA NA NA 189 359 678 0 NA NA NA NA NA 947 188 590 186 NA NA NA NA NA 533 121 582 212 NA NA NA NA NA 
1783933200.0 159.2 137 264 487 0 NA NA NA NA NA 186 367 673 0 NA NA NA NA NA 711 180 555 171 NA NA NA NA NA 458 116 514 187 NA NA NA NA NA 
1783933200.0 159.3 138 270 477 0 NA NA NA NA NA 185 356 660 0 NA NA NA NA NA 612 157 540 177 NA NA NA NA NA 534 116 553 191 NA NA NA NA NA 
1783933200.0 159.4 141 264 491 0 NA NA NA NA NA 186 355 678 0 NA NA NA NA NA 834 189 577 182 NA NA NA NA NA 522 136 558 228 NA NA NA NA NA 
1783933200.0 16.0 139 182 382 0 NA NA NA NA NA 209 260 507 0 NA NA NA NA NA 2059 143 590 142 NA NA NA NA NA 802 139 647 179 NA NA NA NA NA 
1783933200.0 160.0 136 241 487 125 0 NA NA NA NA 170 322 667 189 0 NA NA NA NA 851 117 501 160 175 NA NA NA NA 686 101 478 173 211 NA NA NA NA 
1783933200.0 160.02 136 241 120 499 125 0 NA NA NA 176 327 155 682 193 0 NA NA NA 845 115 52 507 156 173 NA NA NA 669 108 58 522 170 192 NA NA NA 
1783933200.0 160.03 125 232 104 260 177 NA NA NA NA 169 322 143 445 293 NA NA NA NA 664 111 53 216 157 NA NA NA NA 608 113 63 327 245 NA NA NA NA 
1783933200.0 160.1 140 293 502 0 NA NA NA NA NA 185 402 677 0 NA NA NA NA NA 805 206 590 186 NA NA NA NA NA 571 137 580 221 NA NA NA NA NA 
1783933200.0 160.2 137 287 485 0 NA NA NA NA NA 196 399 690 0 NA NA NA NA NA 640 200 549 171 NA NA NA NA NA 492 136 581 185 NA NA NA NA NA 
1783933200.0 160.3 145 295 489 0 NA NA NA NA NA 197 398 700 0 NA NA NA NA NA 662 195 586 185 NA NA NA NA NA 426 160 515 210 NA NA NA NA NA 
1783933200.0 160.4 136 289 497 0 NA NA NA NA NA 197 389 708 0 NA NA NA NA NA 678 191 570 177 NA NA NA NA NA 554 120 549 193 NA NA NA NA NA 
1783933200.0 160.401 134 225 106 459 179 NA NA NA NA 177 316 151 605 257 NA NA NA NA 638 118 53 460 135 NA NA NA NA 444 135 62 426 141 NA NA NA NA 
1783933200.0 161.0 135 239 532 126 0 NA NA NA NA 181 366 728 193 0 NA NA NA NA 843 123 630 160 202 NA NA NA NA 647 135 634 209 223 NA NA NA NA 
1783933200.0 161.02 136 242 121 528 127 0 NA NA NA 174 335 160 709 192 0 NA NA NA 845 121 51 647 163 202 NA NA NA 657 114 56 702 180 219 NA NA NA 
1783933200.0 161.03 128 234 107 299 224 NA NA NA NA 168 334 149 454 301 NA NA NA NA 659 117 57 214 155 NA NA NA NA 826 164 107 304 165 NA NA NA NA 
1783933200.0 161.1 143 296 560 0 NA NA NA NA NA 188 397 729 0 NA NA NA NA NA 785 201 702 204 NA NA NA NA NA 514 124 647 219 NA NA NA NA NA 
1783933200.0 161.2 139 288 539 0 NA NA NA NA NA 183 415 747 0 NA NA NA NA NA 650 209 699 214 NA NA NA NA NA 436 134 731 232 NA NA NA NA NA 
1783933200.0 161.3 139 289 539 0 NA NA NA NA NA 197 409 719 0 NA NA NA NA NA 662 210 723 214 NA NA NA NA NA 510 188 653 259 NA NA NA NA NA 
1783933200.0 161.4 138 286 541 0 NA NA NA NA NA 185 403 743 0 NA NA NA NA NA 664 205 690 205 NA NA NA NA NA 578 189 676 224 NA NA NA NA NA 
1783933200.0 162.0 137 246 525 127 0 NA NA NA NA 174 353 714 197 0 NA NA NA NA 865 126 647 159 208 NA NA NA NA 725 148 609 180 254 NA NA NA NA 
1783933200.0 162.02 144 245 121 526 126 0 NA NA NA 186 345 159 733 190 0 NA NA NA 853 124 53 650 157 205 NA NA NA 720 127 60 612 173 224 NA NA NA 
1783933200.0 162.03 124 229 106 264 210 NA NA NA NA 165 336 150 447 298 NA NA NA NA 648 127 53 211 147 NA NA NA NA 473 159 62 330 143 NA NA NA NA 
1783933200.0 162.1 139 292 537 0 NA NA NA NA NA 187 407 721 0 NA NA NA NA NA 821 233 732 214 NA NA NA NA NA 600 183 677 231 NA NA NA NA NA 
1783933200.0 162.2 140 287 534 0 NA NA NA NA NA 184 396 731 0 NA NA NA NA NA 647 227 708 213 NA NA NA NA NA 497 147 659 230 NA NA NA NA NA 
1783933200.0 162.3 137 290 537 0 NA NA NA NA NA 184 406 753 0 NA NA NA NA NA 655 225 720 214 NA NA NA NA NA 555 137 674 230 NA NA NA NA NA 
1783933200.0 162.4 139 282 537 0 NA NA NA NA NA 186 414 723 0 NA NA NA NA NA 669 229 702 205 NA NA NA NA NA 433 173 663 220 NA NA NA NA NA 
1783933200.0 163.0 134 356 529 127 0 NA NA NA NA 176 564 730 189 0 NA NA NA NA 860 286 728 156 230 NA NA NA NA 879 320 738 170 378 NA NA NA NA 
1783933200.0 163.02 133 361 175 526 123 0 NA NA NA 184 587 280 738 191 0 NA NA NA 888 275 118 697 164 224 NA NA NA 1355 260 156 857 190 242 NA NA NA 
1783933200.0 163.03 125 346 164 236 182 NA NA NA NA 178 548 275 433 310 NA NA NA NA 650 259 114 232 158 NA NA NA NA 590 245 176 338 145 NA NA NA NA 
1783933200.0 163.1 144 441 579 0 NA NA NA NA NA 195 604 759 0 NA NA NA NA NA 790 369 764 230 NA NA NA NA NA 459 259 720 291 NA NA NA NA NA 
1783933200.0 163.2 140 434 567 0 NA NA NA NA NA 184 631 792 0 NA NA NA NA NA 647 357 718 231 NA NA NA NA NA 481 324 719 314 NA NA NA NA NA 
1783933200.0 163.3 142 441 575 0 NA NA NA NA NA 185 645 743 0 NA NA NA NA NA 648 367 751 221 NA NA NA NA NA 436 253 738 238 NA NA NA NA NA 
1783933200.0 163.4 141 434 573 0 NA NA NA NA NA 185 622 730 0 NA NA NA NA NA 668 356 722 219 NA NA NA NA NA 428 249 694 266 NA NA NA NA NA 
1783933200.0 16434.0 83 597 0 NA NA NA NA NA NA 111 735 0 NA NA NA NA NA NA 54 704 111 NA NA NA NA NA NA 82 670 137 NA NA NA NA NA NA 
1783933200.0 16834.0 146 341 543 0 175 NA NA NA NA 190 433 778 0 287 NA NA NA NA 1056 237 834 186 201 NA NA NA NA 563 148 920 219 241 NA NA NA NA 
1783933200.0 17.0 115 179 365 0 NA NA NA NA NA 205 262 502 0 NA NA NA NA NA 288 144 590 150 NA NA NA NA NA 286 150 569 230 NA NA NA NA NA 
1783933200.0 17034.96 143 129 415 644 0 NA NA NA NA 193 178 556 861 0 NA NA NA NA 1069 720 449 976 203 NA NA NA NA 578 528 235 769 266 NA NA NA NA 
1783933200.0 18.0 114 172 364 0 NA NA NA NA NA 173 259 513 0 NA NA NA NA NA 233 146 578 141 NA NA NA NA NA 215 187 556 153 NA NA NA NA NA 
1783933200.0 180.0 136 296 516 127 0 NA NA NA NA 179 398 697 192 0 NA NA NA NA 431 178 634 162 171 NA NA NA NA 369 137 655 177 219 NA NA NA NA 
1783933200.0 180.1 130 285 503 120 0 NA NA NA NA 204 388 706 188 0 NA NA NA NA 2894 187 647 164 172 NA NA NA NA 1058 123 717 249 187 NA NA NA NA 
1783933200.0 18034.0 83 587 0 NA NA NA NA NA NA 113 727 0 NA NA NA NA NA NA 53 722 111 NA NA NA NA NA NA 92 716 135 NA NA NA NA NA NA 
1783933200.0 181.0 132 298 571 127 0 NA NA NA NA 177 392 737 189 0 NA NA NA NA 430 196 794 166 202 NA NA NA NA 369 130 749 222 219 NA NA NA NA 
1783933200.0 181.1 135 284 554 128 0 NA NA NA NA 198 401 751 189 0 NA NA NA NA 2866 202 806 156 215 NA NA NA NA 1033 134 893 171 303 NA NA NA NA 
1783933200.0 182.0 134 293 568 126 0 NA NA NA NA 175 409 765 191 0 NA NA NA NA 424 206 807 162 203 NA NA NA NA 358 131 848 218 219 NA NA NA NA 
1783933200.0 182.1 130 287 542 121 0 NA NA NA NA 201 394 738 196 0 NA NA NA NA 2984 218 798 164 216 NA NA NA NA 1682 143 754 202 319 NA NA NA NA 
1783933200.0 183.0 130 409 570 122 0 NA NA NA NA 188 553 783 188 0 NA NA NA NA 438 364 868 166 224 NA NA NA NA 406 294 1056 225 247 NA NA NA NA 
1783933200.0 183.01 140 425 602 128 0 NA NA NA NA 186 554 853 190 0 NA NA NA NA 434 342 915 158 216 NA NA NA NA 377 252 927 168 234 NA NA NA NA 
1783933200.0 183.1 135 422 582 128 0 NA NA NA NA 200 560 768 188 0 NA NA NA NA 3014 346 853 169 223 NA NA NA NA 1291 343 910 184 335 NA NA NA NA 
1783933200.0 18434.0 146 570 675 0 173 NA NA NA NA 192 712 874 0 245 NA NA NA NA 1191 547 1201 287 223 NA NA NA NA 1388 605 1787 444 301 NA NA NA NA 
1783933200.0 19.0 117 173 365 0 NA NA NA NA NA 185 260 523 0 NA NA NA NA NA 288 149 596 149 NA NA NA NA NA 243 129 706 241 NA NA NA NA NA 
1783933200.0 2.0 161 187 316 NA NA NA NA NA NA 243 265 412 NA NA NA NA NA NA 851 167 412 NA NA NA NA NA NA 454 169 471 NA NA NA NA NA NA 
1783933200.0 20.0 116 173 362 0 NA NA NA NA NA 175 257 526 0 NA NA NA NA NA 210 146 584 143 NA NA NA NA NA 203 177 628 155 NA NA NA NA NA 
1783933200.0 2017.1 457 0 216 161 NA NA NA NA NA 625 0 306 265 NA NA NA NA NA 401 98 240 172 NA NA NA NA NA 296 112 235 312 NA NA NA NA NA 
1783933200.0 2017.11 499 0 218 175 NA NA NA NA NA 638 0 312 265 NA NA NA NA NA 459 104 312 172 NA NA NA NA NA 526 156 408 264 NA NA NA NA NA 
1783933200.0 2017.12 463 0 213 173 NA NA NA NA NA 626 0 306 260 NA NA NA NA NA 388 102 247 173 NA NA NA NA NA 468 175 383 262 NA NA NA NA NA 
1783933200.0 2017.13 505 0 NA NA NA NA NA NA NA 634 0 NA NA NA NA NA NA NA 416 152 NA NA NA NA NA NA NA 447 243 NA NA NA NA NA NA NA 
1783933200.0 2017.2 414 0 213 172 NA NA NA NA NA 540 0 286 259 NA NA NA NA NA 330 92 232 168 NA NA NA NA NA 387 144 303 262 NA NA NA NA NA 
1783933200.0 2017.3 412 0 208 173 NA NA NA NA NA 522 0 292 271 NA NA NA NA NA 329 94 233 166 NA NA NA NA NA 407 139 352 202 NA NA NA NA NA 
1783933200.0 2017.4 488 0 218 173 NA NA NA NA NA 601 0 303 265 NA NA NA NA NA 374 99 239 170 NA NA NA NA NA 469 164 312 291 NA NA NA NA NA 
1783933200.0 2017.5 460 0 213 172 NA NA NA NA NA 612 0 304 261 NA NA NA NA NA 375 101 235 163 NA NA NA NA NA 525 146 359 204 NA NA NA NA NA 
1783933200.0 2017.6 489 0 218 173 NA NA NA NA NA 596 0 310 260 NA NA NA NA NA 408 104 258 175 NA NA NA NA NA 550 158 421 277 NA NA NA NA NA 
1783933200.0 2017.7 459 0 214 173 NA NA NA NA NA 617 0 296 263 NA NA NA NA NA 383 101 233 165 NA NA NA NA NA 518 186 359 207 NA NA NA NA NA 
1783933200.0 2017.8 222 NA NA NA NA NA NA NA NA 326 NA NA NA NA NA NA NA NA 370 NA NA NA NA NA NA NA NA 335 NA NA NA NA NA NA NA NA 
1783933200.0 2017.9 494 0 217 172 NA NA NA NA NA 624 0 302 257 NA NA NA NA NA 358 104 235 168 NA NA NA NA NA 460 150 339 207 NA NA NA NA NA 
1783933200.0 2018.1 491 0 222 173 NA NA NA NA NA 632 0 311 264 NA NA NA NA NA 415 103 256 169 NA NA NA NA NA 522 162 376 228 NA NA NA NA NA 
1783933200.0 2018.11 496 0 222 173 NA NA NA NA NA 612 0 307 262 NA NA NA NA NA 482 110 326 175 NA NA NA NA NA 560 148 391 249 NA NA NA NA NA 
1783933200.0 2018.12 471 0 216 173 NA NA NA NA NA 650 0 316 269 NA NA NA NA NA 405 106 244 171 NA NA NA NA NA 512 164 347 211 NA NA NA NA NA 
1783933200.0 2018.13 473 0 NA NA NA NA NA NA NA 652 0 NA NA NA NA NA NA NA 437 152 NA NA NA NA NA NA NA 453 227 NA NA NA NA NA NA NA 
1783933200.0 2018.2 413 0 209 172 NA NA NA NA NA 550 0 292 262 NA NA NA NA NA 342 94 236 165 NA NA NA NA NA 488 134 383 211 NA NA NA NA NA 
1783933200.0 2018.3 414 0 209 164 NA NA NA NA NA 546 0 293 258 NA NA NA NA NA 340 96 228 172 NA NA NA NA NA 456 181 310 252 NA NA NA NA NA 
1783933200.0 2018.4 484 0 218 174 NA NA NA NA NA 624 0 305 266 NA NA NA NA NA 386 102 233 172 NA NA NA NA NA 542 182 356 245 NA NA NA NA NA 
1783933200.0 2018.5 492 0 217 172 NA NA NA NA NA 627 0 297 267 NA NA NA NA NA 371 100 248 167 NA NA NA NA NA 502 146 394 201 NA NA NA NA NA 
1783933200.0 2018.6 480 0 221 172 NA NA NA NA NA 604 0 299 264 NA NA NA NA NA 415 105 257 171 NA NA NA NA NA 583 150 437 246 NA NA NA NA NA 
1783933200.0 2018.7 489 0 217 173 NA NA NA NA NA 605 0 304 257 NA NA NA NA NA 383 102 227 167 NA NA NA NA NA 531 139 300 212 NA NA NA NA NA 
1783933200.0 2018.8 207 NA NA NA NA NA NA NA NA 332 NA NA NA NA NA NA NA NA 375 NA NA NA NA NA NA NA NA 403 NA NA NA NA NA NA NA NA 
1783933200.0 2018.9 486 0 217 169 NA NA NA NA NA 605 0 299 258 NA NA NA NA NA 365 100 232 167 NA NA NA NA NA 435 179 289 282 NA NA NA NA NA 
1783933200.0 2022.0000001 NA 212 603 0 NA NA NA NA NA NA 293 777 0 NA NA NA NA NA NA 211 5549 123 NA NA NA NA NA NA 136 1959 139 NA NA NA NA NA 
1783933200.0 2022.0000002 NA 211 548 0 NA NA NA NA NA NA 295 742 0 NA NA NA NA NA NA 221 5308 128 NA NA NA NA NA NA 240 1932 166 NA NA NA NA NA 
1783933200.0 2022.0010001 NA 204 570 0 NA NA NA NA NA NA 295 789 0 NA NA NA NA NA NA 239 5848 122 NA NA NA NA NA NA 167 2085 136 NA NA NA NA NA 
1783933200.0 2022.0010002 NA 201 529 0 NA NA NA NA NA NA 300 725 0 NA NA NA NA NA NA 246 5721 130 NA NA NA NA NA NA 317 2245 152 NA NA NA NA NA 
1783933200.0 2022.0020001 NA 205 581 0 NA NA NA NA NA NA 287 821 0 NA NA NA NA NA NA 233 5963 136 NA NA NA NA NA NA 144 2078 196 NA NA NA NA NA 
1783933200.0 2022.0020002 NA 202 534 0 NA NA NA NA NA NA 285 744 0 NA NA NA NA NA NA 253 5730 139 NA NA NA NA NA NA 275 2328 247 NA NA NA NA NA 
1783933200.0 2023.0000001 NA 211 596 0 NA NA NA NA NA NA 289 802 0 NA NA NA NA NA NA 179 4544 124 NA NA NA NA NA NA 159 1718 157 NA NA NA NA NA 
1783933200.0 2023.0000002 NA 212 563 0 NA NA NA NA NA NA 297 734 0 NA NA NA NA NA NA 180 4435 128 NA NA NA NA NA NA 121 1668 143 NA NA NA NA NA 
1783933200.0 2023.0010001 NA 200 590 0 NA NA NA NA NA NA 286 826 0 NA NA NA NA NA NA 251 7299 132 NA NA NA NA NA NA 535 2641 214 NA NA NA NA NA 
1783933200.0 2023.0010002 NA 209 560 0 NA NA NA NA NA NA 289 756 0 NA NA NA NA NA NA 243 6986 132 NA NA NA NA NA NA 231 2467 186 NA NA NA NA NA 
1783933200.0 2023.0020001 NA 207 638 0 NA NA NA NA NA NA 294 888 0 NA NA NA NA NA NA 242 9773 126 NA NA NA NA NA NA 211 3039 145 NA NA NA NA NA 
1783933200.0 2023.0020002 NA 205 582 0 NA NA NA NA NA NA 277 808 0 NA NA NA NA NA NA 248 9446 133 NA NA NA NA NA NA 225 2975 161 NA NA NA NA NA 
1783933200.0 2024.0000001 NA 213 565 0 NA NA NA NA NA NA 331 762 0 NA NA NA NA NA NA 167 3147 120 NA NA NA NA NA NA 129 1267 136 NA NA NA NA NA 
1783933200.0 2024.0000002 NA 203 515 0 NA NA NA NA NA NA 322 699 0 NA NA NA NA NA NA 174 3142 131 NA NA NA NA NA NA 117 1361 150 NA NA NA NA NA 
1783933200.0 2024.0010001 NA 206 623 0 NA NA NA NA NA NA 318 840 0 NA NA NA NA NA NA 247 8570 127 NA NA NA NA NA NA 237 2790 148 NA NA NA NA NA 
1783933200.0 2024.0010002 NA 203 571 0 NA NA NA NA NA NA 310 764 0 NA NA NA NA NA NA 244 8314 134 NA NA NA NA NA NA 273 2827 161 NA NA NA NA NA 
1783933200.0 2024.0020001 NA 210 578 0 NA NA NA NA NA NA 328 792 0 NA NA NA NA NA NA 191 4800 127 NA NA NA NA NA NA 132 1806 160 NA NA NA NA NA 
1783933200.0 2024.0020002 NA 207 539 0 NA NA NA NA NA NA 308 727 0 NA NA NA NA NA NA 192 4638 130 NA NA NA NA NA NA 147 1744 158 NA NA NA NA NA 
1783933200.0 2024.0030001 NA 207 631 0 NA NA NA NA NA NA 322 861 0 NA NA NA NA NA NA 246 9662 127 NA NA NA NA NA NA 225 2999 149 NA NA NA NA NA 
1783933200.0 2024.0030002 NA 211 577 0 NA NA NA NA NA NA 316 777 0 NA NA NA NA NA NA 248 9382 127 NA NA NA NA NA NA 221 3022 145 NA NA NA NA NA 
1783933200.0 2024.0040001 NA 198 581 0 NA NA NA NA NA NA 320 820 0 NA NA NA NA NA NA 245 6249 125 NA NA NA NA NA NA 293 2160 140 NA NA NA NA NA 
1783933200.0 2024.0040002 NA 199 544 0 NA NA NA NA NA NA 308 758 0 NA NA NA NA NA NA 248 6137 140 NA NA NA NA NA NA 305 2262 163 NA NA NA NA NA 
1783933200.0 2024.0050001 NA 207 636 0 NA NA NA NA NA NA 320 869 0 NA NA NA NA NA NA 249 8633 129 NA NA NA NA NA NA 244 2782 150 NA NA NA NA NA 
1783933200.0 2024.0050002 NA 210 577 0 NA NA NA NA NA NA 345 765 0 NA NA NA NA NA NA 257 8358 136 NA NA NA NA NA NA 270 3013 162 NA NA NA NA NA 
1783933200.0 2024.0060001 NA 213 593 0 NA NA NA NA NA NA 321 775 0 NA NA NA NA NA NA 211 5414 125 NA NA NA NA NA NA 147 1920 140 NA NA NA NA NA 
1783933200.0 2024.0060002 NA 212 548 0 NA NA NA NA NA NA 317 743 0 NA NA NA NA NA NA 216 5305 131 NA NA NA NA NA NA 236 1944 144 NA NA NA NA NA 
1783933200.0 2024.0070001 NA 208 589 0 NA NA NA NA NA NA 311 791 0 NA NA NA NA NA NA 202 5388 126 NA NA NA NA NA NA 144 1892 149 NA NA NA NA NA 
1783933200.0 2024.0070002 NA 209 544 0 NA NA NA NA NA NA 316 742 0 NA NA NA NA NA NA 207 5189 129 NA NA NA NA NA NA 240 1987 149 NA NA NA NA NA 
1783933200.0 2025.0000001 NA 473 699 0 NA NA NA NA NA NA 678 929 0 NA NA NA NA NA NA 1241 6684 159 NA NA NA NA NA NA 1020 2663 192 NA NA NA NA NA 
1783933200.0 2025.0000002 NA 492 618 0 NA NA NA NA NA NA 687 825 0 NA NA NA NA NA NA 1246 6291 157 NA NA NA NA NA NA 739 2307 210 NA NA NA NA NA 
1783933200.0 2025.0010001 NA 508 728 0 NA NA NA NA NA NA 733 984 0 NA NA NA NA NA NA 1662 11206 174 NA NA NA NA NA NA 1341 6050 250 NA NA NA NA NA 
1783933200.0 2025.0010002 NA 515 642 0 NA NA NA NA NA NA 755 862 0 NA NA NA NA NA NA 1637 10360 167 NA NA NA NA NA NA 1329 3711 232 NA NA NA NA NA 
1783933200.0 2025.0020001 NA 504 712 0 NA NA NA NA NA NA 711 970 0 NA NA NA NA NA NA 1534 9612 172 NA NA NA NA NA NA 1264 4616 222 NA NA NA NA NA 
1783933200.0 2025.0020002 NA 498 624 0 NA NA NA NA NA NA 719 859 0 NA NA NA NA NA NA 1522 8588 163 NA NA NA NA NA NA 1080 2938 181 NA NA NA NA NA 
1783933200.0 21.0 115 178 365 0 NA NA NA NA NA 176 257 510 0 NA NA NA NA NA 220 148 613 142 NA NA NA NA NA 271 132 810 155 NA NA NA NA NA 
1783933200.0 22.0 115 176 381 0 NA NA NA NA NA 174 257 522 0 NA NA NA NA NA 226 148 624 139 NA NA NA NA NA 232 132 726 153 NA NA NA NA NA 
1783933200.0 23.0 132 172 373 0 NA NA NA NA NA 187 253 501 0 NA NA NA NA NA 255 105 587 148 NA NA NA NA NA 326 164 759 179 NA NA NA NA NA 
1783933200.0 24.0 148 180 377 0 NA NA NA NA NA 240 271 535 0 NA NA NA NA NA 663 158 626 159 NA NA NA NA NA 354 133 601 176 NA NA NA NA NA 
1783933200.0 25.0 160 190 408 0 127 NA NA NA NA 244 268 538 0 186 NA NA NA NA 823 158 774 155 177 NA NA NA NA 397 132 728 173 210 NA NA NA NA 
1783933200.0 2500.1501 NA 147 NA NA NA NA NA NA NA NA 257 NA NA NA NA NA NA NA NA 2880 NA NA NA NA NA NA NA NA 1018 NA NA NA NA NA NA NA 
1783933200.0 2500.1502 NA 149 NA NA NA NA NA NA NA NA 244 NA NA NA NA NA NA NA NA 7032 NA NA NA NA NA NA NA NA 8249 NA NA NA NA NA NA NA 
1783933200.0 2500.1503 NA 163 NA NA NA NA NA NA NA NA 257 NA NA NA NA NA NA NA NA 3980 NA NA NA NA NA NA NA NA 1245 NA NA NA NA NA NA NA 
1783933200.0 2500.1504 NA 150 NA NA NA NA NA NA NA NA 241 NA NA NA NA NA NA NA NA 9221 NA NA NA NA NA NA NA NA 9392 NA NA NA NA NA NA NA 
1783933200.0 2500.2307 NA 164 NA NA NA NA NA NA NA NA 261 NA NA NA NA NA NA NA NA 3292 NA NA NA NA NA NA NA NA 940 NA NA NA NA NA NA NA 
1783933200.0 2500.231 NA 86 NA NA NA NA NA NA NA NA 154 NA NA NA NA NA NA NA NA 3026 NA NA NA NA NA NA NA NA 1812 NA NA NA NA NA NA NA 
1783933200.0 2500.2311 NA 85 NA NA NA NA NA NA NA NA 148 NA NA NA NA NA NA NA NA 269 NA NA NA NA NA NA NA NA 182 NA NA NA NA NA NA NA 
1783933200.0 2500.2403 NA 119 NA NA NA NA NA NA NA NA 190 NA NA NA NA NA NA NA NA 128 NA NA NA NA NA NA NA NA 158 NA NA NA NA NA NA NA 
1783933200.0 2500.2404 NA 190 NA NA NA NA NA NA NA NA 279 NA NA NA NA NA NA NA NA 938 NA NA NA NA NA NA NA NA 392 NA NA NA NA NA NA NA 
1783933200.0 2500.2405 NA 184 NA NA NA NA NA NA NA NA 275 NA NA NA NA NA NA NA NA 741 NA NA NA NA NA NA NA NA 366 NA NA NA NA NA NA NA 
1783933200.0 2500.3307 NA 163 NA NA NA NA NA NA NA NA 241 NA NA NA NA NA NA NA NA 3089 NA NA NA NA NA NA NA NA 1092 NA NA NA NA NA NA NA 
1783933200.0 2500.3312 NA 98 NA NA NA NA NA NA NA NA 153 NA NA NA NA NA NA NA NA 3492 NA NA NA NA NA NA NA NA 1894 NA NA NA NA NA NA NA 
1783933200.0 2500.3313 NA 98 NA NA NA NA NA NA NA NA 149 NA NA NA NA NA NA NA NA 498 NA NA NA NA NA NA NA NA 347 NA NA NA NA NA NA NA 
1783933200.0 2500.4301 NA 96 NA NA NA NA NA NA NA NA 140 NA NA NA NA NA NA NA NA 5776 NA NA NA NA NA NA NA NA 5888 NA NA NA NA NA NA NA 
1783933200.0 2500.4302 NA 99 NA NA NA NA NA NA NA NA 144 NA NA NA NA NA NA NA NA 663 NA NA NA NA NA NA NA NA 556 NA NA NA NA NA NA NA 
1783933200.0 2500.9101 93 110 NA NA NA NA NA NA NA 120 197 NA NA NA NA NA NA NA 84 101 NA NA NA NA NA NA NA 121 163 NA NA NA NA NA NA NA 
1783933200.0 2500.9102 63 91 110 NA NA NA NA NA NA 101 122 195 NA NA NA NA NA NA 3775 96 96 NA NA NA NA NA NA 4771 84 134 NA NA NA NA NA NA 
1783933200.0 2500.9103 66 96 115 NA NA NA NA NA NA 101 125 199 NA NA NA NA NA NA 445 94 98 NA NA NA NA NA NA 183 91 153 NA NA NA NA NA NA 
1783933200.0 26.0 149 176 376 0 NA NA NA NA NA 233 263 524 0 NA NA NA NA NA 528 151 745 157 NA NA NA NA NA 295 132 764 197 NA NA NA NA NA 
1783933200.0 27.0 161 175 372 0 NA NA NA NA NA 237 257 521 0 NA NA NA NA NA 492 156 608 159 NA NA NA NA NA 280 181 728 234 NA NA NA NA NA 
1783933200.0 27234.0 227 665 757 0 276 NA NA NA NA 283 836 997 0 377 NA NA NA NA 1873 841 1245 271 411 NA NA NA NA 924 544 1115 340 530 NA NA NA NA 
1783933200.0 28.0 163 188 391 0 NA NA NA NA NA 234 271 529 0 NA NA NA NA NA 680 155 635 156 NA NA NA NA NA 352 151 622 186 NA NA NA NA NA 
1783933200.0 280.0 133 178 369 0 NA NA NA NA NA 229 263 505 0 NA NA NA NA NA 755 157 722 158 NA NA NA NA NA 400 135 627 207 NA NA NA NA NA 
1783933200.0 281.0 137 248 494 0 NA NA NA NA NA 212 350 674 0 NA NA NA NA NA 634 168 605 145 NA NA NA NA NA 340 142 550 162 NA NA NA NA NA 
1783933200.0 29.0 150 178 385 0 NA NA NA NA NA 235 265 554 0 NA NA NA NA NA 554 153 735 160 NA NA NA NA NA 309 140 717 199 NA NA NA NA NA 
1783933200.0 29634.0 220 661 783 0 275 NA NA NA NA 274 823 946 0 371 NA NA NA NA 2016 812 1269 274 426 NA NA NA NA 1908 563 1523 352 489 NA NA NA NA 
1783933200.0 3.0 154 185 319 NA NA NA NA NA NA 228 260 425 NA NA NA NA NA NA 1223 134 524 NA NA NA NA NA NA 658 131 492 NA NA NA NA NA NA 
1783933200.0 30.0 139 175 376 0 NA NA NA NA NA 231 263 516 0 NA NA NA NA NA 397 130 598 161 NA NA NA NA NA 276 125 673 278 NA NA NA NA NA 
1783933200.0 3000.0001 NA 610 NA NA NA NA NA NA NA NA 793 NA NA NA NA NA NA NA NA 777 NA NA NA NA NA NA NA NA 473 NA NA NA NA NA NA NA 
1783933200.0 3000.0002 NA 657 NA NA NA NA NA NA NA NA 825 NA NA NA NA NA NA NA NA 881 NA NA NA NA NA NA NA NA 495 NA NA NA NA NA NA NA 
1783933200.0 3000.0003 NA 573 NA NA NA NA NA NA NA NA 824 NA NA NA NA NA NA NA NA 757 NA NA NA NA NA NA NA NA 453 NA NA NA NA NA NA NA 
1783933200.0 3000.0004 NA 594 NA NA NA NA NA NA NA NA 798 NA NA NA NA NA NA NA NA 841 NA NA NA NA NA NA NA NA 564 NA NA NA NA NA NA NA 
1783933200.0 3000.0005 NA 713 NA NA NA NA NA NA NA NA 895 NA NA NA NA NA NA NA NA 1036 NA NA NA NA NA NA NA NA 879 NA NA NA NA NA NA NA 
1783933200.0 30034.0 221 645 766 0 274 NA NA NA NA 273 808 966 0 378 NA NA NA NA 1948 865 1270 267 408 NA NA NA NA 960 486 1150 327 432 NA NA NA NA 
1783933200.0 30434.0 221 651 730 0 260 NA NA NA NA 278 924 953 0 375 NA NA NA NA 1947 874 1295 278 400 NA NA NA NA 1006 657 1514 384 649 NA NA NA NA 
1783933200.0 30834.0 222 645 736 0 269 NA NA NA NA 281 819 983 0 370 NA NA NA NA 1986 868 1274 280 410 NA NA NA NA 1030 549 1084 333 488 NA NA NA NA 
1783933200.0 31.0 152 176 379 0 NA NA NA NA NA 232 262 519 0 NA NA NA NA NA 546 158 612 158 NA NA NA NA NA 333 207 654 234 NA NA NA NA NA 
1783933200.0 31234.0 221 661 760 0 277 NA NA NA NA 278 909 986 0 381 NA NA NA NA 1964 840 1247 275 411 NA NA NA NA 1015 518 1120 381 514 NA NA NA NA 
1783933200.0 32.0 144 180 374 0 NA NA NA NA NA 231 262 500 0 NA NA NA NA NA 668 158 621 159 NA NA NA NA NA 356 142 631 174 NA NA NA NA NA 
1783933200.0 32034.0 222 681 752 0 276 NA NA NA NA 272 947 958 0 378 NA NA NA NA 2435 930 1316 285 434 NA NA NA NA 1638 683 1457 416 529 NA NA NA NA 
1783933200.0 33.0 139 178 378 0 NA NA NA NA NA 233 266 521 0 NA NA NA NA NA 598 156 617 156 NA NA NA NA NA 327 130 610 175 NA NA NA NA NA 
1783933200.0 34.0 146 176 377 0 NA NA NA NA NA 232 263 514 0 NA NA NA NA NA 689 158 626 153 NA NA NA NA NA 386 145 576 169 NA NA NA NA NA 
1783933200.0 34034.0 241 659 787 0 282 NA NA NA NA 294 864 989 0 385 NA NA NA NA 2085 869 1230 272 427 NA NA NA NA 1865 732 1243 391 575 NA NA NA NA 
1783933200.0 34434.0 NA 667 749 0 275 NA NA NA NA NA 844 966 0 381 NA NA NA NA NA 848 1373 269 434 NA NA NA NA NA 667 1320 299 563 NA NA NA NA 
1783933200.0 34434.21 NA 630 368 285 NA NA NA NA NA NA 817 482 374 NA NA NA NA NA NA 820 406 329 NA NA NA NA NA NA 446 345 304 NA NA NA NA NA 
1783933200.0 34434.402 NA 660 348 0 NA NA NA NA NA NA 944 538 0 NA NA NA NA NA NA 840 428 78 NA NA NA NA NA NA 468 417 87 NA NA NA NA NA 
1783933200.0 34434.5 NA 665 277 0 NA NA NA NA NA NA 842 395 0 NA NA NA NA NA NA 868 318 67 NA NA NA NA NA NA 526 308 82 NA NA NA NA NA 
1783933200.0 34434.702 NA 668 747 0 275 NA NA NA NA NA 855 937 0 385 NA NA NA NA NA 850 1368 269 428 NA NA NA NA NA 577 1409 298 486 NA NA NA NA 
1783933200.0 34434.711 NA 663 360 0 NA NA NA NA NA NA 836 459 0 NA NA NA NA NA NA 910 455 106 NA NA NA NA NA NA 715 490 126 NA NA NA NA NA 
1783933200.0 34434.75 NA 710 0 NA NA NA NA NA NA NA 891 0 NA NA NA NA NA NA NA 936 83 NA NA NA NA NA NA NA 492 102 NA NA NA NA NA NA 
1783933200.0 34434.7501 NA 593 0 NA NA NA NA NA NA NA 787 0 NA NA NA NA NA NA NA 814 62 NA NA NA NA NA NA NA 465 89 NA NA NA NA NA NA 
1783933200.0 34434.7502 NA 583 NA NA NA NA NA NA NA NA 760 NA NA NA NA NA NA NA NA 805 NA NA NA NA NA NA NA NA 511 NA NA NA NA NA NA NA 
1783933200.0 34434.7503 NA 746 0 NA NA NA NA NA NA NA 990 0 NA NA NA NA NA NA NA 998 89 NA NA NA NA NA NA NA 530 120 NA NA NA NA NA NA 
1783933200.0 34434.751 NA 699 0 NA NA NA NA NA NA NA 900 0 NA NA NA NA NA NA NA 1012 88 NA NA NA NA NA NA NA 809 126 NA NA NA NA NA NA 
1783933200.0 34434.7521 NA 720 0 NA NA NA NA NA NA NA 883 0 NA NA NA NA NA NA NA 946 83 NA NA NA NA NA NA NA 546 101 NA NA NA NA NA NA 
1783933200.0 34434.7522 NA 713 0 NA NA NA NA NA NA NA 905 0 NA NA NA NA NA NA NA 988 87 NA NA NA NA NA NA NA 639 122 NA NA NA NA NA NA 
1783933200.0 34434.753 NA 701 0 NA NA NA NA NA NA NA 881 0 NA NA NA NA NA NA NA 924 82 NA NA NA NA NA NA NA 497 137 NA NA NA NA NA NA 
1783933200.0 34434.754 NA 704 0 NA NA NA NA NA NA NA 882 0 NA NA NA NA NA NA NA 921 84 NA NA NA NA NA NA NA 487 130 NA NA NA NA NA NA 
1783933200.0 34434.755 NA 702 0 NA NA NA NA NA NA NA 903 0 NA NA NA NA NA NA NA 923 85 NA NA NA NA NA NA NA 494 108 NA NA NA NA NA NA 
1783933200.0 34434.756 NA 709 0 NA NA NA NA NA NA NA 883 0 NA NA NA NA NA NA NA 960 90 NA NA NA NA NA NA NA 568 126 NA NA NA NA NA NA 
1783933200.0 34434.757 NA 693 0 NA NA NA NA NA NA NA 918 0 NA NA NA NA NA NA NA 958 81 NA NA NA NA NA NA NA 541 92 NA NA NA NA NA NA 
1783933200.0 34434.758 NA 720 0 NA NA NA NA NA NA NA 914 0 NA NA NA NA NA NA NA 937 86 NA NA NA NA NA NA NA 546 111 NA NA NA NA NA NA 
1783933200.0 34434.759 NA 601 NA NA NA NA NA NA NA NA 760 NA NA NA NA NA NA NA NA 784 NA NA NA NA NA NA NA NA 451 NA NA NA NA NA NA NA 
1783933200.0 34434.7591 NA 664 NA NA NA NA NA NA NA NA 851 NA NA NA NA NA NA NA NA 875 NA NA NA NA NA NA NA NA 546 NA NA NA NA NA NA NA 
1783933200.0 34434.77 NA 702 0 NA NA NA NA NA NA NA 890 0 NA NA NA NA NA NA NA 931 80 NA NA NA NA NA NA NA 546 101 NA NA NA NA NA NA 
1783933200.0 34434.771 NA 710 0 NA NA NA NA NA NA NA 892 0 NA NA NA NA NA NA NA 941 82 NA NA NA NA NA NA NA 509 106 NA NA NA NA NA NA 
1783933200.0 34434.772 NA 572 NA NA NA NA NA NA NA NA 755 NA NA NA NA NA NA NA NA 763 NA NA NA NA NA NA NA NA 456 NA NA NA NA NA NA NA 
1783933200.0 34434.773 NA 623 NA NA NA NA NA NA NA NA 803 NA NA NA NA NA NA NA NA 844 NA NA NA NA NA NA NA NA 478 NA NA NA NA NA NA NA 
1783933200.0 34434.774 NA 724 NA NA NA NA NA NA NA NA 918 NA NA NA NA NA NA NA NA 1027 NA NA NA NA NA NA NA NA 732 NA NA NA NA NA NA NA 
1783933200.0 34434.775 NA 691 0 NA NA NA NA NA NA NA 895 0 NA NA NA NA NA NA NA 964 80 NA NA NA NA NA NA NA 535 94 NA NA NA NA NA NA 
1783933200.0 34434.9 NA 660 774 0 276 NA NA NA NA NA 853 959 0 379 NA NA NA NA NA 872 1373 271 426 NA NA NA NA NA 791 1325 361 557 NA NA NA NA 
1783933200.0 34434.911 222 662 770 0 276 NA NA NA NA 283 848 923 0 369 NA NA NA NA 3836 2323 2586 676 419 NA NA NA NA 4058 2114 2742 901 475 NA NA NA NA 
1783933200.0 34461.0 NA 624 659 0 258 NA NA NA NA NA 780 859 0 363 NA NA NA NA NA 711 993 229 363 NA NA NA NA NA 503 921 245 366 NA NA NA NA 
1783933200.0 34496.0 NA 597 642 0 250 NA NA NA NA NA 817 864 0 357 NA NA NA NA NA 790 1043 245 371 NA NA NA NA NA 921 979 301 379 NA NA NA NA 
1783933200.0 34500.0 NA 595 648 0 222 NA NA NA NA NA 801 865 0 356 NA NA NA NA NA 780 1034 235 392 NA NA NA NA NA 960 952 250 434 NA NA NA NA 
1783933200.0 34551.85 NA 783 1032 0 271 NA NA NA NA NA 1163 1478 0 374 NA NA NA NA NA 1020 92155 277 382 NA NA NA NA NA 1663 36991 291 432 NA NA NA NA 
1783933200.0 34634.0 NA 1520 2347 0 NA NA NA NA NA NA 2204 3325 0 NA NA NA NA NA NA 5506 8836 315 NA NA NA NA NA NA 3960 3463 379 NA NA NA NA NA 
1783933200.0 34834.0 232 657 778 0 284 NA NA NA NA 295 827 976 0 379 NA NA NA NA 1794 791 1197 239 380 NA NA NA NA 1069 545 1215 305 457 NA NA NA NA 
1783933200.0 35.0 138 179 374 0 NA NA NA NA NA 236 263 517 0 NA NA NA NA NA 582 156 618 151 NA NA NA NA NA 382 155 614 164 NA NA NA NA NA 
1783933200.0 35234.0 233 666 749 0 282 NA NA NA NA 293 857 999 0 373 NA NA NA NA 1752 774 1223 239 369 NA NA NA NA 902 461 1223 325 480 NA NA NA NA 
1783933200.0 35634.0 223 667 775 0 272 NA NA NA NA 279 844 932 0 385 NA NA NA NA 1923 817 1226 263 401 NA NA NA NA 952 452 968 285 393 NA NA NA NA 
1783933200.0 36.0 150 187 401 0 NA NA NA NA NA 226 270 534 0 NA NA NA NA NA 1791 154 805 150 NA NA NA NA NA 734 131 658 164 NA NA NA NA NA 
1783933200.0 36034.0 223 670 793 0 274 NA NA NA NA 276 817 995 0 373 NA NA NA NA 1911 813 1251 272 408 NA NA NA NA 881 446 991 291 437 NA NA NA NA 
1783933200.0 36434.0 84 417 0 NA NA NA NA NA NA 111 556 0 NA NA NA NA NA NA 56 551 128 NA NA NA NA NA NA 71 295 165 NA NA NA NA NA NA 
1783933200.0 36834.0 83 419 0 NA NA NA NA NA NA 114 537 0 NA NA NA NA NA NA 55 536 129 NA NA NA NA NA NA 79 300 158 NA NA NA NA NA NA 
1783933200.0 37.0 149 181 390 0 NA NA NA NA NA 231 274 555 0 NA NA NA NA NA 1029 166 706 156 NA NA NA NA NA 434 140 614 173 NA NA NA NA NA 
1783933200.0 37234.0 236 666 772 0 283 NA NA NA NA 299 943 1014 0 380 NA NA NA NA 1817 783 1195 234 375 NA NA NA NA 1716 604 1320 258 500 NA NA NA NA 
1783933200.0 38.0 138 181 391 0 NA NA NA NA NA 231 262 534 0 NA NA NA NA NA 746 156 663 159 NA NA NA NA NA 369 131 587 181 NA NA NA NA NA 
1783933200.0 39.0 158 181 397 0 NA NA NA NA NA 236 265 524 0 NA NA NA NA NA 1116 161 753 163 NA NA NA NA NA 491 126 611 184 NA NA NA NA NA 
1783933200.0 4.17 NA 108 394 0 170 NA NA NA NA NA 174 518 0 273 NA NA NA NA NA 66 1172 116 279 NA NA NA NA NA 70 932 129 322 NA NA NA NA 
1783933200.0 4.22 NA 210 130 132 0 NA NA NA NA NA 340 196 208 0 NA NA NA NA NA 368 183 103 76 NA NA NA NA NA 344 313 185 125 NA NA NA NA 
1783933200.0 4.29 NA 110 406 0 207 NA NA NA NA NA 177 529 0 286 NA NA NA NA NA 69 1251 114 273 NA NA NA NA NA 81 880 128 271 NA NA NA NA 
1783933200.0 4.4 NA 104 458 0 NA NA NA NA NA NA 185 696 0 NA NA NA NA NA NA 66 1445 123 NA NA NA NA NA NA 89 977 183 NA NA NA NA NA 
1783933200.0 4.41 NA 109 476 0 NA NA NA NA NA NA 180 705 0 NA NA NA NA NA NA 72 1902 123 NA NA NA NA NA NA 120 1117 154 NA NA NA NA NA 
1783933200.0 4.42 NA 107 477 0 NA NA NA NA NA NA 182 749 0 NA NA NA NA NA NA 71 2139 127 NA NA NA NA NA NA 115 1113 155 NA NA NA NA NA 
1783933200.0 4.43 NA 105 457 0 NA NA NA NA NA NA 190 699 0 NA NA NA NA NA NA 71 1428 126 NA NA NA NA NA NA 118 1049 165 NA NA NA NA NA 
1783933200.0 4.44 NA 106 465 0 NA NA NA NA NA NA 184 702 0 NA NA NA NA NA NA 69 1712 122 NA NA NA NA NA NA 128 1036 142 NA NA NA NA NA 
1783933200.0 4.45 NA 107 472 0 NA NA NA NA NA NA 181 712 0 NA NA NA NA NA NA 73 2329 125 NA NA NA NA NA NA 100 1141 146 NA NA NA NA NA 
1783933200.0 4.51 NA 102 468 0 NA NA NA NA NA NA 177 720 0 NA NA NA NA NA NA 74 1913 124 NA NA NA NA NA NA 79 1093 159 NA NA NA NA NA 
1783933200.0 4.52 NA 102 477 0 NA NA NA NA NA NA 184 716 0 NA NA NA NA NA NA 74 2323 127 NA NA NA NA NA NA 104 1131 153 NA NA NA NA NA 
1783933200.0 4.53 NA 103 476 0 NA NA NA NA NA NA 185 709 0 NA NA NA NA NA NA 74 2255 124 NA NA NA NA NA NA 92 1108 154 NA NA NA NA NA 
1783933200.0 4.54 NA 102 469 0 NA NA NA NA NA NA 184 694 0 NA NA NA NA NA NA 74 2223 124 NA NA NA NA NA NA 89 1114 154 NA NA NA NA NA 
1783933200.0 4.55 NA 110 491 0 NA NA NA NA NA NA 186 734 0 NA NA NA NA NA NA 74 2770 122 NA NA NA NA NA NA 155 1208 141 NA NA NA NA NA 
1783933200.0 4.61 NA 104 473 0 NA NA NA NA NA NA 183 698 0 NA NA NA NA NA NA 73 2170 121 NA NA NA NA NA NA 87 1113 148 NA NA NA NA NA 
1783933200.0 4.62 NA 103 467 0 NA NA NA NA NA NA 184 709 0 NA NA NA NA NA NA 74 2205 125 NA NA NA NA NA NA 111 1099 150 NA NA NA NA NA 
1783933200.0 4.63 NA 102 473 0 NA NA NA NA NA NA 181 700 0 NA NA NA NA NA NA 77 2468 125 NA NA NA NA NA NA 187 1168 152 NA NA NA NA NA 
1783933200.0 4.64 NA 108 485 0 NA NA NA NA NA NA 181 707 0 NA NA NA NA NA NA 74 2291 121 NA NA NA NA NA NA 119 1100 140 NA NA NA NA NA 
1783933200.0 4.65 NA 107 502 0 NA NA NA NA NA NA 183 719 0 NA NA NA NA NA NA 77 3180 119 NA NA NA NA NA NA 86 1341 134 NA NA NA NA NA 
1783933200.0 4.71 NA 105 462 0 NA NA NA NA NA NA 177 702 0 NA NA NA NA NA NA 71 1714 125 NA NA NA NA NA NA 105 960 159 NA NA NA NA NA 
1783933200.0 4.72 NA 104 464 0 NA NA NA NA NA NA 183 709 0 NA NA NA NA NA NA 72 2075 116 NA NA NA NA NA NA 119 1149 132 NA NA NA NA NA 
1783933200.0 4.73 NA 104 480 0 NA NA NA NA NA NA 184 712 0 NA NA NA NA NA NA 77 2350 128 NA NA NA NA NA NA 131 1120 154 NA NA NA NA NA 
1783933200.0 4.74 NA 104 468 0 NA NA NA NA NA NA 187 702 0 NA NA NA NA NA NA 73 2057 125 NA NA NA NA NA NA 87 1108 147 NA NA NA NA NA 
1783933200.0 4.75 NA 102 478 0 NA NA NA NA NA NA 181 695 0 NA NA NA NA NA NA 75 2514 126 NA NA NA NA NA NA 99 1161 155 NA NA NA NA NA 
1783933200.0 4000.0 160 190 399 NA NA NA NA NA NA 238 270 526 NA NA NA NA NA NA 836 162 670 NA NA NA NA NA NA 437 150 691 NA NA NA NA NA NA 
1783933200.0 4002.0 162 184 390 NA NA NA NA NA NA 234 263 508 NA NA NA NA NA NA 548 151 617 NA NA NA NA NA NA 313 152 657 NA NA NA NA NA NA 
1783933200.0 4003.0 161 185 388 NA NA NA NA NA NA 234 258 506 NA NA NA NA NA NA 413 131 640 NA NA NA NA NA NA 385 175 859 NA NA NA NA NA NA 
1783933200.0 43.0 139 181 379 0 NA NA NA NA NA 234 263 535 0 NA NA NA NA NA 563 154 644 154 NA NA NA NA NA 308 138 596 170 NA NA NA NA NA 
1783933200.0 44.0 161 186 390 0 NA NA NA NA NA 241 263 508 0 NA NA NA NA NA 1463 148 617 148 NA NA NA NA NA 597 136 587 170 NA NA NA NA NA 
1783933200.0 45.0 143 178 378 0 NA NA NA NA NA 237 267 530 0 NA NA NA NA NA 733 160 640 156 NA NA NA NA NA 374 150 588 169 NA NA NA NA NA 
1783933200.0 5.1 359 0 NA NA NA NA NA NA NA 523 0 NA NA NA NA NA NA NA 382 93 NA NA NA NA NA NA NA 433 141 NA NA NA NA NA NA NA 
1783933200.0 5.2 312 0 NA NA NA NA NA NA NA 406 0 NA NA NA NA NA NA NA 308 84 NA NA NA NA NA NA NA 401 124 NA NA NA NA NA NA NA 
1783933200.0 5.3 313 0 NA NA NA NA NA NA NA 415 0 NA NA NA NA NA NA NA 314 82 NA NA NA NA NA NA NA 423 115 NA NA NA NA NA NA NA 
1783933200.0 5.4 394 0 NA NA NA NA NA NA NA 528 0 NA NA NA NA NA NA NA 346 84 NA NA NA NA NA NA NA 388 95 NA NA NA NA NA NA NA 
1783933200.0 5.5 388 0 NA NA NA NA NA NA NA 499 0 NA NA NA NA NA NA NA 335 92 NA NA NA NA NA NA NA 398 131 NA NA NA NA NA NA NA 
1783933200.0 5.6 389 0 NA NA NA NA NA NA NA 528 0 NA NA NA NA NA NA NA 360 92 NA NA NA NA NA NA NA 372 131 NA NA NA NA NA NA NA 
1783933200.0 5.7 358 0 NA NA NA NA NA NA NA 528 0 NA NA NA NA NA NA NA 370 88 NA NA NA NA NA NA NA 443 117 NA NA NA NA NA NA NA 
1783933200.0 503.0 87 0 NA NA NA NA NA NA NA 114 0 NA NA NA NA NA NA NA 692 51 NA NA NA NA NA NA NA 414 78 NA NA NA NA NA NA NA 
1783933200.0 504.0 93 0 NA NA NA NA NA NA NA 123 0 NA NA NA NA NA NA NA 80 53 NA NA NA NA NA NA NA 83 86 NA NA NA NA NA NA NA 
1783933200.0 505.0 93 0 NA NA NA NA NA NA NA 122 0 NA NA NA NA NA NA NA 79 55 NA NA NA NA NA NA NA 98 94 NA NA NA NA NA NA NA 
1783933200.0 506.0 94 0 NA NA NA NA NA NA NA 124 0 NA NA NA NA NA NA NA 86 52 NA NA NA NA NA NA NA 102 84 NA NA NA NA NA NA NA 
1783933200.0 507.0 88 0 NA NA NA NA NA NA NA 118 0 NA NA NA NA NA NA NA 469 50 NA NA NA NA NA NA NA 302 68 NA NA NA NA NA NA NA 
1783933200.0 508.0 92 0 NA NA NA NA NA NA NA 117 0 NA NA NA NA NA NA NA 79 53 NA NA NA NA NA NA NA 125 84 NA NA NA NA NA NA NA 
1783933200.0 509.0 86 0 NA NA NA NA NA NA NA 114 0 NA NA NA NA NA NA NA 74 52 NA NA NA NA NA NA NA 99 89 NA NA NA NA NA NA NA 
1783933200.0 510.0 88 0 NA NA NA NA NA NA NA 114 0 NA NA NA NA NA NA NA 691 51 NA NA NA NA NA NA NA 430 96 NA NA NA NA NA NA NA 
1783933200.0 511.0 94 0 NA NA NA NA NA NA NA 120 0 NA NA NA NA NA NA NA 2456 49 NA NA NA NA NA NA NA 4856 78 NA NA NA NA NA NA NA 
1783933200.0 512.0 64 91 0 NA NA NA NA NA NA 101 123 0 NA NA NA NA NA NA 3239 104 49 NA NA NA NA NA NA 3733 136 67 NA NA NA NA NA NA 
1783933200.0 513.0 66 95 0 NA NA NA NA NA NA 102 124 0 NA NA NA NA NA NA 848 88 52 NA NA NA NA NA NA 299 93 99 NA NA NA NA NA NA 
1783933200.0 514.0 66 95 0 NA NA NA NA NA NA 101 126 0 NA NA NA NA NA NA 456 78 47 NA NA NA NA NA NA 161 73 60 NA NA NA NA NA NA 
1783933200.0 515.0 64 94 0 NA NA NA NA NA NA 101 121 0 NA NA NA NA NA NA 3234 72 51 NA NA NA NA NA NA 3732 72 94 NA NA NA NA NA NA 
1783933200.0 516.0 66 95 0 NA NA NA NA NA NA 103 122 0 NA NA NA NA NA NA 3365 77 52 NA NA NA NA NA NA 3072 84 81 NA NA NA NA NA NA 
1783933200.0 517.0 65 95 0 NA NA NA NA NA NA 100 124 0 NA NA NA NA NA NA 495 77 51 NA NA NA NA NA NA 228 104 73 NA NA NA NA NA NA 
1783933200.0 518.0 66 95 0 NA NA NA NA NA NA 103 121 0 NA NA NA NA NA NA 3791 80 52 NA NA NA NA NA NA 4728 101 86 NA NA NA NA NA NA 
1783933200.0 519.0 63 95 0 NA NA NA NA NA NA 101 124 0 NA NA NA NA NA NA 3338 74 50 NA NA NA NA NA NA 3634 73 64 NA NA NA NA NA NA 
1783933200.0 520.0 65 95 0 NA NA NA NA NA NA 100 125 0 NA NA NA NA NA NA 495 78 51 NA NA NA NA NA NA 201 98 89 NA NA NA NA NA NA 
1783933200.0 521.0 66 89 0 NA NA NA NA NA NA 101 117 0 NA NA NA NA NA NA 3373 62 50 NA NA NA NA NA NA 1930 82 86 NA NA NA NA NA NA 
1783933200.0 522.0 66 90 0 NA NA NA NA NA NA 103 119 0 NA NA NA NA NA NA 843 62 50 NA NA NA NA NA NA 306 74 79 NA NA NA NA NA NA 
1783933200.0 523.0 66 91 0 NA NA NA NA NA NA 102 119 0 NA NA NA NA NA NA 1019 67 50 NA NA NA NA NA NA 383 79 64 NA NA NA NA NA NA 
1783933200.0 524.0 65 89 0 NA NA NA NA NA NA 100 120 0 NA NA NA NA NA NA 494 62 49 NA NA NA NA NA NA 208 120 66 NA NA NA NA NA NA 
1783933200.0 525.0 64 89 0 NA NA NA NA NA NA 101 117 0 NA NA NA NA NA NA 3353 59 47 NA NA NA NA NA NA 3670 77 59 NA NA NA NA NA NA 
1783933200.0 526.0 66 88 0 NA NA NA NA NA NA 103 117 0 NA NA NA NA NA NA 3331 62 51 NA NA NA NA NA NA 2951 86 80 NA NA NA NA NA NA 
1783933200.0 527.0 65 90 0 NA NA NA NA NA NA 100 121 0 NA NA NA NA NA NA 501 64 48 NA NA NA NA NA NA 223 73 57 NA NA NA NA NA NA 
1783933200.0 528.0 67 86 0 NA NA NA NA NA NA 102 116 0 NA NA NA NA NA NA 3332 62 52 NA NA NA NA NA NA 2598 97 83 NA NA NA NA NA NA 
1783933200.0 529.0 67 87 0 NA NA NA NA NA NA 102 116 0 NA NA NA NA NA NA 3802 63 52 NA NA NA NA NA NA 3461 75 84 NA NA NA NA NA NA 
1783933200.0 530.0 65 91 0 NA NA NA NA NA NA 100 123 0 NA NA NA NA NA NA 500 64 48 NA NA NA NA NA NA 225 76 58 NA NA NA NA NA NA 
1783933200.0 531.0 94 0 NA NA NA NA NA NA NA 222 0 NA NA NA NA NA NA NA 62 53 NA NA NA NA NA NA NA 121 80 NA NA NA NA NA NA NA 
1783933200.0 534.0 235 0 NA NA NA NA NA NA NA 296 0 NA NA NA NA NA NA NA 504 51 NA NA NA NA NA NA NA 634 81 NA NA NA NA NA NA NA 
1783933200.0 535.0 100 0 NA NA NA NA NA NA NA 142 0 NA NA NA NA NA NA NA 551 50 NA NA NA NA NA NA NA 313 85 NA NA NA NA NA NA NA 
1783933200.0 536.0 98 0 NA NA NA NA NA NA NA 150 0 NA NA NA NA NA NA NA 98 52 NA NA NA NA NA NA NA 260 80 NA NA NA NA NA NA NA 
1783933200.0 537.0 100 0 NA NA NA NA NA NA NA 139 0 NA NA NA NA NA NA NA 1612 50 NA NA NA NA NA NA NA 764 66 NA NA NA NA NA NA NA 
1783933200.0 538.0 100 0 NA NA NA NA NA NA NA 141 0 NA NA NA NA NA NA NA 3354 51 NA NA NA NA NA NA NA 3360 88 NA NA NA NA NA NA NA 
1783933200.0 539.0 99 0 NA NA NA NA NA NA NA 127 0 NA NA NA NA NA NA NA 10344 49 NA NA NA NA NA NA NA 16506 72 NA NA NA NA NA NA NA 
1783933200.0 541.0 88 0 NA NA NA NA NA NA NA 114 0 NA NA NA NA NA NA NA 65 53 NA NA NA NA NA NA NA 114 82 NA NA NA NA NA NA NA 
1783933200.0 545.0 86 0 NA NA NA NA NA NA NA 114 0 NA NA NA NA NA NA NA 75 52 NA NA NA NA NA NA NA 135 80 NA NA NA NA NA NA NA 
1783933200.0 551.0 28 95 0 NA NA NA NA NA NA 101 122 0 NA NA NA NA NA NA 1021 119 49 NA NA NA NA NA NA 462 98 65 NA NA NA NA NA NA 
1783933200.0 552.0 65 95 0 NA NA NA NA NA NA 101 129 0 NA NA NA NA NA NA 494 77 49 NA NA NA NA NA NA 225 116 63 NA NA NA NA NA NA 
1783933200.0 554.0 65 94 0 NA NA NA NA NA NA 100 126 0 NA NA NA NA NA NA 2235 77 49 NA NA NA NA NA NA 728 83 67 NA NA NA NA NA NA 
1783933200.0 555.0 66 94 0 NA NA NA NA NA NA 100 125 0 NA NA NA NA NA NA 1445 75 49 NA NA NA NA NA NA 456 81 63 NA NA NA NA NA NA 
1783933200.0 556.0 66 96 0 NA NA NA NA NA NA 101 126 0 NA NA NA NA NA NA 460 100 48 NA NA NA NA NA NA 216 85 62 NA NA NA NA NA NA 
1783933200.0 560.0 92 0 NA NA NA NA NA NA NA 118 0 NA NA NA NA NA NA NA 79 50 NA NA NA NA NA NA NA 110 98 NA NA NA NA NA NA NA 
1783933200.0 561.0 92 0 NA NA NA NA NA NA NA 122 0 NA NA NA NA NA NA NA 80 52 NA NA NA NA NA NA NA 108 77 NA NA NA NA NA NA NA 
1783933200.0 562.0 66 94 0 NA NA NA NA NA NA 102 122 0 NA NA NA NA NA NA 448 80 52 NA NA NA NA NA NA 305 92 86 NA NA NA NA NA NA 
1783933200.0 570.0 84 0 NA NA NA NA NA NA NA 109 0 NA NA NA NA NA NA NA 130 51 NA NA NA NA NA NA NA 141 78 NA NA NA NA NA NA NA 
1783933200.0 571.0 82 0 NA NA NA NA NA NA NA 108 0 NA NA NA NA NA NA NA 145 52 NA NA NA NA NA NA NA 108 82 NA NA NA NA NA NA NA 
1783933200.0 572.0 83 0 NA NA NA NA NA NA NA 105 0 NA NA NA NA NA NA NA 116 50 NA NA NA NA NA NA NA 138 71 NA NA NA NA NA NA NA 
1783933200.0 573.0 84 0 NA NA NA NA NA NA NA 110 0 NA NA NA NA NA NA NA 315 50 NA NA NA NA NA NA NA 207 72 NA NA NA NA NA NA NA 
1783933200.0 574.0 84 0 NA NA NA NA NA NA NA 108 0 NA NA NA NA NA NA NA 303 49 NA NA NA NA NA NA NA 201 64 NA NA NA NA NA NA NA 
1783933200.0 575.0 82 0 NA NA NA NA NA NA NA 106 0 NA NA NA NA NA NA NA 484 52 NA NA NA NA NA NA NA 502 91 NA NA NA NA NA NA NA 
1783933200.0 576.0 83 0 NA NA NA NA NA NA NA 107 0 NA NA NA NA NA NA NA 102 51 NA NA NA NA NA NA NA 86 70 NA NA NA NA NA NA NA 
1783933200.0 577.0 83 0 NA NA NA NA NA NA NA 105 0 NA NA NA NA NA NA NA 93 52 NA NA NA NA NA NA NA 107 69 NA NA NA NA NA NA NA 
1783933200.0 6.0 122 180 360 0 NA NA NA NA NA 173 256 513 0 NA NA NA NA NA 209 141 576 138 NA NA NA NA NA 202 142 582 150 NA NA NA NA NA 
1783933200.0 7.0 120 172 197 118 0 NA NA NA NA 170 248 306 182 0 NA NA NA NA 260 104 198 179 73 NA NA NA NA 340 144 340 287 111 NA NA NA NA 
1783933200.0 7.1 107 160 198 118 0 NA NA NA NA 169 238 314 184 0 NA NA NA NA 458 104 190 171 71 NA NA NA NA 390 142 244 267 123 NA NA NA NA 
1783933200.0 7.2 122 274 328 125 0 NA NA NA NA 169 366 491 192 0 NA NA NA NA 263 136 354 183 96 NA NA NA NA 373 192 469 324 141 NA NA NA NA 
1783933200.0 7.21 113 258 314 124 0 NA NA NA NA 166 347 473 193 0 NA NA NA NA 260 131 330 175 86 NA NA NA NA 242 155 471 234 102 NA NA NA NA 
1783933200.0 7.22 110 203 263 121 0 NA NA NA NA 169 298 412 188 0 NA NA NA NA 258 110 302 170 69 NA NA NA NA 237 141 410 204 83 NA NA NA NA 
1783933200.0 7.23 125 229 322 124 0 NA NA NA NA 169 317 479 196 0 NA NA NA NA 420 119 312 149 91 NA NA NA NA 379 144 310 179 104 NA NA NA NA 
1783933200.0 7.24 130 222 311 119 0 NA NA NA NA 171 313 469 185 0 NA NA NA NA 418 114 318 147 96 NA NA NA NA 416 144 441 159 123 NA NA NA NA 
1783933200.0 7.25 126 331 226 118 0 NA NA NA NA 169 488 391 191 0 NA NA NA NA 426 246 282 161 40 NA NA NA NA 412 245 454 236 51 NA NA NA NA 
1783933200.0 7.3 113 238 301 123 0 NA NA NA NA 165 322 473 192 0 NA NA NA NA 461 126 337 171 92 NA NA NA NA 381 199 501 207 115 NA NA NA NA 
1783933200.0 7.4 111 252 314 125 0 NA NA NA NA 165 349 483 191 0 NA NA NA NA 259 138 339 166 92 NA NA NA NA 243 194 482 200 109 NA NA NA NA 
1783933200.0 7.5 140 312 226 NA NA NA NA NA NA 178 534 333 NA NA NA NA NA NA 571 307 303 NA NA NA NA NA NA 471 299 272 NA NA NA NA NA NA 
1783933200.0 77.0 150 NA NA NA NA NA NA NA NA 439 NA NA NA NA NA NA NA NA 123 NA NA NA NA NA NA NA NA 143 NA NA NA NA NA NA NA NA 
1783933200.0 8.0 118 178 202 101 0 NA NA NA NA 167 250 304 164 0 NA NA NA NA 207 144 197 147 73 NA NA NA NA 377 171 338 228 95 NA NA NA NA 
1783933200.0 8.1 124 288 329 102 0 NA NA NA NA 167 374 510 163 0 NA NA NA NA 227 169 339 144 94 NA NA NA NA 304 203 458 228 133 NA NA NA NA 
1783933200.0 8.2 139 247 327 101 0 NA NA NA NA 182 339 483 163 0 NA NA NA NA 393 162 328 150 97 NA NA NA NA 618 154 441 193 151 NA NA NA NA 
1783933200.0 9.0 126 182 384 0 NA NA NA NA NA 230 265 529 0 NA NA NA NA NA 766 161 663 161 NA NA NA NA NA 422 140 612 175 NA NA NA NA NA 
